15 0.057708 0.167391 0.065417 0.046377
16 0.176250 0.221014 0.301667 0.040580
17 0.063125 0.276812 0.077917 0.052174
17 0.056250 0.038406 0.070000 0.073913
17 0.132917 0.044565 0.075000 0.078986
17 0.201875 0.044565 0.054583 0.083333
17 0.261458 0.040580 0.055417 0.072464
17 0.058542 0.569203 0.061250 0.065942
17 0.306875 0.565942 0.062917 0.062319
17 0.555000 0.567391 0.064167 0.062319
17 0.805625 0.564493 0.077083 0.063768
17 0.059583 0.824638 0.066667 0.060870
17 0.560417 0.827174 0.074167 0.065942
16 0.113542 0.494928 0.177083 0.072464
16 0.368125 0.490942 0.197917 0.067391
16 0.844583 0.491667 0.163333 0.076087
16 0.610417 0.495290 0.183333 0.058696
16 0.175833 0.765217 0.301667 0.057971
16 0.684167 0.764130 0.321667 0.044203
15 0.059375 0.422464 0.076250 0.050725
15 0.304583 0.430797 0.066667 0.045652
15 0.552083 0.426812 0.072500 0.049275
15 0.798958 0.424275 0.063750 0.041304
15 0.061667 0.714130 0.075000 0.044203
15 0.563333 0.711594 0.075833 0.046377
18 0.500208 0.772464 0.988750 0.266667
19 0.499167 0.220290 0.985000 0.244928
20 0.500417 0.493478 0.990833 0.284058
16 0.510625 0.961957 0.168750 0.051449
21 0.499167 0.047826 0.990833 0.094203
21 0.499792 0.218478 0.985417 0.239855
21 0.497708 0.492391 0.992083 0.289130
21 0.500625 0.769203 0.989583 0.267391
21 0.501250 0.952536 0.997500 0.078986
