15 0.180000 0.216304 0.311667 0.044203
15 0.177292 0.477899 0.298750 0.054348
15 0.687917 0.476087 0.338333 0.055072
15 0.121667 0.753623 0.190833 0.062319
15 0.357708 0.756884 0.176250 0.064493
15 0.616458 0.755072 0.187083 0.072464
15 0.868542 0.750725 0.211250 0.068116
16 0.047917 0.042754 0.064167 0.075362
16 0.118542 0.040217 0.072917 0.077536
16 0.191042 0.042391 0.070417 0.083333
16 0.058750 0.532609 0.060000 0.062319
16 0.552292 0.536594 0.075417 0.074638
16 0.059167 0.829348 0.060000 0.065942
16 0.309583 0.828623 0.070833 0.070290
16 0.555417 0.826812 0.067500 0.073913
16 0.799583 0.827536 0.065000 0.075362
16 0.052917 0.274638 0.053333 0.097101
