16 0.057292 0.044928 0.081250 0.086957
16 0.137292 0.047464 0.074583 0.081884
16 0.213958 0.040217 0.081250 0.078986
16 0.053542 0.269928 0.058750 0.067391
16 0.557083 0.269203 0.068333 0.065942
16 0.058750 0.567029 0.065000 0.067391
16 0.309583 0.568116 0.075000 0.055072
16 0.554375 0.567029 0.069583 0.067391
16 0.805417 0.563406 0.075000 0.074638
16 0.057083 0.827536 0.061667 0.072464
15 0.190000 0.217029 0.328333 0.052899
15 0.675208 0.218116 0.304583 0.057971
15 0.127500 0.492391 0.205000 0.070290
15 0.354167 0.492029 0.169167 0.086957
15 0.623542 0.491667 0.205417 0.071739
15 0.864167 0.493478 0.195000 0.069565
15 0.194792 0.769565 0.337083 0.055072
