15 0.194375 0.216667 0.330417 0.039130
15 0.118542 0.489493 0.195417 0.067391
15 0.359792 0.497101 0.183750 0.068116
15 0.610417 0.490217 0.186667 0.068841
15 0.868750 0.491667 0.200000 0.071739
15 0.168542 0.767754 0.289583 0.044203
15 0.677292 0.767391 0.297083 0.043478
15 0.058333 0.040942 0.083333 0.078986
15 0.140833 0.039493 0.079167 0.076087
15 0.210833 0.039130 0.056667 0.075362
15 0.281250 0.042754 0.079167 0.082609
15 0.064583 0.273913 0.070833 0.056522
15 0.060417 0.568478 0.070833 0.060145
15 0.300833 0.567391 0.054167 0.065217
15 0.546875 0.568841 0.049583 0.056522
15 0.806458 0.568478 0.077083 0.063043
15 0.060833 0.822464 0.064167 0.065217
15 0.552917 0.819928 0.050000 0.067391
