16 0.059583 0.043478 0.081667 0.078261
16 0.137917 0.042029 0.069167 0.072464
16 0.216042 0.042029 0.077083 0.081159
16 0.060000 0.308696 0.064167 0.071014
16 0.310417 0.307971 0.075000 0.072464
16 0.551250 0.307246 0.060833 0.063768
16 0.803542 0.305072 0.072917 0.066667
16 0.052083 0.560870 0.051667 0.065217
16 0.557917 0.563406 0.064167 0.067391
16 0.057917 0.824638 0.061667 0.071014
15 0.129375 0.195652 0.206250 0.117391
15 0.373125 0.205435 0.202083 0.110870
15 0.611875 0.202899 0.189583 0.120290
15 0.855833 0.201087 0.180000 0.141304
15 0.180417 0.482971 0.312500 0.103623
15 0.678125 0.478623 0.303750 0.092029
15 0.185833 0.737681 0.315833 0.089855
