16 0.049583 0.043116 0.060000 0.076087
16 0.109375 0.040942 0.057083 0.078986
16 0.182500 0.042754 0.080833 0.084058
16 0.254792 0.043478 0.071250 0.081159
16 0.331667 0.040942 0.077500 0.076087
16 0.051458 0.306159 0.044583 0.065942
16 0.301875 0.305797 0.053750 0.065217
16 0.555417 0.307246 0.069167 0.066667
16 0.808125 0.305797 0.076250 0.065217
16 0.061875 0.562319 0.072083 0.062319
16 0.556875 0.559058 0.063750 0.061594
16 0.060625 0.826449 0.067083 0.067391
15 0.121042 0.202899 0.204583 0.120290
15 0.373750 0.196014 0.213333 0.134058
15 0.619792 0.201812 0.202083 0.128261
15 0.864583 0.205435 0.195000 0.122464
15 0.190625 0.479348 0.321250 0.103623
15 0.670208 0.477536 0.301250 0.107246
15 0.176458 0.740580 0.302917 0.104348
