16 0.052292 0.041304 0.065417 0.079710
16 0.116875 0.044565 0.053750 0.087681
16 0.190000 0.039855 0.078333 0.071014
16 0.265208 0.044203 0.067917 0.072464
16 0.338958 0.043841 0.073750 0.074638
16 0.062292 0.274638 0.067083 0.072464
16 0.060208 0.532609 0.072083 0.062319
16 0.556458 0.531522 0.068750 0.067391
16 0.063125 0.830072 0.073750 0.063043
16 0.309375 0.826449 0.068750 0.074638
16 0.547292 0.855797 0.055417 0.065217
16 0.798125 0.828623 0.057083 0.067391
15 0.203125 0.193841 0.344583 0.092029
15 0.202708 0.441304 0.357917 0.098551
15 0.670417 0.452899 0.290833 0.104348
15 0.114375 0.721014 0.177083 0.120290
15 0.365208 0.722464 0.187083 0.120290
15 0.621458 0.740942 0.201250 0.136957
15 0.870000 0.734783 0.204167 0.115942
