16 0.056875 0.041667 0.073750 0.074638
16 0.132708 0.040580 0.077083 0.079710
16 0.206875 0.044203 0.064583 0.086957
16 0.059167 0.269203 0.065833 0.061594
16 0.548542 0.269928 0.048750 0.070290
16 0.057500 0.597101 0.067500 0.063768
16 0.303542 0.567754 0.062917 0.068841
16 0.554375 0.597101 0.065417 0.063768
16 0.796458 0.566667 0.048750 0.073913
16 0.057500 0.856884 0.065000 0.070290
15 0.182917 0.186957 0.308333 0.105797
15 0.682500 0.181884 0.316667 0.113043
15 0.126458 0.475000 0.187083 0.148551
15 0.365417 0.461957 0.195000 0.125362
15 0.620417 0.476812 0.205000 0.149275
15 0.865625 0.465217 0.201250 0.124638
15 0.188333 0.771014 0.319167 0.097101
