15 0.192708 0.186232 0.332917 0.094203
15 0.193750 0.453986 0.335000 0.092029
15 0.680417 0.447464 0.317500 0.105072
15 0.129375 0.719203 0.201250 0.134058
15 0.372917 0.725725 0.200000 0.131159
15 0.621875 0.722464 0.204583 0.123188
15 0.860000 0.724275 0.185833 0.119565
16 0.057500 0.042391 0.075000 0.076087
16 0.128542 0.041667 0.057083 0.081884
16 0.193333 0.043478 0.064167 0.081159
16 0.257083 0.043841 0.061667 0.081884
16 0.331042 0.042391 0.085417 0.076087
16 0.053125 0.276087 0.048750 0.075362
16 0.053125 0.531522 0.057917 0.067391
16 0.558750 0.529710 0.065000 0.066667
16 0.062708 0.828261 0.081250 0.073913
16 0.308958 0.827536 0.077917 0.072464
16 0.559583 0.826812 0.077500 0.081159
16 0.800833 0.826812 0.076667 0.088406
