15 0.191250 0.191304 0.334167 0.092754
15 0.182917 0.450362 0.304167 0.106522
15 0.671458 0.451812 0.292917 0.102174
15 0.127083 0.722464 0.194167 0.127536
15 0.373542 0.725000 0.202917 0.135507
15 0.608958 0.719565 0.183750 0.126087
15 0.859792 0.718116 0.193750 0.126087
16 0.045625 0.046377 0.057917 0.084058
16 0.111667 0.045290 0.068333 0.081884
16 0.184375 0.040942 0.067083 0.076087
16 0.061667 0.278623 0.070833 0.063043
16 0.064792 0.531522 0.077083 0.074638
16 0.562708 0.534058 0.077083 0.075362
16 0.052500 0.831884 0.055000 0.071014
16 0.302500 0.826812 0.055000 0.071014
16 0.559583 0.823188 0.079167 0.066667
16 0.799792 0.825000 0.072917 0.068841
