15 0.180625 0.180797 0.307083 0.107971
15 0.687083 0.189493 0.340000 0.100725
15 0.131667 0.480435 0.205000 0.155072
15 0.365417 0.463406 0.176667 0.128261
15 0.610625 0.476087 0.183750 0.146377
15 0.861667 0.459783 0.185833 0.125362
16 0.048333 0.042754 0.060833 0.079710
16 0.117917 0.045290 0.068333 0.084783
16 0.059792 0.275000 0.067917 0.077536
16 0.562708 0.275362 0.085417 0.063768
16 0.058750 0.597826 0.070000 0.062319
16 0.309375 0.564493 0.075417 0.065217
16 0.554792 0.590942 0.070417 0.058696
16 0.798333 0.571739 0.063333 0.081159
