15 0.232250 0.304917 0.108640 0.097138
15 0.641004 0.137646 0.216139 0.085046
15 0.745509 0.266223 0.165669 0.064893
15 0.724979 0.660218 0.355575 0.080613
15 0.705161 0.804111 0.315940 0.166868
16 0.322926 0.773478 0.101226 0.054010
16 0.215284 0.821040 0.130026 0.052398
16 0.090106 0.744861 0.066724 0.057235
16 0.244511 0.906086 0.305960 0.083837
16 0.712575 0.924023 0.071286 0.036679
16 0.779156 0.920798 0.058455 0.047965
15 0.072997 0.107819 0.095808 0.133414
16 0.747077 0.485288 0.075278 0.103990
