15 0.078557 0.220879 0.111491 0.126562
15 0.273025 0.471181 0.123467 0.060459
16 0.265184 0.367191 0.077559 0.051592
16 0.803251 0.820637 0.095808 0.051592
15 0.811662 0.716445 0.101226 0.139057
15 0.923296 0.024385 0.099800 0.038291
16 0.273738 0.752318 0.071286 0.035873
16 0.432278 0.748287 0.075848 0.023781
16 0.099943 0.718057 0.084688 0.041516
15 0.076989 0.652559 0.059310 0.026602
15 0.269033 0.701129 0.068149 0.050383
15 0.608782 0.519347 0.042772 0.067312
15 0.750356 0.513704 0.041916 0.064893
15 0.871400 0.506046 0.040490 0.064893
16 0.943541 0.256147 0.042201 0.076179
16 0.545195 0.265820 0.045053 0.090689
16 0.986598 0.110641 0.026804 0.056026
