15 0.488714 0.094525 0.538089 0.039635
15 0.201330 0.143855 0.192261 0.021956
15 0.649335 0.135158 0.263603 0.026233
15 0.652156 0.239378 0.263603 0.037354
15 0.182588 0.245366 0.142684 0.031651
15 0.154575 0.341888 0.130189 0.029655
15 0.682386 0.325920 0.342604 0.033077
16 0.480250 0.274879 0.071342 0.042772
16 0.853083 0.269461 0.054414 0.038209
16 0.848448 0.173368 0.032245 0.043912
15 0.357114 0.201454 0.097541 0.020816
15 0.166264 0.205304 0.088271 0.017679
15 0.313583 0.591816 0.361145 0.095523
15 0.216647 0.652695 0.108424 0.026233
15 0.205159 0.739378 0.125756 0.026233
15 0.225111 0.826632 0.150343 0.040490
