15 0.074137 0.149738 0.134588 0.073761
15 0.411605 0.037283 0.614485 0.068118
15 0.742372 0.314994 0.290562 0.124547
15 0.843313 0.030633 0.082407 0.043531
15 0.578415 0.574768 0.092672 0.081419
15 0.731679 0.582023 0.115768 0.062878
15 0.888081 0.589883 0.113202 0.047158
15 0.747077 0.526602 0.181352 0.032648
15 0.215711 0.713624 0.235244 0.101975
15 0.228258 0.353486 0.155974 0.112052
16 0.325777 0.177751 0.319076 0.098347
16 0.543199 0.302096 0.034788 0.062475
16 0.916595 0.325675 0.029370 0.074164
