2 0.056875 0.04492753623188406 0.07708333333333334 0.08550724637681159
2 0.13395833333333335 0.041666666666666664 0.06625 0.07753623188405798
2 0.06166666666666667 0.2768115942028986 0.06583333333333334 0.06666666666666667
2 0.052083333333333336 0.571376811594203 0.055 0.06884057971014493
2 0.30541666666666667 0.5684782608695652 0.06333333333333334 0.0746376811594203
2 0.5575 0.5677536231884058 0.07583333333333334 0.07898550724637682
2 0.8035416666666667 0.5971014492753624 0.06875 0.07246376811594203
1 0.12395833333333334 0.49746376811594206 0.2004166666666667 0.06739130434782609
1 0.36520833333333336 0.4971014492753623 0.18958333333333335 0.07536231884057971
1 0.6191666666666668 0.49384057971014494 0.19583333333333336 0.06739130434782609
1 0.8618750000000001 0.5101449275362319 0.18625 0.08985507246376812
7 0.06291666666666668 0.4257246376811594 0.07916666666666668 0.05434782608695652
7 0.06166666666666667 0.16594202898550725 0.07333333333333333 0.04782608695652174
1 0.19020833333333334 0.21956521739130436 0.33625000000000005 0.042028985507246375
7 0.2985416666666667 0.42789855072463767 0.06875 0.04565217391304348
7 0.5454166666666667 0.42318840579710143 0.05916666666666667 0.04927536231884058
7 0.8052083333333334 0.4260869565217391 0.08458333333333334 0.07391304347826087
7 0.057708333333333334 0.7355072463768116 0.05708333333333334 0.0536231884057971
7 0.5525 0.7391304347826088 0.07333333333333333 0.05652173913043478
1 0.19291666666666668 0.7981884057971015 0.325 0.058695652173913045
1 0.6989583333333333 0.7956521739130434 0.37375 0.07101449275362319
2 0.065625 0.8554347826086957 0.08958333333333333 0.07753623188405798
2 0.5539583333333333 0.85 0.06791666666666667 0.07681159420289856
4 0.4997916666666667 0.22282608695652173 0.9895833333333334 0.25144927536231887
6 0.1275 0.5 0.24583333333333335 0.29130434782608694
6 0.3747916666666667 0.4960144927536232 0.2579166666666667 0.31231884057971016
6 0.6227083333333334 0.5021739130434782 0.24958333333333335 0.3072463768115942
6 0.8720833333333334 0.5079710144927536 0.255 0.31884057971014496
5 0.25104166666666666 0.7992753623188406 0.4970833333333334 0.2826086956521739
5 0.7508333333333334 0.8010869565217391 0.49583333333333335 0.2891304347826087
3 0.5027083333333333 0.051811594202898555 0.9879166666666668 0.09927536231884058
3 0.503125 0.2217391304347826 0.9929166666666668 0.25507246376811593
3 0.500625 0.5072463768115942 0.9979166666666668 0.33768115942028987
3 0.5010416666666667 0.8039855072463769 0.9970833333333334 0.2963768115942029
