2 0.05 0.040942028985507244 0.07 0.08188405797101449
2 0.11708333333333334 0.04384057971014493 0.058333333333333334 0.08623188405797101
2 0.18770833333333334 0.041666666666666664 0.07958333333333334 0.07608695652173914
2 0.2685416666666667 0.04057971014492753 0.08041666666666668 0.07101449275362319
2 0.3441666666666667 0.03949275362318841 0.07500000000000001 0.07753623188405798
2 0.059791666666666674 0.3079710144927536 0.07291666666666667 0.06811594202898551
2 0.30395833333333333 0.3050724637681159 0.07625 0.06521739130434782
2 0.5535416666666667 0.30181159420289855 0.06875 0.06884057971014493
2 0.8008333333333334 0.3072463768115942 0.06833333333333334 0.06956521739130435
7 0.06333333333333334 0.16304347826086957 0.07833333333333334 0.052173913043478265
7 0.30333333333333334 0.15942028985507248 0.07500000000000001 0.06666666666666667
7 0.5520833333333334 0.16557971014492753 0.07416666666666667 0.051449275362318844
7 0.805625 0.161231884057971 0.07541666666666667 0.06304347826086956
1 0.10791666666666667 0.2282608695652174 0.16583333333333333 0.0782608695652174
1 0.3695833333333334 0.2289855072463768 0.20916666666666667 0.07246376811594203
1 0.6164583333333333 0.23442028985507246 0.19541666666666668 0.07898550724637682
1 0.8654166666666667 0.23079710144927537 0.1991666666666667 0.06884057971014493
6 0.12979166666666667 0.23043478260869565 0.23958333333333334 0.2797101449275362
6 0.3772916666666667 0.2318840579710145 0.24708333333333335 0.2898550724637681
6 0.6216666666666667 0.2311594202898551 0.25 0.30289855072463767
6 0.8716666666666667 0.22934782608695653 0.24583333333333335 0.2992753623188406
3 0.499375 0.04782608695652174 0.9929166666666668 0.09565217391304348
3 0.5016666666666667 0.2326086956521739 0.9958333333333333 0.2942028985507246
