2 0.05291666666666667 0.04021739130434783 0.07 0.07898550724637682
2 0.116875 0.041666666666666664 0.06208333333333334 0.08333333333333333
2 0.18666666666666668 0.040942028985507244 0.07500000000000001 0.07753623188405798
2 0.05458333333333334 0.27210144927536234 0.0675 0.07608695652173914
2 0.5493750000000001 0.2673913043478261 0.061250000000000006 0.07101449275362319
2 0.06416666666666668 0.538768115942029 0.07833333333333334 0.08333333333333333
7 0.0575 0.15688405797101448 0.060833333333333336 0.051449275362318844
7 0.5520833333333334 0.15688405797101448 0.058333333333333334 0.051449275362318844
7 0.063125 0.42536231884057973 0.08458333333333334 0.04782608695652174
1 0.18812500000000001 0.21014492753623187 0.3279166666666667 0.057971014492753624
1 0.6837500000000001 0.21485507246376812 0.3275 0.06884057971014493
1 0.19583333333333336 0.4822463768115942 0.3516666666666667 0.058695652173913045
5 0.24958333333333335 0.2257246376811594 0.49583333333333335 0.27318840579710146
5 0.74875 0.213768115942029 0.5016666666666667 0.26666666666666666
4 0.4997916666666667 0.4742753623188406 0.9962500000000001 0.2688405797101449
3 0.500625 0.04855072463768116 0.9862500000000001 0.09710144927536232
3 0.5002083333333334 0.2170289855072464 0.99875 0.2644927536231884
3 0.4997916666666667 0.47608695652173916 0.9995833333333334 0.2768115942028986
