2 0.0475 0.042753623188405795 0.06666666666666667 0.08260869565217391
2 0.12020833333333335 0.03985507246376812 0.08208333333333334 0.07971014492753624
2 0.19979166666666667 0.040942028985507244 0.08208333333333334 0.08043478260869566
2 0.061875000000000006 0.30978260869565216 0.08208333333333334 0.08043478260869566
2 0.30895833333333333 0.3061594202898551 0.08208333333333334 0.08043478260869566
2 0.5593750000000001 0.3061594202898551 0.08208333333333334 0.08043478260869566
2 0.8043750000000001 0.30471014492753623 0.08208333333333334 0.08043478260869566
2 0.055625 0.557608695652174 0.06708333333333334 0.07173913043478261
2 0.5577083333333334 0.5561594202898551 0.06708333333333334 0.07173913043478261
2 0.06145833333333334 0.825 0.06708333333333334 0.07173913043478261
7 0.31354166666666666 0.15108695652173912 0.07875 0.07608695652173914
7 0.061875000000000006 0.15905797101449276 0.07875 0.07608695652173914
7 0.5577083333333334 0.15760869565217392 0.07875 0.07608695652173914
7 0.801875 0.15615942028985508 0.07875 0.07608695652173914
7 0.06270833333333334 0.4489130434782609 0.07875 0.07608695652173914
7 0.561875 0.45181159420289857 0.07875 0.07608695652173914
7 0.059583333333333335 0.7199275362318841 0.0775 0.0572463768115942
1 0.12270833333333334 0.23079710144927537 0.19708333333333333 0.06739130434782609
1 0.3795833333333334 0.23623188405797102 0.21416666666666667 0.06666666666666667
1 0.6208333333333333 0.23043478260869565 0.21416666666666667 0.06666666666666667
1 0.8629166666666668 0.2289855072463768 0.21416666666666667 0.06666666666666667
1 0.18104166666666668 0.5105072463768116 0.3179166666666667 0.042753623188405795
1 0.6781250000000001 0.5039855072463768 0.3179166666666667 0.042753623188405795
1 0.18520833333333334 0.7735507246376812 0.3179166666666667 0.042753623188405795
6 0.12895833333333334 0.2311594202898551 0.24791666666666667 0.2811594202898551
6 0.37562500000000004 0.23840579710144927 0.24791666666666667 0.2811594202898551
6 0.6227083333333334 0.24057971014492754 0.24791666666666667 0.2811594202898551
6 0.8756250000000001 0.24057971014492754 0.24791666666666667 0.2811594202898551
5 0.2541666666666667 0.5094202898550725 0.49083333333333334 0.26811594202898553
5 0.7541666666666668 0.5115942028985507 0.49083333333333334 0.26811594202898553
4 0.5027083333333333 0.782608695652174 0.99375 0.26666666666666666
3 0.5002083333333334 0.04746376811594203 0.9845833333333334 0.08623188405797101
3 0.499375 0.2286231884057971 0.9845833333333334 0.2891304347826087
3 0.5010416666666667 0.5090579710144928 0.9854166666666667 0.26304347826086955
3 0.5068750000000001 0.7692028985507247 0.9854166666666667 0.26304347826086955
