2 0.05458333333333334 0.042391304347826085 0.07500000000000001 0.08478260869565217
2 0.13437500000000002 0.042391304347826085 0.08041666666666668 0.08478260869565217
2 0.20395833333333335 0.04021739130434783 0.06291666666666668 0.07898550724637682
2 0.27166666666666667 0.04021739130434783 0.06416666666666668 0.07898550724637682
2 0.343125 0.040942028985507244 0.07875 0.0746376811594203
2 0.05604166666666667 0.3079710144927536 0.059583333333333335 0.07681159420289856
2 0.31104166666666666 0.2996376811594203 0.07208333333333333 0.07608695652173914
2 0.5552083333333334 0.30543478260869567 0.07208333333333333 0.07608695652173914
2 0.7985416666666667 0.3061594202898551 0.07208333333333333 0.07608695652173914
2 0.06104166666666667 0.5909420289855073 0.07208333333333333 0.07608695652173914
2 0.3060416666666667 0.5981884057971014 0.07208333333333333 0.07608695652173914
2 0.5572916666666667 0.5938405797101449 0.07208333333333333 0.07608695652173914
2 0.7981250000000001 0.5989130434782609 0.07208333333333333 0.07608695652173914
7 0.061250000000000006 0.16521739130434782 0.07416666666666667 0.06376811594202898
7 0.30625 0.1644927536231884 0.07416666666666667 0.06376811594202898
7 0.5554166666666667 0.16304347826086957 0.07416666666666667 0.06376811594202898
7 0.795 0.16666666666666666 0.07416666666666667 0.06376811594202898
7 0.0575 0.44710144927536233 0.07416666666666667 0.06376811594202898
7 0.30083333333333334 0.4565217391304348 0.07416666666666667 0.06376811594202898
7 0.5570833333333334 0.4463768115942029 0.07416666666666667 0.06376811594202898
7 0.7970833333333334 0.45362318840579713 0.07416666666666667 0.06376811594202898
1 0.11354166666666668 0.23043478260869565 0.17708333333333334 0.08115942028985507
1 0.3564583333333334 0.23043478260869565 0.17708333333333334 0.08115942028985507
1 0.6206250000000001 0.22608695652173913 0.19958333333333333 0.07536231884057971
1 0.859375 0.23478260869565218 0.19958333333333333 0.07536231884057971
1 0.12479166666666668 0.5231884057971015 0.19958333333333333 0.07536231884057971
1 0.3722916666666667 0.5231884057971015 0.19958333333333333 0.07536231884057971
1 0.613125 0.5231884057971015 0.19958333333333333 0.07536231884057971
1 0.8602083333333334 0.5268115942028986 0.19958333333333333 0.07536231884057971
6 0.12916666666666668 0.23369565217391305 0.24666666666666667 0.286231884057971
6 0.37333333333333335 0.23297101449275362 0.24666666666666667 0.286231884057971
6 0.6208333333333333 0.2358695652173913 0.24666666666666667 0.286231884057971
6 0.8679166666666667 0.23876811594202899 0.24666666666666667 0.286231884057971
6 0.12312500000000001 0.5228260869565218 0.24625000000000002 0.286231884057971
6 0.37375 0.5221014492753623 0.24666666666666667 0.286231884057971
6 0.6216666666666667 0.5228260869565218 0.24666666666666667 0.286231884057971
6 0.8679166666666667 0.5213768115942029 0.24666666666666667 0.286231884057971
3 0.5008333333333334 0.04673913043478261 0.9916666666666667 0.09202898550724638
3 0.5033333333333334 0.23152173913043478 0.9908333333333333 0.27318840579710146
3 0.5039583333333334 0.519927536231884 0.9912500000000001 0.27318840579710146
