2 0.05291666666666667 0.04057971014492753 0.07 0.07971014492753624
2 0.12833333333333335 0.03949275362318841 0.07 0.07898550724637682
2 0.19833333333333333 0.03949275362318841 0.07 0.07898550724637682
2 0.06604166666666667 0.30036231884057973 0.08625000000000001 0.0746376811594203
2 0.309375 0.302536231884058 0.08625000000000001 0.0746376811594203
2 0.5585416666666667 0.3068840579710145 0.08625000000000001 0.0746376811594203
2 0.8043750000000001 0.3076086956521739 0.08625000000000001 0.0746376811594203
2 0.066875 0.557608695652174 0.08625000000000001 0.0746376811594203
2 0.561875 0.5583333333333333 0.08625000000000001 0.0746376811594203
2 0.052083333333333336 0.8231884057971015 0.0575 0.07246376811594203
7 0.06166666666666667 0.15942028985507248 0.0675 0.0463768115942029
7 0.3045833333333334 0.16159420289855073 0.0675 0.0463768115942029
7 0.5537500000000001 0.16521739130434782 0.0675 0.0463768115942029
7 0.7958333333333334 0.16521739130434782 0.0675 0.0463768115942029
7 0.058333333333333334 0.45362318840579713 0.0675 0.0463768115942029
7 0.55625 0.45 0.0675 0.0463768115942029
7 0.05791666666666667 0.713768115942029 0.0675 0.0463768115942029
1 0.11666666666666667 0.2318840579710145 0.17916666666666667 0.07391304347826087
1 0.37270833333333336 0.23369565217391305 0.20708333333333334 0.08478260869565217
1 0.6197916666666667 0.2322463768115942 0.20708333333333334 0.08478260869565217
1 0.8660416666666667 0.22717391304347825 0.20708333333333334 0.08478260869565217
1 0.1847916666666667 0.511231884057971 0.3229166666666667 0.04565217391304348
1 0.680625 0.5032608695652174 0.3229166666666667 0.04565217391304348
1 0.1897916666666667 0.7670289855072464 0.3229166666666667 0.04565217391304348
6 0.1325 0.23297101449275362 0.24083333333333334 0.2847826086956522
6 0.37375 0.24166666666666667 0.24083333333333334 0.2847826086956522
6 0.6216666666666667 0.23659420289855074 0.24083333333333334 0.2847826086956522
6 0.8700000000000001 0.23152173913043478 0.24083333333333334 0.2847826086956522
5 0.2522916666666667 0.5159420289855072 0.4879166666666667 0.26956521739130435
5 0.7452083333333334 0.5144927536231884 0.4879166666666667 0.26956521739130435
4 0.5027083333333333 0.7670289855072464 0.9904166666666667 0.24855072463768116
3 0.5020833333333333 0.04818840579710145 0.9950000000000001 0.09492753623188406
3 0.499375 0.23152173913043478 0.99875 0.29492753623188406
3 0.49833333333333335 0.5101449275362319 0.9966666666666667 0.25217391304347825
3 0.5010416666666667 0.7731884057971015 0.9970833333333334 0.25217391304347825
