2 0.055625 0.042753623188405795 0.07708333333333334 0.08115942028985507
2 0.12541666666666668 0.041666666666666664 0.060000000000000005 0.08333333333333333
2 0.058958333333333335 0.28043478260869564 0.06208333333333334 0.08260869565217391
2 0.06479166666666666 0.5329710144927536 0.08375 0.07028985507246377
2 0.5602083333333334 0.533695652173913 0.08375 0.07028985507246377
2 0.06479166666666666 0.8257246376811594 0.08375 0.07028985507246377
2 0.30895833333333333 0.8286231884057971 0.08375 0.07028985507246377
2 0.561875 0.8242753623188406 0.08375 0.07028985507246377
2 0.8052083333333334 0.8228260869565217 0.08375 0.07028985507246377
7 0.07125000000000001 0.16594202898550725 0.0825 0.05507246376811594
7 0.06583333333333334 0.4260869565217391 0.0825 0.05507246376811594
7 0.5608333333333334 0.42028985507246375 0.0825 0.05507246376811594
7 0.060833333333333336 0.682608695652174 0.0825 0.05507246376811594
7 0.30791666666666667 0.6884057971014493 0.0825 0.05507246376811594
7 0.5595833333333333 0.6833333333333333 0.0825 0.05507246376811594
7 0.8037500000000001 0.6818840579710145 0.0825 0.05507246376811594
1 0.17750000000000002 0.2170289855072464 0.3066666666666667 0.04710144927536232
1 0.1875 0.4746376811594203 0.33 0.04492753623188406
1 0.6845833333333334 0.47681159420289854 0.33 0.04492753623188406
1 0.12666666666666668 0.7543478260869565 0.20083333333333334 0.0782608695652174
1 0.3691666666666667 0.7608695652173914 0.20083333333333334 0.0782608695652174
1 0.6141666666666667 0.7514492753623189 0.20083333333333334 0.0782608695652174
1 0.8666666666666667 0.75 0.20083333333333334 0.0782608695652174
4 0.5058333333333334 0.2217391304347826 0.9875 0.25507246376811593
5 0.2497916666666667 0.47608695652173916 0.48958333333333337 0.26521739130434785
5 0.7489583333333334 0.47753623188405797 0.48958333333333337 0.26521739130434785
6 0.12833333333333335 0.7518115942028986 0.24666666666666667 0.29347826086956524
6 0.37125 0.7576086956521739 0.24666666666666667 0.29347826086956524
6 0.6233333333333334 0.7619565217391304 0.24666666666666667 0.29347826086956524
6 0.8720833333333334 0.7605072463768116 0.24666666666666667 0.29347826086956524
3 0.50375 0.050724637681159424 0.9916666666666667 0.1
3 0.5033333333333334 0.21920289855072464 0.9925 0.24855072463768116
3 0.5033333333333334 0.47789855072463766 0.9925 0.24855072463768116
3 0.5033333333333334 0.7619565217391304 0.9925 0.3079710144927536
