2 0.05604166666666667 0.042753623188405795 0.07791666666666668 0.0782608695652174
2 0.13437500000000002 0.042753623188405795 0.07791666666666668 0.0782608695652174
2 0.063125 0.26594202898550723 0.07791666666666668 0.0782608695652174
2 0.5622916666666667 0.2702898550724638 0.07791666666666668 0.0782608695652174
2 0.06145833333333334 0.5355072463768116 0.07791666666666668 0.0782608695652174
2 0.06145833333333334 0.8289855072463769 0.07791666666666668 0.0782608695652174
2 0.309375 0.8289855072463769 0.07791666666666668 0.0782608695652174
2 0.5577083333333334 0.8253623188405798 0.07791666666666668 0.0782608695652174
2 0.800625 0.8282608695652174 0.07791666666666668 0.0782608695652174
7 0.05708333333333334 0.15434782608695652 0.0575 0.0463768115942029
7 0.5516666666666667 0.1565217391304348 0.0575 0.0463768115942029
7 0.05791666666666667 0.42391304347826086 0.0575 0.0463768115942029
7 0.052083333333333336 0.6876811594202898 0.0575 0.0463768115942029
7 0.30291666666666667 0.6920289855072463 0.0575 0.0463768115942029
7 0.5491666666666667 0.6804347826086956 0.0575 0.0463768115942029
7 0.795 0.686231884057971 0.0575 0.0463768115942029
1 0.17645833333333336 0.21304347826086956 0.30125 0.05507246376811594
1 0.6735416666666667 0.213768115942029 0.30125 0.05507246376811594
1 0.18666666666666668 0.47246376811594204 0.32083333333333336 0.04927536231884058
1 0.12125000000000001 0.7525362318840579 0.1875 0.08333333333333333
1 0.3639583333333334 0.7539855072463768 0.19208333333333336 0.07898550724637682
1 0.6127083333333334 0.7532608695652174 0.19208333333333336 0.07898550724637682
1 0.8652083333333334 0.7532608695652174 0.19208333333333336 0.07898550724637682
5 0.2522916666666667 0.21666666666666667 0.48875 0.263768115942029
5 0.7485416666666667 0.21739130434782608 0.48875 0.263768115942029
4 0.4997916666666667 0.47934782608695653 0.9995833333333334 0.25
6 0.12520833333333334 0.7481884057971014 0.24541666666666667 0.286231884057971
6 0.3722916666666667 0.7532608695652174 0.24541666666666667 0.286231884057971
6 0.6197916666666667 0.7568840579710145 0.24541666666666667 0.286231884057971
6 0.8689583333333334 0.7554347826086957 0.24541666666666667 0.286231884057971
3 0.5002083333333334 0.04710144927536232 0.9912500000000001 0.08985507246376812
3 0.5002083333333334 0.22065217391304348 0.9945833333333334 0.2673913043478261
3 0.5022916666666667 0.4822463768115942 0.9945833333333334 0.2673913043478261
3 0.5022916666666667 0.761231884057971 0.9945833333333334 0.31376811594202897
