2 0.052083333333333336 0.042753623188405795 0.07 0.08405797101449275
2 0.12729166666666666 0.042753623188405795 0.08041666666666668 0.08550724637681159
2 0.20895833333333336 0.043115942028985506 0.08375 0.08478260869565217
2 0.2885416666666667 0.042028985507246375 0.08375 0.08405797101449275
2 0.3685416666666667 0.043115942028985506 0.08375 0.08478260869565217
2 0.06270833333333334 0.3032608695652174 0.08375 0.08478260869565217
2 0.30770833333333336 0.3032608695652174 0.08375 0.08478260869565217
2 0.5539583333333333 0.3032608695652174 0.08375 0.08478260869565217
2 0.7931250000000001 0.30181159420289855 0.061250000000000006 0.0746376811594203
2 0.060208333333333336 0.5605072463768116 0.07375000000000001 0.0644927536231884
2 0.5577083333333334 0.5626811594202898 0.07375000000000001 0.0644927536231884
7 0.04833333333333334 0.16884057971014493 0.04833333333333334 0.06376811594202898
7 0.30583333333333335 0.16594202898550725 0.06666666666666667 0.06231884057971015
7 0.5504166666666667 0.16086956521739132 0.06666666666666667 0.06231884057971015
7 0.8008333333333334 0.1681159420289855 0.06666666666666667 0.06231884057971015
7 0.05604166666666667 0.45217391304347826 0.059583333333333335 0.050724637681159424
7 0.558125 0.45217391304347826 0.059583333333333335 0.050724637681159424
1 0.12375000000000001 0.23152173913043478 0.19666666666666668 0.07173913043478261
1 0.3591666666666667 0.2286231884057971 0.19666666666666668 0.07173913043478261
1 0.6145833333333334 0.2358695652173913 0.19666666666666668 0.07173913043478261
1 0.8600000000000001 0.23079710144927537 0.19666666666666668 0.07173913043478261
1 0.18250000000000002 0.505072463768116 0.31083333333333335 0.050724637681159424
1 0.6754166666666667 0.5079710144927536 0.31083333333333335 0.050724637681159424
6 0.12854166666666667 0.23297101449275362 0.24208333333333334 0.2847826086956522
6 0.37854166666666667 0.23442028985507246 0.24208333333333334 0.2847826086956522
6 0.6218750000000001 0.23731884057971014 0.24208333333333334 0.2847826086956522
6 0.8697916666666667 0.2322463768115942 0.24208333333333334 0.2847826086956522
5 0.25375000000000003 0.5086956521739131 0.49583333333333335 0.25507246376811593
5 0.7516666666666667 0.5 0.49583333333333335 0.25507246376811593
3 0.4979166666666667 0.042753623188405795 0.9916666666666667 0.08550724637681159
3 0.5020833333333333 0.23369565217391305 0.9891666666666667 0.2891304347826087
3 0.4985416666666667 0.5072463768115942 0.9904166666666667 0.26956521739130435
