2 0.055 0.051086956521739134 0.0775 0.08623188405797101
2 0.13875 0.03985507246376812 0.08166666666666667 0.07971014492753624
2 0.20916666666666667 0.040942028985507244 0.0625 0.08188405797101449
2 0.27208333333333334 0.040942028985507244 0.0625 0.08188405797101449
2 0.33770833333333333 0.043478260869565216 0.07208333333333333 0.08260869565217391
2 0.059791666666666674 0.2739130434782609 0.07208333333333333 0.08260869565217391
2 0.05604166666666667 0.5652173913043478 0.07208333333333333 0.08260869565217391
2 0.304375 0.5710144927536231 0.07208333333333333 0.08260869565217391
2 0.5514583333333334 0.5659420289855073 0.07208333333333333 0.08260869565217391
2 0.7995833333333334 0.5956521739130435 0.07250000000000001 0.07101449275362319
2 0.060000000000000005 0.8478260869565217 0.07250000000000001 0.07101449275362319
2 0.5587500000000001 0.8521739130434782 0.07250000000000001 0.07101449275362319
7 0.055625 0.16557971014492753 0.06458333333333334 0.041304347826086954
7 0.059791666666666674 0.4300724637681159 0.06458333333333334 0.041304347826086954
7 0.306875 0.43079710144927535 0.06458333333333334 0.041304347826086954
7 0.5522916666666667 0.42934782608695654 0.06458333333333334 0.041304347826086954
7 0.796875 0.42934782608695654 0.06458333333333334 0.041304347826086954
7 0.06145833333333334 0.7474637681159421 0.06458333333333334 0.041304347826086954
7 0.5577083333333334 0.7539855072463768 0.06291666666666668 0.05579710144927536
1 0.19 0.2144927536231884 0.33333333333333337 0.0463768115942029
1 0.12291666666666667 0.488768115942029 0.19666666666666668 0.07753623188405798
1 0.3670833333333334 0.4960144927536232 0.19666666666666668 0.07753623188405798
1 0.6179166666666667 0.4996376811594203 0.19666666666666668 0.07753623188405798
1 0.8718750000000001 0.5108695652173914 0.21875000000000003 0.09565217391304348
1 0.19166666666666668 0.8007246376811594 0.33 0.05652173913043478
1 0.6839583333333333 0.7942028985507247 0.32875000000000004 0.0463768115942029
4 0.50625 0.2246376811594203 0.9866666666666667 0.2579710144927536
6 0.12979166666666667 0.4989130434782609 0.24375000000000002 0.3079710144927536
6 0.371875 0.5003623188405797 0.24375000000000002 0.3079710144927536
6 0.6189583333333334 0.5076086956521739 0.24375000000000002 0.3079710144927536
6 0.8722916666666667 0.5054347826086957 0.24375000000000002 0.3079710144927536
5 0.2554166666666667 0.8036231884057972 0.4866666666666667 0.26666666666666666
5 0.7477083333333334 0.8057971014492754 0.48708333333333337 0.26666666666666666
3 0.5045833333333334 0.051449275362318844 0.9900000000000001 0.10144927536231885
3 0.5041666666666667 0.21847826086956523 0.9891666666666667 0.2528985507246377
3 0.503125 0.506159420289855 0.9929166666666668 0.3181159420289855
3 0.503125 0.8155797101449276 0.9929166666666668 0.3181159420289855
