16 0.053542 0.041667 0.064583 0.077536
16 0.121458 0.041304 0.071250 0.079710
16 0.058958 0.275000 0.067917 0.063043
16 0.060208 0.566667 0.069583 0.063768
16 0.307708 0.564130 0.075417 0.071739
16 0.547083 0.568841 0.050000 0.063768
16 0.801042 0.568841 0.072083 0.063768
15 0.193750 0.220290 0.333333 0.066667
15 0.118542 0.494928 0.187083 0.079710
15 0.354167 0.489855 0.175833 0.089855
15 0.620833 0.496739 0.199167 0.076087
15 0.869167 0.494203 0.210000 0.073913
15 0.504792 0.702536 0.147917 0.050000
