15 0.183542 0.216667 0.317083 0.052174
15 0.690625 0.217754 0.341250 0.058696
15 0.116042 0.492754 0.177917 0.073913
15 0.357500 0.494203 0.180833 0.078261
15 0.606667 0.491667 0.185000 0.068841
15 0.863542 0.495652 0.199583 0.071014
15 0.192083 0.773188 0.333333 0.049275
16 0.057917 0.042029 0.074167 0.081159
16 0.136458 0.043841 0.073750 0.077536
16 0.211042 0.044203 0.069583 0.082609
16 0.285000 0.042754 0.074167 0.082609
16 0.363542 0.040942 0.078750 0.080435
16 0.062708 0.271377 0.075417 0.063043
16 0.555625 0.271377 0.068750 0.063043
16 0.050208 0.568478 0.049583 0.064493
16 0.307083 0.566304 0.072500 0.067391
16 0.557083 0.563043 0.074167 0.078261
16 0.795417 0.566667 0.056667 0.063768
16 0.055625 0.827536 0.057083 0.062319
