15 0.188958 0.216667 0.321250 0.053623
15 0.678125 0.215217 0.312083 0.056522
15 0.180417 0.478623 0.310833 0.052899
15 0.107917 0.752536 0.171667 0.067391
15 0.361458 0.751812 0.185417 0.068841
15 0.611458 0.753261 0.187083 0.065942
15 0.871250 0.753623 0.212500 0.072464
16 0.058750 0.041667 0.077500 0.081884
16 0.138958 0.039493 0.077083 0.076087
16 0.060208 0.271014 0.072083 0.060870
16 0.559375 0.273913 0.072083 0.072464
16 0.064167 0.535870 0.074167 0.061594
16 0.062708 0.828986 0.072917 0.079710
16 0.311667 0.828261 0.075000 0.063768
16 0.558333 0.826449 0.078333 0.074638
16 0.794375 0.827174 0.051250 0.068841
