16 0.050417 0.040942 0.067500 0.080435
16 0.123125 0.043478 0.067917 0.078261
16 0.196667 0.040942 0.075000 0.078986
16 0.061250 0.305435 0.064167 0.067391
16 0.301250 0.308696 0.060833 0.071014
16 0.553750 0.305072 0.070000 0.063768
16 0.798333 0.333696 0.063333 0.067391
16 0.060625 0.591667 0.071250 0.067391
16 0.556667 0.590580 0.065000 0.069565
16 0.060417 0.855797 0.066667 0.069565
15 0.114167 0.232246 0.185000 0.086232
15 0.363958 0.231884 0.173750 0.072464
15 0.600208 0.238406 0.168750 0.071014
15 0.858542 0.246739 0.196250 0.099275
15 0.178750 0.541667 0.305833 0.060145
15 0.675208 0.538406 0.312917 0.053623
15 0.194583 0.793116 0.337500 0.057246
15 0.494375 0.982971 0.127917 0.034058
