15 0.185625 0.217754 0.322917 0.034058
15 0.180625 0.476087 0.308750 0.040580
15 0.687083 0.477899 0.325833 0.036957
15 0.118542 0.755797 0.181250 0.073913
15 0.377917 0.755072 0.216667 0.069565
15 0.623125 0.752536 0.200417 0.063043
15 0.852292 0.752174 0.177083 0.071014
16 0.060625 0.275362 0.067083 0.059420
16 0.062083 0.531159 0.074167 0.063768
16 0.560833 0.530797 0.074167 0.065942
16 0.061250 0.828261 0.070000 0.071014
16 0.308125 0.825000 0.067917 0.060145
16 0.554375 0.827536 0.072917 0.069565
16 0.803542 0.825000 0.071250 0.067391
16 0.061250 0.040942 0.078333 0.078986
16 0.146875 0.042754 0.091250 0.084058
