16 0.061667 0.275362 0.065000 0.063768
16 0.062917 0.532971 0.074167 0.060145
16 0.554583 0.533333 0.060833 0.068116
16 0.063750 0.827536 0.073333 0.065217
16 0.298333 0.826087 0.052500 0.065217
16 0.558958 0.826812 0.072083 0.063768
16 0.801875 0.826449 0.067917 0.070290
16 0.060625 0.040217 0.079583 0.074638
16 0.131458 0.045290 0.058750 0.077536
15 0.187917 0.212681 0.320000 0.047101
15 0.178333 0.472464 0.309167 0.055072
15 0.687083 0.476087 0.322500 0.055072
15 0.106250 0.751812 0.164167 0.065942
15 0.376042 0.751449 0.202083 0.062319
15 0.611875 0.753261 0.171250 0.068841
15 0.859167 0.753986 0.186667 0.070290
