16 0.057917 0.044203 0.074167 0.086957
16 0.132083 0.040217 0.065833 0.074638
16 0.205417 0.040942 0.070000 0.076087
16 0.282500 0.041667 0.075833 0.081884
16 0.057917 0.309058 0.061667 0.067391
16 0.302500 0.305435 0.050833 0.070290
16 0.557917 0.306159 0.074167 0.064493
16 0.803750 0.310507 0.070000 0.074638
16 0.057708 0.560870 0.062917 0.065217
16 0.560000 0.561594 0.067500 0.066667
16 0.063542 0.827536 0.075417 0.069565
15 0.116458 0.235507 0.188750 0.072464
15 0.370417 0.231884 0.197500 0.069565
15 0.624583 0.230072 0.213333 0.065942
15 0.868958 0.228261 0.196250 0.057971
15 0.054792 0.445290 0.052083 0.052899
15 0.678750 0.500725 0.310000 0.047826
15 0.056250 0.712681 0.050833 0.039855
