15 0.124583 0.207246 0.197500 0.126087
15 0.363333 0.202899 0.180833 0.127536
15 0.612083 0.203623 0.185000 0.128986
15 0.851667 0.219565 0.159167 0.150725
15 0.182292 0.508696 0.308750 0.102899
15 0.685208 0.506884 0.330417 0.099275
15 0.178542 0.768478 0.302917 0.089130
16 0.058125 0.042391 0.072083 0.076087
16 0.131250 0.042754 0.068333 0.084058
16 0.052083 0.307609 0.054167 0.061594
16 0.304375 0.306159 0.062917 0.064493
16 0.556250 0.307246 0.075000 0.068116
16 0.796667 0.336957 0.061667 0.066667
16 0.061458 0.592029 0.067083 0.063768
16 0.559583 0.591304 0.070833 0.063768
16 0.059167 0.855435 0.060000 0.068841
