15 0.179583 0.184420 0.300833 0.100725
15 0.691042 0.191304 0.327917 0.100000
15 0.181875 0.452899 0.306250 0.089855
15 0.123958 0.722464 0.186250 0.123188
15 0.371250 0.719928 0.203333 0.125362
15 0.613333 0.722101 0.187500 0.123913
15 0.869792 0.723188 0.202083 0.126087
16 0.051458 0.042754 0.058750 0.079710
16 0.126667 0.042029 0.087500 0.081159
16 0.207708 0.043116 0.072917 0.083333
16 0.056875 0.271377 0.066250 0.060145
16 0.553958 0.268478 0.072083 0.070290
16 0.054167 0.534420 0.055833 0.076087
16 0.060000 0.828623 0.067500 0.063043
16 0.301667 0.823188 0.070000 0.066667
16 0.552917 0.828261 0.070000 0.071014
16 0.805000 0.825725 0.074167 0.071739
