16 0.053750 0.048188 0.064167 0.093478
16 0.129167 0.045652 0.076667 0.085507
16 0.211875 0.043478 0.087083 0.085507
16 0.053750 0.273188 0.051667 0.056522
16 0.557292 0.271739 0.071250 0.063768
16 0.061875 0.533696 0.067917 0.067391
16 0.062917 0.826812 0.078333 0.059420
16 0.307500 0.825000 0.067500 0.064493
16 0.558958 0.824638 0.077917 0.071014
16 0.806875 0.825000 0.077917 0.063043
15 0.193958 0.187681 0.330417 0.101449
15 0.689167 0.188768 0.334167 0.102174
15 0.195208 0.443841 0.348750 0.093478
15 0.120833 0.725000 0.184167 0.128261
15 0.352708 0.725000 0.159583 0.128261
15 0.606875 0.728261 0.172083 0.121739
15 0.862917 0.721739 0.190000 0.118841
