16 0.059583 0.268478 0.063333 0.067391
16 0.060208 0.041667 0.080417 0.081884
16 0.143333 0.046377 0.076667 0.084058
16 0.220208 0.044565 0.075417 0.083333
16 0.297708 0.041667 0.076250 0.074638
16 0.552917 0.269928 0.051667 0.067391
16 0.065000 0.535870 0.078333 0.071739
16 0.065417 0.827536 0.087500 0.065217
16 0.307083 0.826812 0.065833 0.063768
16 0.555417 0.825725 0.071667 0.073188
16 0.804792 0.832246 0.077917 0.067391
15 0.182292 0.185145 0.321250 0.112319
15 0.689167 0.188406 0.330000 0.105797
15 0.165208 0.448913 0.278750 0.100725
15 0.113333 0.723551 0.183333 0.125362
15 0.359375 0.728623 0.170417 0.135507
15 0.620625 0.724638 0.207083 0.120290
15 0.866875 0.726812 0.204583 0.124638
