16 0.061458 0.041304 0.087083 0.079710
16 0.135208 0.043478 0.074583 0.073913
16 0.213542 0.041667 0.080417 0.081884
16 0.061667 0.273551 0.077500 0.070290
16 0.558958 0.268841 0.070417 0.057971
16 0.062083 0.569565 0.065833 0.069565
16 0.306875 0.594928 0.070417 0.063768
16 0.549375 0.567391 0.050417 0.065217
16 0.804375 0.562319 0.075417 0.062319
16 0.060417 0.856159 0.063333 0.061594
15 0.192708 0.185870 0.332917 0.115217
15 0.682500 0.181884 0.313333 0.113043
15 0.121458 0.464493 0.195417 0.110145
15 0.357083 0.476812 0.176667 0.149275
15 0.625000 0.465217 0.205833 0.131884
15 0.854792 0.461232 0.169583 0.123913
15 0.185833 0.768478 0.301667 0.106522
