16 0.060417 0.042029 0.079167 0.078261
16 0.135417 0.045652 0.064167 0.081159
16 0.207292 0.041667 0.072083 0.081884
16 0.285625 0.045290 0.076250 0.084783
16 0.371458 0.044565 0.077083 0.080435
16 0.058958 0.275000 0.069583 0.067391
16 0.554375 0.270652 0.065417 0.061594
16 0.053125 0.530435 0.053750 0.065217
16 0.562917 0.528623 0.078333 0.061594
15 0.196667 0.195652 0.333333 0.108696
15 0.700833 0.191304 0.345833 0.097101
15 0.198125 0.449275 0.352917 0.107246
15 0.682500 0.443116 0.319167 0.116667
