16 0.051250 0.042754 0.065000 0.082609
16 0.119375 0.043116 0.057083 0.083333
16 0.178333 0.041667 0.056667 0.077536
16 0.248542 0.041304 0.072917 0.079710
16 0.059375 0.270652 0.067083 0.065942
16 0.556042 0.269203 0.063750 0.068841
16 0.058958 0.568116 0.076250 0.065217
16 0.303958 0.563406 0.062083 0.060145
16 0.560208 0.561594 0.076250 0.071014
16 0.800417 0.563043 0.065000 0.073913
16 0.059583 0.823551 0.070833 0.067391
15 0.181458 0.181522 0.304583 0.112319
15 0.690417 0.186232 0.333333 0.104348
15 0.114375 0.460507 0.180417 0.131159
15 0.368958 0.465942 0.194583 0.137681
15 0.623958 0.462681 0.207917 0.126812
15 0.860208 0.462319 0.195417 0.130435
15 0.186250 0.732971 0.320000 0.106522
