15 0.207708 0.181159 0.357917 0.104348
15 0.685000 0.182609 0.322500 0.111594
15 0.183958 0.446014 0.310417 0.090580
15 0.126875 0.720652 0.196250 0.116667
15 0.376042 0.722464 0.197917 0.142029
15 0.604792 0.721377 0.179583 0.122464
15 0.856250 0.725000 0.173333 0.132609
16 0.059583 0.040942 0.075000 0.073188
16 0.135833 0.040580 0.069167 0.079710
16 0.210833 0.040942 0.075000 0.076087
16 0.289792 0.045290 0.080417 0.081884
16 0.060417 0.271377 0.075000 0.067391
16 0.552708 0.273551 0.066250 0.070290
16 0.065000 0.537319 0.078333 0.068841
16 0.064375 0.825000 0.081250 0.074638
16 0.301875 0.825362 0.057917 0.079710
16 0.556458 0.826812 0.068750 0.078261
16 0.790833 0.830435 0.045833 0.071014
