15 0.178750 0.190217 0.297500 0.092029
15 0.189167 0.449275 0.332500 0.100000
15 0.685417 0.443841 0.313333 0.110870
15 0.102292 0.727899 0.158750 0.116667
15 0.362500 0.722464 0.189167 0.110145
15 0.603750 0.726812 0.178333 0.121739
15 0.868333 0.724638 0.200833 0.136232
16 0.054583 0.042391 0.073333 0.076087
16 0.133542 0.042391 0.075417 0.083333
16 0.203750 0.043841 0.077500 0.074638
16 0.280000 0.043841 0.071667 0.084783
16 0.355833 0.040217 0.075833 0.077536
16 0.062500 0.276087 0.073333 0.068116
16 0.061250 0.535507 0.078333 0.066667
16 0.561875 0.530072 0.080417 0.077536
16 0.054792 0.825362 0.066250 0.063768
16 0.302083 0.827536 0.060000 0.065217
16 0.553333 0.827899 0.069167 0.076087
16 0.802917 0.825362 0.076667 0.072464
