16 0.139578 0.622733 0.125749 0.146715
16 0.275021 0.622330 0.130881 0.149940
16 0.403764 0.621121 0.107784 0.120919
16 0.147134 0.819428 0.132877 0.149940
16 0.265184 0.813180 0.106074 0.142281
16 0.400912 0.821644 0.111776 0.122934
15 0.786285 0.260580 0.296265 0.134220
15 0.714571 0.389964 0.126034 0.041516
15 0.706302 0.534260 0.096379 0.050383
15 0.749501 0.723499 0.235244 0.074970
15 0.798973 0.946393 0.362703 0.048368
15 0.269033 0.967150 0.312233 0.049577
15 0.264614 0.420798 0.175078 0.089480
