15 0.188765 0.135832 0.260622 0.108827
15 0.126034 0.680975 0.144853 0.039097
15 0.597804 0.043329 0.121756 0.035873
15 0.596949 0.133615 0.066439 0.036679
15 0.701169 0.441556 0.108355 0.139863
15 0.913887 0.324667 0.085543 0.035873
15 0.907471 0.482467 0.066439 0.020153
15 0.926861 0.193470 0.059595 0.031439
15 0.117337 0.239017 0.043627 0.025796
15 0.270602 0.249496 0.042772 0.022572
15 0.405190 0.235590 0.057029 0.027811
15 0.071429 0.047965 0.056173 0.024990
15 0.087824 0.305925 0.114058 0.014510
15 0.092814 0.476219 0.065868 0.021362
16 0.092102 0.401854 0.095808 0.049174
16 0.104363 0.620113 0.107784 0.051189
16 0.307956 0.399637 0.098090 0.056026
16 0.740662 0.153164 0.056173 0.049174
16 0.940262 0.043934 0.084688 0.034663
15 0.599800 0.559653 0.080125 0.033454
15 0.696036 0.895405 0.093527 0.067312
15 0.618762 0.431882 0.043342 0.125353
