2 0.05583333333333334 0.042028985507246375 0.08333333333333334 0.08260869565217391
2 0.1375 0.040942028985507244 0.08333333333333334 0.08188405797101449
2 0.055625 0.2739130434782609 0.058750000000000004 0.07246376811594203
2 0.05479166666666667 0.6014492753623188 0.058750000000000004 0.07246376811594203
2 0.3097916666666667 0.566304347826087 0.07875 0.07608695652173914
2 0.5577083333333334 0.5684782608695652 0.07875 0.07608695652173914
2 0.80125 0.5659420289855073 0.0675 0.07101449275362319
2 0.0625 0.8496376811594203 0.06916666666666667 0.07173913043478261
2 0.5579166666666667 0.8510869565217392 0.06916666666666667 0.07173913043478261
7 0.060000000000000005 0.17173913043478262 0.06416666666666668 0.0463768115942029
7 0.05625 0.4210144927536232 0.06416666666666668 0.0463768115942029
7 0.30875 0.4326086956521739 0.06416666666666668 0.0463768115942029
7 0.5516666666666667 0.42391304347826086 0.06416666666666668 0.0463768115942029
7 0.0575 0.7496376811594203 0.060833333333333336 0.0572463768115942
7 0.5525 0.7431159420289856 0.060833333333333336 0.0572463768115942
1 0.18208333333333335 0.2170289855072464 0.3075 0.03985507246376812
1 0.12395833333333334 0.5105072463768116 0.19875 0.09057971014492754
1 0.3725 0.49384057971014494 0.2016666666666667 0.07318840579710145
1 0.6191666666666668 0.4880434782608696 0.2016666666666667 0.07318840579710145
1 0.8645833333333334 0.4894927536231884 0.2016666666666667 0.07318840579710145
1 0.18291666666666667 0.7952898550724637 0.3125 0.03695652173913044
1 0.6787500000000001 0.7989130434782609 0.3125 0.03695652173913044
4 0.500625 0.22210144927536232 0.9820833333333334 0.25579710144927537
6 0.13020833333333334 0.5086956521739131 0.24458333333333335 0.3159420289855073
6 0.37770833333333337 0.5036231884057971 0.24458333333333335 0.3159420289855073
6 0.6218750000000001 0.5007246376811594 0.24458333333333335 0.3159420289855073
6 0.869375 0.4963768115942029 0.24458333333333335 0.3159420289855073
5 0.255625 0.8054347826086956 0.4945833333333334 0.26594202898550723
5 0.7520833333333334 0.8061594202898551 0.49500000000000005 0.26594202898550723
