2 0.05854166666666667 0.03876811594202899 0.07625 0.07608695652173914
2 0.12979166666666667 0.040942028985507244 0.07625 0.07608695652173914
2 0.06395833333333334 0.27644927536231884 0.07625 0.07608695652173914
2 0.059583333333333335 0.5307971014492754 0.065 0.07028985507246377
2 0.5566666666666668 0.5315217391304348 0.065 0.07028985507246377
2 0.05708333333333334 0.8264492753623188 0.065 0.07028985507246377
2 0.305 0.8271739130434783 0.065 0.07028985507246377
2 0.5572916666666667 0.8242753623188406 0.07125000000000001 0.06739130434782609
2 0.8014583333333334 0.825 0.07125000000000001 0.06739130434782609
7 0.055 0.16521739130434782 0.055 0.04927536231884058
7 0.05541666666666667 0.4246376811594203 0.055 0.04927536231884058
7 0.55625 0.42282608695652174 0.060000000000000005 0.05289855072463768
7 0.05166666666666667 0.6822463768115942 0.060000000000000005 0.05289855072463768
7 0.3045833333333334 0.6894927536231884 0.060000000000000005 0.05289855072463768
7 0.5525 0.6873188405797102 0.060000000000000005 0.05289855072463768
7 0.7904166666666668 0.6880434782608695 0.060000000000000005 0.05289855072463768
1 0.18583333333333335 0.21594202898550724 0.32333333333333336 0.04927536231884058
1 0.19020833333333334 0.47391304347826085 0.3279166666666667 0.04927536231884058
1 0.6852083333333334 0.4746376811594203 0.3279166666666667 0.04927536231884058
1 0.12270833333333334 0.7510869565217392 0.19875 0.07173913043478261
1 0.36895833333333333 0.7532608695652174 0.19875 0.07173913043478261
1 0.6152083333333334 0.7518115942028986 0.19875 0.07173913043478261
1 0.8656250000000001 0.7518115942028986 0.19875 0.07173913043478261
4 0.4997916666666667 0.21992753623188407 0.9920833333333334 0.2528985507246377
5 0.2547916666666667 0.4757246376811594 0.4920833333333334 0.2572463768115942
5 0.7464583333333333 0.47644927536231885 0.4920833333333334 0.2572463768115942
6 0.12791666666666668 0.7525362318840579 0.24333333333333335 0.2876811594202899
6 0.3745833333333334 0.761231884057971 0.24333333333333335 0.2876811594202899
6 0.6225 0.7554347826086957 0.24333333333333335 0.2876811594202899
6 0.8683333333333334 0.7539855072463768 0.24333333333333335 0.2876811594202899
3 0.50625 0.042028985507246375 0.9866666666666667 0.08405797101449275
3 0.4989583333333334 0.2213768115942029 0.9929166666666668 0.24420289855072463
3 0.5010416666666667 0.47789855072463766 0.9929166666666668 0.24420289855072463
3 0.5008333333333334 0.7572463768115942 0.9916666666666667 0.2956521739130435
