2 0.060625000000000005 0.042753623188405795 0.09375 0.08405797101449275
2 0.14 0.03985507246376812 0.065 0.07971014492753624
2 0.06041666666666667 0.3061594202898551 0.07333333333333333 0.06739130434782609
2 0.305 0.3373188405797101 0.07166666666666667 0.07608695652173914
2 0.5495833333333334 0.3079710144927536 0.065 0.07101449275362319
2 0.8031250000000001 0.3072463768115942 0.07541666666666667 0.07246376811594203
7 0.05354166666666667 0.15978260869565217 0.05041666666666667 0.042753623188405795
7 0.3145833333333333 0.161231884057971 0.08333333333333334 0.0572463768115942
7 0.5566666666666668 0.15833333333333333 0.08333333333333334 0.0572463768115942
7 0.796875 0.16014492753623188 0.06375 0.06231884057971015
1 0.12041666666666667 0.23297101449275362 0.19083333333333335 0.07173913043478261
1 0.375 0.24492753623188407 0.19833333333333333 0.08985507246376812
1 0.6247916666666667 0.23043478260869565 0.2054166666666667 0.0782608695652174
1 0.8660416666666667 0.23550724637681159 0.2054166666666667 0.0782608695652174
6 0.12666666666666668 0.24166666666666667 0.24583333333333335 0.2992753623188406
6 0.37395833333333334 0.24818840579710144 0.24958333333333335 0.3036231884057971
6 0.6239583333333334 0.2467391304347826 0.24958333333333335 0.3036231884057971
6 0.8745833333333334 0.24456521739130435 0.25 0.3036231884057971
3 0.5045833333333334 0.0463768115942029 0.9900000000000001 0.09130434782608696
3 0.5 0.23840579710144927 0.9991666666666668 0.30869565217391304
