2 0.05458333333333334 0.040942028985507244 0.07916666666666668 0.08188405797101449
2 0.12812500000000002 0.043478260869565216 0.06791666666666667 0.08695652173913043
2 0.1897916666666667 0.04673913043478261 0.06791666666666667 0.08768115942028985
2 0.05333333333333334 0.3076086956521739 0.05916666666666667 0.07173913043478261
2 0.3075 0.3094202898550725 0.0775 0.07391304347826087
2 0.555 0.3065217391304348 0.0775 0.07391304347826087
2 0.8037500000000001 0.30579710144927535 0.0775 0.07391304347826087
7 0.06208333333333334 0.15978260869565217 0.07583333333333334 0.04565217391304348
7 0.30875 0.1605072463768116 0.07583333333333334 0.04565217391304348
7 0.5539583333333333 0.1673913043478261 0.06791666666666667 0.05507246376811594
7 0.8031250000000001 0.15869565217391304 0.06791666666666667 0.05507246376811594
1 0.12208333333333334 0.22753623188405797 0.19166666666666668 0.06811594202898551
1 0.36500000000000005 0.23623188405797102 0.19166666666666668 0.06811594202898551
1 0.6218750000000001 0.22971014492753625 0.2004166666666667 0.07101449275362319
1 0.8627083333333334 0.23043478260869565 0.2004166666666667 0.07101449275362319
6 0.13020833333333334 0.23804347826086958 0.24708333333333335 0.2876811594202899
6 0.37812500000000004 0.23731884057971014 0.24708333333333335 0.2876811594202899
6 0.6214583333333333 0.23876811594202899 0.24708333333333335 0.2876811594202899
6 0.8702083333333334 0.23079710144927537 0.24708333333333335 0.2876811594202899
3 0.505625 0.04492753623188406 0.9879166666666668 0.08840579710144927
3 0.49875 0.2289855072463768 0.9900000000000001 0.2826086956521739
