2 0.05458333333333334 0.040942028985507244 0.08083333333333334 0.08188405797101449
2 0.12979166666666667 0.040942028985507244 0.08125 0.08188405797101449
2 0.05854166666666667 0.27065217391304347 0.07125000000000001 0.07173913043478261
2 0.556875 0.266304347826087 0.07125000000000001 0.07173913043478261
2 0.06270833333333334 0.5670289855072463 0.07125000000000001 0.07173913043478261
2 0.30770833333333336 0.5670289855072463 0.07125000000000001 0.07173913043478261
2 0.5560416666666667 0.5641304347826087 0.07125000000000001 0.07173913043478261
2 0.7993750000000001 0.5641304347826087 0.07125000000000001 0.07173913043478261
2 0.06145833333333334 0.8278985507246377 0.07125000000000001 0.07173913043478261
7 0.06041666666666667 0.16376811594202897 0.06916666666666667 0.04492753623188406
7 0.56 0.1605072463768116 0.07416666666666667 0.06159420289855073
7 0.059583333333333335 0.4173913043478261 0.07916666666666668 0.0536231884057971
7 0.30291666666666667 0.42644927536231886 0.06583333333333334 0.060144927536231886
7 0.5527083333333334 0.42246376811594205 0.07125000000000001 0.04927536231884058
7 0.800625 0.4221014492753623 0.07291666666666667 0.05434782608695652
7 0.059791666666666674 0.717391304347826 0.07291666666666667 0.06521739130434782
1 0.19395833333333334 0.21630434782608696 0.33958333333333335 0.04565217391304348
1 0.6889583333333333 0.21123188405797103 0.33958333333333335 0.04565217391304348
1 0.125 0.49130434782608695 0.19833333333333333 0.07536231884057971
1 0.3670833333333334 0.49130434782608695 0.19833333333333333 0.07536231884057971
1 0.6158333333333333 0.4847826086956522 0.19833333333333333 0.07536231884057971
1 0.8600000000000001 0.49420289855072463 0.19833333333333333 0.07536231884057971
1 0.18520833333333334 0.7695652173913043 0.32458333333333333 0.04492753623188406
5 0.254375 0.2141304347826087 0.4970833333333334 0.26159420289855073
5 0.7495833333333334 0.20978260869565218 0.49750000000000005 0.26159420289855073
6 0.12791666666666668 0.48731884057971014 0.25583333333333336 0.2920289855072464
6 0.374375 0.4905797101449275 0.24875000000000003 0.28840579710144926
6 0.6218750000000001 0.4927536231884058 0.24875000000000003 0.28840579710144926
6 0.868125 0.5 0.24875000000000003 0.28840579710144926
4 0.4997916666666667 0.7768115942028986 0.9995833333333334 0.2782608695652174
3 0.50375 0.04601449275362319 0.9916666666666667 0.09202898550724638
3 0.5004166666666667 0.21992753623188407 0.9983333333333334 0.24710144927536232
3 0.5004166666666667 0.49420289855072463 0.9983333333333334 0.29130434782608694
3 0.5004166666666667 0.7862318840579711 0.9983333333333334 0.29130434782608694
