2 0.05333333333333334 0.042753623188405795 0.07916666666666668 0.08550724637681159
2 0.12604166666666666 0.041666666666666664 0.06791666666666667 0.08333333333333333
2 0.18812500000000001 0.041304347826086954 0.06791666666666667 0.08260869565217391
2 0.25062500000000004 0.041304347826086954 0.06791666666666667 0.08260869565217391
2 0.31604166666666667 0.041304347826086954 0.06791666666666667 0.08260869565217391
2 0.06604166666666667 0.2688405797101449 0.08041666666666668 0.07391304347826087
2 0.5602083333333334 0.26666666666666666 0.08041666666666668 0.07391304347826087
7 0.058958333333333335 0.15760869565217392 0.07208333333333333 0.042753623188405795
7 0.5495833333333334 0.15833333333333333 0.060833333333333336 0.058695652173913045
1 0.20145833333333335 0.20869565217391306 0.35625 0.05652173913043478
1 0.675 0.2141304347826087 0.3116666666666667 0.060144927536231886
5 0.2520833333333333 0.22391304347826088 0.4916666666666667 0.2739130434782609
5 0.7433333333333334 0.22753623188405797 0.4916666666666667 0.2739130434782609
3 0.5025000000000001 0.04818840579710145 0.9841666666666667 0.0963768115942029
3 0.5016666666666667 0.21920289855072464 0.9958333333333333 0.27898550724637683
