2 0.04854166666666667 0.04456521739130435 0.06875 0.0891304347826087
2 0.12270833333333334 0.042753623188405795 0.07375000000000001 0.08550724637681159
2 0.19395833333333334 0.042753623188405795 0.07375000000000001 0.08550724637681159
2 0.27687500000000004 0.042753623188405795 0.08708333333333333 0.08550724637681159
2 0.06208333333333334 0.2778985507246377 0.07666666666666667 0.07318840579710145
2 0.05916666666666667 0.5380434782608696 0.07666666666666667 0.07318840579710145
2 0.5583333333333333 0.5307971014492754 0.07666666666666667 0.07318840579710145
2 0.06333333333333334 0.8257246376811594 0.07666666666666667 0.07318840579710145
2 0.3041666666666667 0.8257246376811594 0.07666666666666667 0.07318840579710145
2 0.5570833333333334 0.8307971014492753 0.07666666666666667 0.07318840579710145
2 0.8 0.8271739130434783 0.07666666666666667 0.07318840579710145
7 0.061875000000000006 0.1644927536231884 0.07375000000000001 0.0536231884057971
7 0.06104166666666667 0.4210144927536232 0.07375000000000001 0.0536231884057971
7 0.5539583333333333 0.427536231884058 0.07375000000000001 0.0536231884057971
7 0.058958333333333335 0.6898550724637681 0.07375000000000001 0.0536231884057971
7 0.30770833333333336 0.6898550724637681 0.07375000000000001 0.0536231884057971
7 0.5539583333333333 0.6833333333333333 0.07375000000000001 0.0536231884057971
7 0.7977083333333334 0.6905797101449276 0.07375000000000001 0.0536231884057971
1 0.183125 0.21630434782608696 0.31625000000000003 0.035507246376811595
1 0.1835416666666667 0.4746376811594203 0.31625000000000003 0.04057971014492753
1 0.6839583333333333 0.47391304347826085 0.3329166666666667 0.0391304347826087
1 0.11958333333333335 0.7496376811594203 0.1875 0.0746376811594203
1 0.36500000000000005 0.7489130434782609 0.1875 0.0746376811594203
1 0.6120833333333334 0.7583333333333333 0.1875 0.0746376811594203
1 0.8579166666666668 0.7532608695652174 0.1875 0.0746376811594203
4 0.50375 0.22065217391304348 0.9916666666666667 0.26304347826086955
5 0.24916666666666668 0.47753623188405797 0.49500000000000005 0.26521739130434785
5 0.7454166666666667 0.4797101449275362 0.49500000000000005 0.26521739130434785
6 0.12625 0.7507246376811594 0.2525 0.29130434782608694
6 0.37562500000000004 0.7594202898550725 0.2529166666666667 0.29130434782608694
6 0.6218750000000001 0.7543478260869565 0.2529166666666667 0.29130434782608694
6 0.8716666666666667 0.7492753623188406 0.25333333333333335 0.29130434782608694
3 0.5033333333333334 0.04782608695652174 0.9900000000000001 0.09565217391304348
3 0.4997916666666667 0.22427536231884057 0.9995833333333334 0.2528985507246377
3 0.4997916666666667 0.4713768115942029 0.9995833333333334 0.2528985507246377
3 0.4997916666666667 0.7532608695652174 0.9995833333333334 0.3007246376811594
