2 0.05520833333333334 0.043115942028985506 0.07958333333333334 0.08623188405797101
2 0.12895833333333334 0.041666666666666664 0.07458333333333333 0.08333333333333333
2 0.20645833333333335 0.042753623188405795 0.08625000000000001 0.08405797101449275
2 0.060833333333333336 0.27355072463768115 0.07500000000000001 0.08188405797101449
2 0.05645833333333334 0.5311594202898551 0.06708333333333334 0.07681159420289856
2 0.550625 0.5304347826086957 0.06708333333333334 0.07681159420289856
7 0.06041666666666667 0.15869565217391304 0.06916666666666667 0.06231884057971015
7 0.060000000000000005 0.42246376811594205 0.06916666666666667 0.06231884057971015
7 0.5591666666666667 0.42318840579710143 0.06916666666666667 0.06231884057971015
1 0.18916666666666668 0.2141304347826087 0.3225 0.05
1 0.183125 0.4757246376811594 0.3204166666666667 0.03840579710144928
1 0.6752083333333334 0.4757246376811594 0.3204166666666667 0.03840579710144928
4 0.4997916666666667 0.22282608695652173 0.9995833333333334 0.2644927536231884
5 0.2504166666666667 0.47608695652173916 0.5008333333333334 0.26521739130434785
5 0.74875 0.4855072463768116 0.5016666666666667 0.26521739130434785
3 0.5010416666666667 0.04456521739130435 0.9970833333333334 0.0891304347826087
3 0.5010416666666667 0.22318840579710145 0.9970833333333334 0.2608695652173913
3 0.5010416666666667 0.47391304347826085 0.9970833333333334 0.2608695652173913
