2 0.055 0.042028985507246375 0.07333333333333333 0.08405797101449275
2 0.13208333333333333 0.042028985507246375 0.07333333333333333 0.08405797101449275
2 0.05416666666666667 0.26920289855072466 0.06166666666666667 0.07028985507246377
2 0.5566666666666668 0.26594202898550723 0.06833333333333334 0.06666666666666667
2 0.05666666666666667 0.5666666666666667 0.06833333333333334 0.06666666666666667
2 0.305 0.5652173913043478 0.06833333333333334 0.06666666666666667
2 0.5545833333333333 0.5648550724637681 0.07333333333333333 0.06884057971014493
2 0.7979166666666667 0.5692028985507246 0.07333333333333333 0.06884057971014493
7 0.05458333333333334 0.16014492753623188 0.05666666666666667 0.06231884057971015
7 0.5595833333333333 0.161231884057971 0.0675 0.060144927536231886
7 0.060208333333333336 0.4246376811594203 0.06791666666666667 0.059420289855072465
7 0.31375000000000003 0.42391304347826086 0.085 0.05507246376811594
7 0.5591666666666667 0.42246376811594205 0.085 0.05507246376811594
7 0.8025000000000001 0.4318840579710145 0.085 0.05507246376811594
1 0.18166666666666667 0.21594202898550724 0.3091666666666667 0.0391304347826087
1 0.6725000000000001 0.21594202898550724 0.3091666666666667 0.0391304347826087
1 0.12250000000000001 0.4905797101449275 0.19583333333333336 0.07391304347826087
1 0.36375 0.4905797101449275 0.19583333333333336 0.07391304347826087
1 0.6204166666666667 0.4920289855072464 0.20916666666666667 0.07971014492753624
1 0.8718750000000001 0.4967391304347826 0.22458333333333336 0.0644927536231884
5 0.2520833333333333 0.2177536231884058 0.4891666666666667 0.2572463768115942
5 0.7464583333333333 0.21811594202898552 0.49625 0.2608695652173913
6 0.12791666666666668 0.4894927536231884 0.2516666666666667 0.29782608695652174
6 0.37270833333333336 0.4920289855072464 0.24375000000000002 0.2927536231884058
6 0.6218750000000001 0.4920289855072464 0.24375000000000002 0.2927536231884058
6 0.868125 0.49782608695652175 0.24375000000000002 0.2927536231884058
3 0.5045833333333334 0.04818840579710145 0.9900000000000001 0.0963768115942029
3 0.4995833333333334 0.22065217391304348 0.9858333333333335 0.24855072463768116
3 0.5020833333333333 0.4985507246376812 0.9950000000000001 0.29130434782608694
