2 0.04541666666666667 0.041304347826086954 0.065 0.08260869565217391
2 0.10750000000000001 0.041666666666666664 0.060833333333333336 0.08333333333333333
2 0.18020833333333333 0.042028985507246375 0.08208333333333334 0.08260869565217391
2 0.2597916666666667 0.042028985507246375 0.08208333333333334 0.08260869565217391
2 0.33895833333333336 0.040942028985507244 0.08208333333333334 0.08188405797101449
2 0.065625 0.2768115942028986 0.08208333333333334 0.08260869565217391
2 0.064375 0.5673913043478261 0.08208333333333334 0.08260869565217391
2 0.31145833333333334 0.5695652173913044 0.08208333333333334 0.08260869565217391
2 0.5593750000000001 0.5681159420289855 0.08208333333333334 0.08260869565217391
2 0.7993750000000001 0.5681159420289855 0.08208333333333334 0.08260869565217391
2 0.059583333333333335 0.8594202898550725 0.06916666666666667 0.07681159420289856
2 0.3091666666666667 0.8579710144927536 0.08416666666666667 0.07391304347826087
2 0.5579166666666667 0.8601449275362318 0.08416666666666667 0.07391304347826087
2 0.7941666666666667 0.8557971014492753 0.06333333333333334 0.06811594202898551
7 0.0625 0.1706521739130435 0.07416666666666667 0.051449275362318844
7 0.060833333333333336 0.43079710144927535 0.07416666666666667 0.051449275362318844
7 0.3120833333333334 0.4271739130434783 0.07416666666666667 0.051449275362318844
7 0.5541666666666667 0.4329710144927536 0.07416666666666667 0.051449275362318844
7 0.8066666666666668 0.4242753623188406 0.07416666666666667 0.051449275362318844
7 0.060000000000000005 0.7177536231884059 0.07416666666666667 0.051449275362318844
7 0.305 0.7221014492753624 0.07416666666666667 0.051449275362318844
7 0.5591666666666667 0.7192028985507246 0.07416666666666667 0.051449275362318844
7 0.7979166666666667 0.7177536231884059 0.07416666666666667 0.051449275362318844
1 0.18916666666666668 0.2144927536231884 0.33416666666666667 0.04492753623188406
1 0.115 0.4931159420289855 0.18000000000000002 0.06884057971014493
1 0.36541666666666667 0.4916666666666667 0.18000000000000002 0.06884057971014493
1 0.6179166666666667 0.49492753623188407 0.20500000000000002 0.06811594202898551
1 0.8650000000000001 0.4956521739130435 0.20500000000000002 0.06811594202898551
1 0.12333333333333334 0.7891304347826087 0.20500000000000002 0.06811594202898551
1 0.3691666666666667 0.7876811594202898 0.20500000000000002 0.06811594202898551
1 0.6216666666666667 0.7818840579710145 0.20500000000000002 0.06811594202898551
1 0.8645833333333334 0.7869565217391304 0.20500000000000002 0.06811594202898551
4 0.4995833333333334 0.22065217391304348 0.9916666666666667 0.25144927536231887
6 0.12687500000000002 0.4894927536231884 0.2529166666666667 0.2876811594202899
6 0.3710416666666667 0.4902173913043478 0.2529166666666667 0.2876811594202899
6 0.623125 0.49384057971014494 0.2529166666666667 0.2876811594202899
6 0.873125 0.4931159420289855 0.2529166666666667 0.2876811594202899
6 0.12625 0.7851449275362319 0.2525 0.2876811594202899
6 0.3760416666666667 0.7916666666666666 0.2529166666666667 0.2876811594202899
6 0.6218750000000001 0.7909420289855073 0.2529166666666667 0.2876811594202899
6 0.8716666666666667 0.7880434782608696 0.25333333333333335 0.2876811594202899
3 0.5045833333333334 0.04384057971014493 0.9883333333333334 0.08768115942028985
3 0.5012500000000001 0.22282608695652173 0.9966666666666667 0.25434782608695655
3 0.5012500000000001 0.4967391304347826 0.9966666666666667 0.2876811594202899
3 0.49812500000000004 0.7862318840579711 0.9962500000000001 0.28840579710144926
