2 0.056875 0.04057971014492753 0.08291666666666667 0.08115942028985507
2 0.13895833333333335 0.04057971014492753 0.08291666666666667 0.08115942028985507
2 0.218125 0.04057971014492753 0.08291666666666667 0.08115942028985507
2 0.30145833333333333 0.04057971014492753 0.08291666666666667 0.08115942028985507
2 0.060625000000000005 0.27246376811594203 0.07541666666666667 0.07536231884057971
2 0.5597916666666667 0.2710144927536232 0.07541666666666667 0.07536231884057971
2 0.06145833333333334 0.5344202898550725 0.07208333333333333 0.0746376811594203
2 0.05854166666666667 0.8242753623188406 0.07208333333333333 0.0746376811594203
2 0.3085416666666667 0.8583333333333334 0.07208333333333333 0.0746376811594203
2 0.551875 0.8300724637681159 0.07208333333333333 0.0746376811594203
2 0.8002083333333334 0.8278985507246377 0.07208333333333333 0.0746376811594203
7 0.06229166666666667 0.15579710144927536 0.07625 0.05507246376811594
7 0.5585416666666667 0.16521739130434782 0.07625 0.05507246376811594
7 0.06270833333333334 0.4289855072463768 0.07625 0.05507246376811594
7 0.06229166666666667 0.6905797101449276 0.07625 0.05507246376811594
7 0.309375 0.6891304347826087 0.07625 0.05507246376811594
7 0.5527083333333334 0.6927536231884058 0.07625 0.05507246376811594
7 0.8010416666666668 0.682608695652174 0.07625 0.05507246376811594
1 0.20145833333333335 0.21123188405797103 0.35625 0.05289855072463768
1 0.6793750000000001 0.21159420289855072 0.3204166666666667 0.04492753623188406
1 0.1860416666666667 0.4731884057971015 0.3204166666666667 0.04492753623188406
1 0.11395833333333334 0.7532608695652174 0.17375000000000002 0.06304347826086956
1 0.37270833333333336 0.7644927536231885 0.20708333333333334 0.08405797101449275
1 0.6197916666666667 0.7594202898550725 0.21041666666666667 0.06956521739130435
1 0.8635416666666668 0.7608695652173914 0.21041666666666667 0.06956521739130435
5 0.25354166666666667 0.22028985507246376 0.4920833333333334 0.2594202898550725
5 0.7464583333333333 0.21884057971014492 0.4920833333333334 0.2594202898550725
4 0.4997916666666667 0.47898550724637684 0.9995833333333334 0.2579710144927536
6 0.12666666666666668 0.7590579710144928 0.25 0.30217391304347824
6 0.37562500000000004 0.7717391304347826 0.24958333333333335 0.3159420289855073
6 0.6239583333333334 0.7597826086956522 0.24708333333333335 0.29782608695652174
6 0.8722916666666667 0.7583333333333333 0.24708333333333335 0.29782608695652174
3 0.5039583333333334 0.04456521739130435 0.9912500000000001 0.0891304347826087
3 0.5014583333333333 0.22318840579710145 0.9962500000000001 0.2608695652173913
3 0.4979166666666667 0.48043478260869565 0.9958333333333333 0.2608695652173913
3 0.49875 0.7644927536231885 0.9975 0.32028985507246377
