2 0.05645833333333334 0.04456521739130435 0.08125 0.08768115942028985
2 0.138125 0.043478260869565216 0.08125 0.08695652173913043
2 0.20708333333333334 0.042391304347826085 0.05916666666666667 0.08478260869565217
2 0.06375 0.27210144927536234 0.07500000000000001 0.07608695652173914
2 0.56 0.26992753623188404 0.07500000000000001 0.07608695652173914
2 0.05291666666666667 0.5677536231884058 0.06166666666666667 0.0644927536231884
2 0.30333333333333334 0.5648550724637681 0.06166666666666667 0.0644927536231884
2 0.5593750000000001 0.5952898550724638 0.08208333333333334 0.07173913043478261
2 0.79625 0.5644927536231884 0.07166666666666667 0.07681159420289856
2 0.063125 0.8528985507246377 0.08291666666666667 0.07681159420289856
7 0.07145833333333333 0.15869565217391304 0.08625000000000001 0.06231884057971015
7 0.5585416666666667 0.1572463768115942 0.08625000000000001 0.06231884057971015
7 0.064375 0.41884057971014493 0.08625000000000001 0.06231884057971015
7 0.31062500000000004 0.42246376811594205 0.08625000000000001 0.06231884057971015
7 0.5572916666666667 0.4260869565217391 0.08625000000000001 0.06231884057971015
7 0.8047916666666667 0.4260869565217391 0.08625000000000001 0.06231884057971015
7 0.069375 0.744927536231884 0.08625000000000001 0.06231884057971015
0 0.19666666666666668 0.21268115942028987 0.3375 0.04565217391304348
0 0.6825 0.2141304347826087 0.3375 0.04565217391304348
0 0.11958333333333335 0.4934782608695652 0.20083333333333334 0.06811594202898551
0 0.3666666666666667 0.48985507246376814 0.20083333333333334 0.06811594202898551
0 0.6170833333333334 0.5039855072463768 0.2016666666666667 0.09492753623188406
0 0.869375 0.4927536231884058 0.21125000000000002 0.06521739130434782
0 0.18416666666666667 0.7981884057971015 0.32833333333333337 0.04855072463768116
5 0.24958333333333335 0.21521739130434783 0.4966666666666667 0.26811594202898553
5 0.7479166666666667 0.21304347826086956 0.4966666666666667 0.26811594202898553
6 0.12625 0.4931159420289855 0.2525 0.3007246376811594
6 0.3760416666666667 0.4996376811594203 0.2529166666666667 0.3007246376811594
6 0.623125 0.5083333333333333 0.2529166666666667 0.3007246376811594
6 0.8716666666666667 0.506159420289855 0.25333333333333335 0.3007246376811594
4 0.4979166666666667 0.7992753623188406 0.9958333333333333 0.2826086956521739
3 0.5020833333333333 0.04855072463768116 0.9950000000000001 0.09710144927536232
3 0.5020833333333333 0.21666666666666667 0.9950000000000001 0.2594202898550725
3 0.5020833333333333 0.5105072463768116 0.9950000000000001 0.32681159420289857
3 0.500625 0.802536231884058 0.9979166666666668 0.26594202898550723
