2 0.05708333333333334 0.043478260869565216 0.07833333333333334 0.08695652173913043
2 0.13291666666666668 0.043478260869565216 0.07833333333333334 0.08695652173913043
2 0.05520833333333334 0.2742753623188406 0.061250000000000006 0.08043478260869566
2 0.05437500000000001 0.5692028985507246 0.061250000000000006 0.08043478260869566
2 0.30791666666666667 0.5677536231884058 0.07 0.07753623188405798
2 0.5520833333333334 0.566304347826087 0.07 0.07753623188405798
2 0.8016666666666667 0.5659420289855073 0.08 0.07391304347826087
2 0.05520833333333334 0.822463768115942 0.06208333333333334 0.07391304347826087
2 0.5560416666666667 0.8253623188405798 0.06958333333333334 0.07536231884057971
7 0.06875 0.16195652173913044 0.08333333333333334 0.05289855072463768
7 0.060833333333333336 0.4235507246376812 0.08333333333333334 0.05289855072463768
7 0.31708333333333333 0.4242753623188406 0.08333333333333334 0.05289855072463768
7 0.5591666666666667 0.4242753623188406 0.08333333333333334 0.05289855072463768
7 0.80125 0.4300724637681159 0.08333333333333334 0.05289855072463768
7 0.0625 0.7134057971014492 0.08333333333333334 0.05289855072463768
7 0.5616666666666666 0.7105072463768116 0.08333333333333334 0.05289855072463768
1 0.18666666666666668 0.2141304347826087 0.32333333333333336 0.03840579710144928
1 0.12062500000000001 0.4927536231884058 0.2029166666666667 0.06811594202898551
1 0.371875 0.49492753623188407 0.2029166666666667 0.06811594202898551
1 0.6172916666666667 0.4971014492753623 0.2029166666666667 0.06811594202898551
1 0.8664583333333334 0.4971014492753623 0.2029166666666667 0.06811594202898551
1 0.19083333333333335 0.7659420289855072 0.33916666666666667 0.04492753623188406
1 0.6908333333333334 0.763768115942029 0.33916666666666667 0.04492753623188406
4 0.4989583333333334 0.22210144927536232 0.9895833333333334 0.25869565217391305
6 0.12708333333333335 0.4931159420289855 0.24500000000000002 0.2891304347826087
6 0.37520833333333337 0.49528985507246376 0.2529166666666667 0.2963768115942029
6 0.6235416666666667 0.49094202898550726 0.2529166666666667 0.2963768115942029
6 0.8718750000000001 0.4967391304347826 0.2529166666666667 0.2963768115942029
5 0.25125000000000003 0.7721014492753623 0.49500000000000005 0.2673913043478261
5 0.7454166666666667 0.7742753623188406 0.49500000000000005 0.2673913043478261
3 0.5018750000000001 0.04891304347826087 0.9954166666666667 0.09782608695652174
3 0.5 0.2257246376811594 0.9916666666666667 0.25579710144927537
3 0.4997916666666667 0.4960144927536232 0.9995833333333334 0.29492753623188406
3 0.4989583333333334 0.7619565217391304 0.9979166666666668 0.25869565217391305
