2 0.05645833333333334 0.04384057971014493 0.07625 0.08768115942028985
2 0.13208333333333333 0.041666666666666664 0.08 0.08333333333333333
2 0.2041666666666667 0.040942028985507244 0.06583333333333334 0.08188405797101449
2 0.27729166666666666 0.042753623188405795 0.08708333333333333 0.08550724637681159
2 0.06229166666666667 0.2778985507246377 0.07708333333333334 0.0746376811594203
2 0.060625000000000005 0.5967391304347827 0.07708333333333334 0.0746376811594203
2 0.30020833333333335 0.5963768115942029 0.06375 0.07536231884057971
2 0.5541666666666667 0.566304347826087 0.07333333333333333 0.07028985507246377
2 0.7987500000000001 0.5655797101449276 0.07333333333333333 0.07028985507246377
2 0.05916666666666667 0.852536231884058 0.07333333333333333 0.07028985507246377
2 0.551875 0.8521739130434782 0.06375 0.07391304347826087
7 0.05437500000000001 0.16666666666666666 0.06875 0.06376811594202898
7 0.05520833333333334 0.4318840579710145 0.06875 0.06376811594202898
7 0.304375 0.42536231884057973 0.06875 0.06376811594202898
7 0.555625 0.427536231884058 0.06875 0.06376811594202898
7 0.8027083333333334 0.4217391304347826 0.06875 0.06376811594202898
7 0.059375000000000004 0.741304347826087 0.06875 0.06376811594202898
7 0.555625 0.7478260869565218 0.06875 0.06376811594202898
1 0.1860416666666667 0.21594202898550724 0.32625000000000004 0.0463768115942029
1 0.12562500000000001 0.5090579710144928 0.21875000000000003 0.09202898550724638
1 0.3760416666666667 0.5105072463768116 0.21875000000000003 0.09202898550724638
1 0.6202083333333334 0.49782608695652175 0.20625000000000002 0.06956521739130435
1 0.863125 0.49782608695652175 0.20625000000000002 0.06956521739130435
1 0.178125 0.7949275362318841 0.3070833333333334 0.04057971014492753
1 0.685 0.7949275362318841 0.3358333333333334 0.043478260869565216
4 0.5 0.22028985507246376 0.9983333333333334 0.2608695652173913
6 0.12666666666666668 0.5043478260869565 0.25 0.3318840579710145
6 0.3729166666666667 0.5079710144927536 0.25 0.3318840579710145
6 0.6220833333333333 0.505072463768116 0.25 0.3318840579710145
6 0.8666666666666667 0.5072463768115942 0.25 0.3318840579710145
5 0.24833333333333335 0.8014492753623188 0.4966666666666667 0.26811594202898553
5 0.7445833333333334 0.8028985507246377 0.49750000000000005 0.26811594202898553
3 0.5035416666666667 0.051449275362318844 0.98375 0.10289855072463769
3 0.4997916666666667 0.22246376811594204 0.9995833333333334 0.25217391304347825
3 0.4997916666666667 0.5068840579710145 0.9995833333333334 0.31956521739130433
3 0.4997916666666667 0.7963768115942029 0.9995833333333334 0.2565217391304348
