2 0.05229166666666667 0.041304347826086954 0.06708333333333334 0.08115942028985507
2 0.11937500000000001 0.04021739130434783 0.06708333333333334 0.08043478260869566
2 0.061875000000000006 0.3090579710144928 0.07791666666666668 0.07608695652173914
2 0.29875 0.30434782608695654 0.06416666666666668 0.07536231884057971
2 0.5591666666666667 0.3061594202898551 0.08750000000000001 0.0746376811594203
2 0.7960416666666668 0.302536231884058 0.06541666666666666 0.07173913043478261
2 0.05604166666666667 0.5960144927536232 0.06541666666666666 0.07173913043478261
2 0.304375 0.5952898550724638 0.06541666666666666 0.07173913043478261
2 0.5529166666666667 0.5949275362318841 0.0675 0.07391304347826087
2 0.7958333333333334 0.5934782608695652 0.0675 0.07391304347826087
7 0.059791666666666674 0.16014492753623188 0.07541666666666667 0.06521739130434782
7 0.301875 0.16666666666666666 0.07541666666666667 0.06521739130434782
7 0.5510416666666667 0.16376811594202897 0.07541666666666667 0.06521739130434782
7 0.8022916666666667 0.16956521739130434 0.07541666666666667 0.06521739130434782
7 0.05729166666666667 0.44855072463768114 0.07541666666666667 0.06521739130434782
7 0.30520833333333336 0.4543478260869565 0.07541666666666667 0.06521739130434782
7 0.5552083333333334 0.4557971014492754 0.07541666666666667 0.06521739130434782
7 0.7977083333333334 0.4565217391304348 0.07541666666666667 0.06521739130434782
1 0.1275 0.23043478260869565 0.20916666666666667 0.06376811594202898
1 0.37041666666666667 0.2289855072463768 0.20916666666666667 0.06376811594202898
1 0.6183333333333334 0.2282608695652174 0.20916666666666667 0.06376811594202898
1 0.8645833333333334 0.2318840579710145 0.20916666666666667 0.06376811594202898
1 0.12583333333333335 0.5217391304347826 0.20916666666666667 0.06376811594202898
1 0.3725 0.5239130434782608 0.20916666666666667 0.06376811594202898
1 0.62 0.518840579710145 0.20916666666666667 0.06376811594202898
1 0.8547916666666667 0.5235507246376812 0.19208333333333336 0.0644927536231884
6 0.12625 0.23731884057971014 0.2525 0.2891304347826087
6 0.3760416666666667 0.23731884057971014 0.2529166666666667 0.2891304347826087
6 0.6214583333333333 0.23731884057971014 0.2529166666666667 0.2891304347826087
6 0.873125 0.23949275362318842 0.2529166666666667 0.2891304347826087
6 0.12645833333333334 0.5307971014492754 0.2529166666666667 0.2891304347826087
6 0.37770833333333337 0.5315217391304348 0.2529166666666667 0.2891304347826087
6 0.6206250000000001 0.5278985507246376 0.2529166666666667 0.2891304347826087
6 0.873125 0.5235507246376812 0.2529166666666667 0.2891304347826087
3 0.5004166666666667 0.042028985507246375 0.9975 0.08405797101449275
3 0.500625 0.22971014492753625 0.9979166666666668 0.2942028985507246
3 0.500625 0.5210144927536232 0.9979166666666668 0.2942028985507246
