2 0.05479166666666667 0.042028985507246375 0.07291666666666667 0.08405797101449275
2 0.12479166666666668 0.042028985507246375 0.07291666666666667 0.08405797101449275
2 0.20395833333333335 0.042028985507246375 0.07291666666666667 0.08405797101449275
2 0.2733333333333334 0.03985507246376812 0.07 0.07971014492753624
2 0.3433333333333334 0.03985507246376812 0.07 0.07971014492753624
2 0.058333333333333334 0.2793478260869565 0.07 0.08043478260869566
2 0.059583333333333335 0.5293478260869565 0.07 0.08043478260869566
2 0.5477083333333334 0.5289855072463768 0.05625 0.0782608695652174
2 0.051458333333333335 0.827536231884058 0.05625 0.0782608695652174
2 0.3041666666666667 0.8242753623188406 0.0775 0.07753623188405798
2 0.5554166666666667 0.825 0.0775 0.07753623188405798
2 0.8033333333333333 0.8235507246376812 0.0775 0.07753623188405798
7 0.066875 0.16485507246376813 0.08208333333333334 0.058695652173913045
7 0.05854166666666667 0.4235507246376812 0.08208333333333334 0.058695652173913045
7 0.560625 0.4235507246376812 0.08208333333333334 0.058695652173913045
7 0.06104166666666667 0.6894927536231884 0.08208333333333334 0.058695652173913045
7 0.31145833333333334 0.683695652173913 0.08208333333333334 0.058695652173913045
7 0.5585416666666667 0.6786231884057972 0.08208333333333334 0.058695652173913045
7 0.805625 0.6757246376811594 0.08208333333333334 0.058695652173913045
1 0.1860416666666667 0.21666666666666667 0.32208333333333333 0.04782608695652174
1 0.18520833333333334 0.4717391304347826 0.32208333333333333 0.04782608695652174
1 0.6814583333333334 0.4688405797101449 0.32208333333333333 0.04782608695652174
1 0.114375 0.7543478260869565 0.19541666666666668 0.06521739130434782
1 0.3672916666666667 0.7514492753623189 0.19541666666666668 0.06521739130434782
1 0.6114583333333333 0.7536231884057971 0.19541666666666668 0.06521739130434782
1 0.859375 0.7485507246376811 0.19541666666666668 0.06521739130434782
4 0.49770833333333336 0.22391304347826088 0.9879166666666668 0.25507246376811593
5 0.24895833333333334 0.48007246376811596 0.4904166666666667 0.2702898550724638
5 0.749375 0.47934782608695653 0.4904166666666667 0.2702898550724638
6 0.12583333333333335 0.7626811594202899 0.2516666666666667 0.2963768115942029
6 0.374375 0.756159420289855 0.2520833333333333 0.2963768115942029
6 0.6227083333333334 0.7547101449275362 0.2520833333333333 0.2963768115942029
6 0.8718750000000001 0.7518115942028986 0.2520833333333333 0.2963768115942029
3 0.5012500000000001 0.052173913043478265 0.9908333333333333 0.10434782608695653
3 0.5020833333333333 0.225 0.9866666666666667 0.26594202898550723
3 0.49312500000000004 0.47789855072463766 0.9862500000000001 0.26594202898550723
3 0.5025000000000001 0.7583333333333333 0.9941666666666668 0.3007246376811594
