2 0.05604166666666667 0.03804347826086957 0.07791666666666668 0.07608695652173914
2 0.12666666666666668 0.03731884057971015 0.060833333333333336 0.0746376811594203
2 0.1875 0.042028985507246375 0.060833333333333336 0.07536231884057971
2 0.2622916666666667 0.040942028985507244 0.08208333333333334 0.08188405797101449
2 0.34270833333333334 0.040942028985507244 0.08208333333333334 0.08188405797101449
2 0.05416666666666667 0.2739130434782609 0.05916666666666667 0.07246376811594203
2 0.56 0.26666666666666666 0.07583333333333334 0.07536231884057971
2 0.051875000000000004 0.5355072463768116 0.061250000000000006 0.07681159420289856
2 0.064375 0.8264492753623188 0.09125000000000001 0.07608695652173914
2 0.3010416666666667 0.8246376811594203 0.06541666666666666 0.07681159420289856
2 0.5489583333333333 0.8268115942028985 0.06541666666666666 0.07681159420289856
2 0.8016666666666667 0.822463768115942 0.07500000000000001 0.0782608695652174
7 0.050833333333333335 0.15543478260869564 0.058333333333333334 0.07028985507246377
7 0.5508333333333334 0.15471014492753624 0.058333333333333334 0.07028985507246377
7 0.05291666666666667 0.4235507246376812 0.058333333333333334 0.07028985507246377
7 0.055625 0.6844202898550724 0.06625 0.07028985507246377
7 0.30395833333333333 0.6829710144927537 0.06625 0.07028985507246377
7 0.5539583333333333 0.688768115942029 0.06625 0.07028985507246377
7 0.7989583333333334 0.6844202898550724 0.06625 0.07028985507246377
1 0.18770833333333334 0.21594202898550724 0.32708333333333334 0.0463768115942029
1 0.6772916666666667 0.21594202898550724 0.32708333333333334 0.0463768115942029
1 0.17333333333333334 0.47934782608695653 0.31333333333333335 0.03260869565217391
1 0.114375 0.7547101449275362 0.18708333333333335 0.0746376811594203
1 0.37083333333333335 0.7572463768115942 0.19833333333333333 0.07681159420289856
1 0.6166666666666667 0.7507246376811594 0.19833333333333333 0.07681159420289856
1 0.8650000000000001 0.7528985507246377 0.19833333333333333 0.07681159420289856
5 0.25020833333333337 0.2170289855072464 0.4929166666666667 0.26014492753623186
5 0.7460416666666667 0.2170289855072464 0.4929166666666667 0.26014492753623186
4 0.49770833333333336 0.4818840579710145 0.9954166666666667 0.263768115942029
6 0.12812500000000002 0.7507246376811594 0.24875000000000003 0.30144927536231886
6 0.374375 0.7528985507246377 0.24875000000000003 0.30144927536231886
6 0.6227083333333334 0.7514492753623189 0.24875000000000003 0.30144927536231886
6 0.869375 0.7608695652173914 0.24875000000000003 0.30144927536231886
3 0.5008333333333334 0.05 0.9950000000000001 0.1
3 0.49875 0.2246376811594203 0.9975 0.26521739130434785
3 0.5004166666666667 0.47898550724637684 0.9983333333333334 0.26521739130434785
3 0.499375 0.7586956521739131 0.99875 0.30869565217391304
