2 0.05479166666666667 0.03949275362318841 0.07708333333333334 0.07898550724637682
2 0.12854166666666667 0.04057971014492753 0.07708333333333334 0.07971014492753624
2 0.05604166666666667 0.3050724637681159 0.06875 0.06811594202898551
2 0.30312500000000003 0.30869565217391304 0.06875 0.06811594202898551
2 0.555 0.3068840579710145 0.07416666666666667 0.07028985507246377
2 0.8041666666666667 0.30434782608695654 0.07916666666666668 0.06811594202898551
2 0.061250000000000006 0.5644927536231884 0.07916666666666668 0.06811594202898551
2 0.052083333333333336 0.8221014492753623 0.06416666666666668 0.07318840579710145
2 0.5525 0.8206521739130435 0.06416666666666668 0.07318840579710145
7 0.058958333333333335 0.15869565217391304 0.07875 0.06521739130434782
7 0.306875 0.16304347826086957 0.07875 0.06521739130434782
7 0.555625 0.1565217391304348 0.07875 0.06521739130434782
7 0.8002083333333334 0.16376811594202897 0.07875 0.06521739130434782
7 0.059791666666666674 0.4565217391304348 0.07875 0.06521739130434782
7 0.056875 0.7086956521739131 0.07875 0.06521739130434782
7 0.5531250000000001 0.7094202898550724 0.07875 0.06521739130434782
1 0.10895833333333334 0.23152173913043478 0.17791666666666667 0.06884057971014493
1 0.36291666666666667 0.23478260869565218 0.1875 0.06956521739130435
1 0.6070833333333334 0.2311594202898551 0.1875 0.06956521739130435
1 0.86375 0.23333333333333334 0.2 0.07101449275362319
1 0.17895833333333336 0.5130434782608696 0.3154166666666667 0.0463768115942029
1 0.178125 0.7710144927536232 0.3154166666666667 0.0463768115942029
1 0.6739583333333333 0.763768115942029 0.3154166666666667 0.0463768115942029
6 0.12770833333333334 0.2311594202898551 0.24791666666666667 0.28840579710144926
6 0.37854166666666667 0.23478260869565218 0.24791666666666667 0.28840579710144926
6 0.6247916666666667 0.23840579710144927 0.24791666666666667 0.28840579710144926
6 0.8718750000000001 0.2318840579710145 0.24791666666666667 0.28840579710144926
4 0.4997916666666667 0.5123188405797101 0.9995833333333334 0.2565217391304348
5 0.2504166666666667 0.7702898550724637 0.4941666666666667 0.26956521739130435
5 0.7464583333333333 0.7710144927536232 0.50375 0.26956521739130435
3 0.5014583333333333 0.04384057971014493 0.9870833333333334 0.08768115942028985
3 0.5012500000000001 0.2358695652173913 0.9941666666666668 0.2891304347826087
3 0.4997916666666667 0.5170289855072464 0.9995833333333334 0.2673913043478261
3 0.4997916666666667 0.7771739130434783 0.9995833333333334 0.2673913043478261
