2 0.057708333333333334 0.042753623188405795 0.08208333333333334 0.08550724637681159
2 0.12916666666666668 0.041666666666666664 0.07 0.08043478260869566
2 0.19333333333333336 0.03985507246376812 0.0675 0.07971014492753624
2 0.25625000000000003 0.03985507246376812 0.0675 0.07971014492753624
2 0.05416666666666667 0.2710144927536232 0.065 0.06666666666666667
2 0.5589583333333333 0.26992753623188404 0.07208333333333333 0.07028985507246377
2 0.05604166666666667 0.5648550724637681 0.07208333333333333 0.07028985507246377
2 0.304375 0.5670289855072463 0.07208333333333333 0.07028985507246377
2 0.5514583333333334 0.5655797101449276 0.07208333333333333 0.07028985507246377
2 0.800625 0.5670289855072463 0.07208333333333333 0.07028985507246377
2 0.06354166666666668 0.8271739130434783 0.07208333333333333 0.07028985507246377
7 0.0675 0.15869565217391304 0.08916666666666667 0.057971014492753624
7 0.5641666666666667 0.16231884057971013 0.08916666666666667 0.057971014492753624
7 0.06458333333333334 0.4318840579710145 0.08916666666666667 0.057971014492753624
7 0.31708333333333333 0.42318840579710143 0.08916666666666667 0.057971014492753624
7 0.56 0.42971014492753623 0.08916666666666667 0.057971014492753624
7 0.8029166666666667 0.42681159420289855 0.08916666666666667 0.057971014492753624
7 0.06666666666666667 0.7094202898550724 0.08916666666666667 0.057971014492753624
1 0.18625 0.21485507246376812 0.3191666666666667 0.05
1 0.6843750000000001 0.21557971014492755 0.31875000000000003 0.04710144927536232
1 0.116875 0.49492753623188407 0.19041666666666668 0.07101449275362319
1 0.36312500000000003 0.4905797101449275 0.19041666666666668 0.07101449275362319
1 0.6102083333333334 0.49420289855072463 0.19041666666666668 0.07101449275362319
1 0.858125 0.49130434782608695 0.19041666666666668 0.07101449275362319
1 0.19062500000000002 0.7641304347826087 0.33708333333333335 0.042753623188405795
5 0.24895833333333334 0.21594202898550724 0.4929166666666667 0.2579710144927536
5 0.7477083333333334 0.21739130434782608 0.4929166666666667 0.2579710144927536
6 0.12666666666666668 0.4920289855072464 0.25333333333333335 0.2942028985507246
6 0.37645833333333334 0.5028985507246377 0.25375000000000003 0.2942028985507246
6 0.625625 0.4927536231884058 0.25375000000000003 0.2942028985507246
6 0.8725 0.49130434782608695 0.2541666666666667 0.2942028985507246
4 0.4972916666666667 0.7666666666666667 0.9945833333333334 0.2608695652173913
3 0.500625 0.0463768115942029 0.9979166666666668 0.0927536231884058
3 0.499375 0.21739130434782608 0.99875 0.25507246376811593
3 0.4997916666666667 0.49782608695652175 0.9995833333333334 0.2927536231884058
3 0.4997916666666667 0.7804347826086957 0.9995833333333334 0.2927536231884058
