2 0.05645833333333334 0.04021739130434783 0.08375 0.08043478260869566
2 0.135625 0.041304347826086954 0.08375 0.08115942028985507
2 0.064375 0.26956521739130435 0.08375 0.08115942028985507
2 0.5491666666666667 0.26702898550724635 0.06166666666666667 0.07608695652173914
2 0.06145833333333334 0.5655797101449276 0.07958333333333334 0.07173913043478261
2 0.3085416666666667 0.5641304347826087 0.07958333333333334 0.07173913043478261
2 0.555625 0.5684782608695652 0.07958333333333334 0.07173913043478261
2 0.8047916666666667 0.5626811594202898 0.07958333333333334 0.07173913043478261
2 0.056875 0.8246376811594203 0.06625 0.07246376811594203
7 0.05729166666666667 0.1641304347826087 0.07708333333333334 0.04855072463768116
7 0.5566666666666668 0.16376811594202897 0.07833333333333334 0.06521739130434782
7 0.05166666666666667 0.4257246376811594 0.06416666666666668 0.058695652173913045
7 0.3045833333333334 0.4257246376811594 0.06416666666666668 0.058695652173913045
7 0.5537500000000001 0.42789855072463767 0.06416666666666668 0.058695652173913045
7 0.8004166666666667 0.4257246376811594 0.06416666666666668 0.058695652173913045
7 0.05583333333333334 0.7148550724637681 0.06416666666666668 0.058695652173913045
1 0.1897916666666667 0.2141304347826087 0.3354166666666667 0.042753623188405795
1 0.6827083333333334 0.21920289855072464 0.3354166666666667 0.042753623188405795
1 0.12833333333333335 0.48840579710144927 0.21750000000000003 0.06376811594202898
1 0.37583333333333335 0.4905797101449275 0.21750000000000003 0.06376811594202898
1 0.6218750000000001 0.48985507246376814 0.20875000000000002 0.06521739130434782
1 0.8662500000000001 0.49492753623188407 0.21750000000000003 0.06376811594202898
1 0.17333333333333334 0.7663043478260869 0.30250000000000005 0.03840579710144928
5 0.2516666666666667 0.22065217391304348 0.4941666666666667 0.26014492753623186
5 0.7525000000000001 0.21992753623188407 0.4941666666666667 0.26014492753623186
6 0.12687500000000002 0.4916666666666667 0.25375000000000003 0.29057971014492756
6 0.3760416666666667 0.4945652173913044 0.24875000000000003 0.2920289855072464
6 0.624375 0.4960144927536232 0.24875000000000003 0.2920289855072464
6 0.869375 0.4945652173913044 0.24875000000000003 0.2920289855072464
4 0.4997916666666667 0.7659420289855072 0.9995833333333334 0.26521739130434785
3 0.49875 0.04384057971014493 0.9975 0.08768115942028985
3 0.5004166666666667 0.22608695652173913 0.9983333333333334 0.25507246376811593
3 0.4985416666666667 0.4956521739130435 0.9970833333333334 0.3072463768115942
3 0.500625 0.7663043478260869 0.9979166666666668 0.25434782608695655
