2 0.05395833333333334 0.04384057971014493 0.08541666666666667 0.08623188405797101
2 0.136875 0.042753623188405795 0.08541666666666667 0.08550724637681159
2 0.20833333333333334 0.043478260869565216 0.06833333333333334 0.08405797101449275
2 0.2704166666666667 0.041666666666666664 0.06833333333333334 0.08333333333333333
2 0.05458333333333334 0.2713768115942029 0.06333333333333334 0.07753623188405798
2 0.555 0.27065217391304347 0.07416666666666667 0.08188405797101449
7 0.06270833333333334 0.16268115942028985 0.08125 0.05434782608695652
7 0.5597916666666667 0.16268115942028985 0.08125 0.05434782608695652
1 0.179375 0.21340579710144927 0.3179166666666667 0.04710144927536232
1 0.680625 0.2141304347826087 0.3179166666666667 0.04710144927536232
5 0.249375 0.2177536231884058 0.4929166666666667 0.26159420289855073
5 0.7485416666666667 0.2177536231884058 0.4929166666666667 0.26159420289855073
3 0.5002083333333334 0.04528985507246377 0.9962500000000001 0.09057971014492754
3 0.5008333333333334 0.21956521739130436 0.9958333333333333 0.25072463768115943
