2 0.055 0.043115942028985506 0.08333333333333334 0.08478260869565217
2 0.13437500000000002 0.041666666666666664 0.07875 0.08333333333333333
2 0.21395833333333333 0.03985507246376812 0.08625000000000001 0.07971014492753624
2 0.05458333333333334 0.2702898550724638 0.065 0.07536231884057971
2 0.5520833333333334 0.2702898550724638 0.065 0.07536231884057971
2 0.06270833333333334 0.5644927536231884 0.07958333333333334 0.07391304347826087
2 0.3072916666666667 0.5623188405797102 0.07958333333333334 0.07391304347826087
2 0.5552083333333334 0.5630434782608695 0.07958333333333334 0.07391304347826087
2 0.8014583333333334 0.5673913043478261 0.07958333333333334 0.07391304347826087
2 0.06145833333333334 0.8521739130434782 0.07958333333333334 0.07391304347826087
2 0.30645833333333333 0.8557971014492753 0.07958333333333334 0.07391304347826087
2 0.5543750000000001 0.8557971014492753 0.07958333333333334 0.07391304347826087
2 0.7947916666666667 0.855072463768116 0.06875 0.07246376811594203
7 0.05854166666666667 0.16594202898550725 0.06875 0.06231884057971015
7 0.5560416666666667 0.15869565217391304 0.06875 0.06231884057971015
7 0.05395833333333334 0.42971014492753623 0.06875 0.06231884057971015
7 0.3010416666666667 0.4246376811594203 0.06875 0.06231884057971015
7 0.551875 0.42536231884057973 0.06875 0.06231884057971015
7 0.7922916666666667 0.4210144927536232 0.06875 0.06231884057971015
7 0.055625 0.7072463768115942 0.06875 0.06231884057971015
7 0.30562500000000004 0.7152173913043478 0.06875 0.06231884057971015
7 0.5535416666666667 0.7108695652173913 0.06875 0.06231884057971015
7 0.7960416666666668 0.7094202898550724 0.06875 0.06231884057971015
1 0.19958333333333333 0.21594202898550724 0.3441666666666667 0.0463768115942029
1 0.6852083333333334 0.21739130434782608 0.34125 0.0391304347826087
1 0.11458333333333334 0.4927536231884058 0.18916666666666668 0.06521739130434782
1 0.3720833333333334 0.4902173913043478 0.2025 0.0644927536231884
1 0.6133333333333334 0.49384057971014494 0.19416666666666668 0.0746376811594203
1 0.86375 0.4923913043478261 0.19416666666666668 0.0746376811594203
1 0.12479166666666668 0.7822463768115943 0.20958333333333334 0.08043478260869566
1 0.3666666666666667 0.783695652173913 0.20333333333333334 0.07173913043478261
1 0.6079166666666667 0.7851449275362319 0.18416666666666667 0.07753623188405798
1 0.8689583333333334 0.7807971014492754 0.20958333333333334 0.07173913043478261
5 0.2504166666666667 0.21630434782608696 0.49250000000000005 0.2644927536231884
5 0.7460416666666667 0.21485507246376812 0.4995833333333334 0.2644927536231884
6 0.12583333333333335 0.4902173913043478 0.25 0.29347826086956524
6 0.375 0.4967391304347826 0.25 0.29347826086956524
6 0.6229166666666667 0.4923913043478261 0.25 0.29347826086956524
6 0.8695833333333334 0.4989130434782609 0.25 0.29347826086956524
6 0.12479166666666668 0.7894927536231884 0.24958333333333335 0.29347826086956524
6 0.3766666666666667 0.788768115942029 0.25 0.29347826086956524
6 0.62375 0.7851449275362319 0.25 0.29347826086956524
6 0.8716666666666667 0.7873188405797101 0.25 0.29347826086956524
3 0.4972916666666667 0.04528985507246377 0.9929166666666668 0.09057971014492754
3 0.5022916666666667 0.21123188405797103 0.9945833333333334 0.26159420289855073
3 0.4985416666666667 0.4963768115942029 0.9970833333333334 0.2855072463768116
3 0.4985416666666667 0.7797101449275362 0.9970833333333334 0.2855072463768116
