2 0.057708333333333334 0.0463768115942029 0.07541666666666667 0.0927536231884058
2 0.12520833333333334 0.041666666666666664 0.06625 0.08333333333333333
2 0.2066666666666667 0.041666666666666664 0.10583333333333333 0.08333333333333333
2 0.05395833333333334 0.2768115942028986 0.06291666666666668 0.07971014492753624
2 0.058333333333333334 0.5380434782608696 0.06833333333333334 0.08043478260869566
7 0.05520833333333334 0.16594202898550725 0.05708333333333334 0.04492753623188406
7 0.06291666666666668 0.42391304347826086 0.0625 0.05507246376811594
1 0.18333333333333335 0.21557971014492755 0.31583333333333335 0.04855072463768116
1 0.18125000000000002 0.47934782608695653 0.31583333333333335 0.04855072463768116
4 0.5029166666666667 0.2217391304347826 0.9933333333333334 0.25507246376811593
4 0.5029166666666667 0.4818840579710145 0.9933333333333334 0.25507246376811593
3 0.5018750000000001 0.04927536231884058 0.9954166666666667 0.09855072463768116
3 0.5016666666666667 0.21739130434782608 0.9950000000000001 0.2565217391304348
3 0.4972916666666667 0.4847826086956522 0.9945833333333334 0.2565217391304348
