2 0.05625 0.042028985507246375 0.08416666666666667 0.08260869565217391
2 0.13479166666666667 0.042028985507246375 0.07625 0.08405797101449275
2 0.21708333333333335 0.041666666666666664 0.08750000000000001 0.08333333333333333
2 0.2947916666666667 0.040942028985507244 0.07541666666666667 0.08188405797101449
2 0.36895833333333333 0.040942028985507244 0.07541666666666667 0.08188405797101449
2 0.05437500000000001 0.2768115942028986 0.059583333333333335 0.07536231884057971
2 0.05645833333333334 0.5971014492753624 0.06791666666666667 0.08260869565217391
2 0.304375 0.5652173913043478 0.06791666666666667 0.08260869565217391
2 0.551875 0.5927536231884059 0.06791666666666667 0.08260869565217391
2 0.7993750000000001 0.5673913043478261 0.06791666666666667 0.08260869565217391
2 0.059375000000000004 0.855072463768116 0.07875 0.08405797101449275
2 0.5577083333333334 0.855072463768116 0.07791666666666668 0.07681159420289856
7 0.05437500000000001 0.4318840579710145 0.058750000000000004 0.07391304347826087
7 0.30312500000000003 0.42318840579710143 0.058750000000000004 0.07391304347826087
7 0.5545833333333333 0.41630434782608694 0.07500000000000001 0.07028985507246377
7 0.7983333333333333 0.425 0.07500000000000001 0.07028985507246377
7 0.06208333333333334 0.7365942028985507 0.07500000000000001 0.07028985507246377
7 0.5591666666666667 0.7365942028985507 0.07500000000000001 0.07028985507246377
1 0.185625 0.21268115942028987 0.32625000000000004 0.042753623188405795
7 0.04854166666666667 0.16231884057971013 0.05708333333333334 0.06231884057971015
1 0.1275 0.5010869565217392 0.21083333333333334 0.08768115942028985
1 0.3741666666666667 0.49420289855072463 0.22083333333333335 0.07681159420289856
1 0.6125 0.5043478260869565 0.1991666666666667 0.0927536231884058
1 0.853125 0.4985507246376812 0.18625 0.07101449275362319
1 0.17958333333333334 0.7949275362318841 0.315 0.043478260869565216
1 0.6893750000000001 0.797463768115942 0.33458333333333334 0.04710144927536232
4 0.4972916666666667 0.21992753623188407 0.9929166666666668 0.25869565217391305
6 0.12937500000000002 0.5086956521739131 0.2529166666666667 0.3159420289855073
6 0.37562500000000004 0.5014492753623189 0.2504166666666667 0.30289855072463767
6 0.62375 0.5101449275362319 0.24583333333333335 0.3130434782608696
6 0.8704166666666667 0.4960144927536232 0.24500000000000002 0.2891304347826087
5 0.24791666666666667 0.8003623188405797 0.49583333333333335 0.26014492753623186
5 0.7512500000000001 0.8018115942028986 0.4966666666666667 0.26014492753623186
3 0.5022916666666667 0.04782608695652174 0.9945833333333334 0.09565217391304348
3 0.4997916666666667 0.21811594202898552 0.9995833333333334 0.2579710144927536
3 0.4995833333333334 0.5014492753623189 0.9991666666666668 0.32028985507246377
3 0.4997916666666667 0.8036231884057972 0.9995833333333334 0.2739130434782609
