2 0.3153692614770459 0.20314389359129384 0.11633875106929 0.10076582023377671
2 0.5765611633875107 0.19991938734381298 0.11804961505560309 0.12333736396614269
2 0.8930710008554321 0.24808544941555824 0.14713430282292558 0.12777106005642885
2 0.21670943826632452 0.42200725513905685 0.12204163102366695 0.0886739218057235
2 0.4570858283433134 0.43833131801692865 0.10835471913316226 0.0939137444578799
2 0.5846877673224979 0.5201531640467554 0.09894496720844027 0.10519951632406288
2 0.897063016823496 0.41938734381297865 0.13800969489592246 0.12535268037081823
2 0.8186484174508127 0.7496977025392987 0.20929569432563447 0.12978637646110439
1 0.15654405474764757 0.15497783151954858 0.19332763045337897 0.22370012091898428
1 0.5034217279726262 0.09068923821039904 0.2107214143142287 0.07255139056831923
1 0.46863416025092675 0.19085046352277307 0.11719418306244654 0.12293430068520758
1 0.807955517536356 0.1336154776299879 0.21927573424579413 0.10519951632406288
1 0.7564870259481038 0.2327690447400242 0.13686911890504705 0.13341394598952036
1 0.12631879098944968 0.43833131801692865 0.08383233532934133 0.1656590084643289
1 0.36170516110635875 0.43893591293833134 0.0949529512403764 0.2297460701330109
1 0.6230396350156829 0.4070939137444579 0.15055603079555177 0.12091898428053205
1 0.6638152266894782 0.5126964933494559 0.06102081551183348 0.1128577186618299
1 0.796549757627602 0.4641273679967755 0.07442258340461934 0.19709794437726724
1 0.8587111491303109 0.5290205562273277 0.13373253493013973 0.0939137444578799
1 0.37781579697747364 0.6908504635227731 0.4682064442543485 0.1241434905280129
1 0.2771599657827203 0.8738411930673116 0.3604220131166239 0.14349052801289802
6 0.1679498146564015 0.43933897621926643 0.2463644140290847 0.25957275292220877
6 0.4016253207869975 0.44619105199516323 0.24493869404049046 0.32245062474808545
6 0.629740518962076 0.4663442160419186 0.23524379811804963 0.3022974607013301
6 0.8591388651268892 0.48024989923417977 0.2629027658967779 0.3260781942765014
4 0.5105503279155974 0.7063683998387748 0.9629312802965498 0.2607819427650141
4 0.5105503279155974 0.8692059653365579 0.9629312802965498 0.2607819427650141
3 0.5017108639863131 0.1717049576783555 0.9960079840319362 0.32889963724304716
3 0.5017108639863131 0.47440548166062074 0.9960079840319362 0.32889963724304716
3 0.5017108639863131 0.7146311970979444 0.9960079840319362 0.32889963724304716
3 0.5088394639292844 0.8734381297863765 0.9817507841459938 0.2523176138653769
