2 0.10022811519817508 0.09189842805320436 0.14913031080695752 0.11527609834744056
2 0.3129455374964357 0.08061265618702136 0.13544339891645282 0.11769447803305119
2 0.5173937838608498 0.07416364369205966 0.13544339891645282 0.11769447803305119
2 0.7489307100085544 0.07013301088270858 0.13544339891645282 0.11769447803305119
2 0.14813230681494155 0.32688432083837166 0.10692899914456802 0.07738814993954052
2 0.3186484174508127 0.31358323256751314 0.10692899914456802 0.07738814993954052
2 0.5148274878813801 0.2984683595324466 0.12631879098944968 0.08020959290608626
2 0.738380382092957 0.2920193470374849 0.12631879098944968 0.08020959290608626
2 0.2884231536926148 0.4492140266021766 0.125748502994012 0.1124546553808948
2 0.6794981465640149 0.4256348246674728 0.06786427145708583 0.06529625151148731
2 0.7487881380096949 0.4238210399032648 0.07470772740233819 0.0705360741636437
2 0.6800684345594525 0.48347440548166065 0.07470772740233819 0.0705360741636437
2 0.7524950099800399 0.4927448609431681 0.07470772740233819 0.0705360741636437
2 0.19803250641573997 0.6694881096332125 0.19760479041916168 0.07577589681580009
2 0.4586541203307671 0.6783555018137848 0.19760479041916168 0.07577589681580009
2 0.7503564299971486 0.6844014510278114 0.19760479041916168 0.07577589681580009
2 0.26832050185343603 0.9081015719467956 0.19161676646706588 0.08141878274889158
2 0.5839749073282008 0.9030632809351069 0.10949529512403765 0.08020959290608626
2 0.7235528942115769 0.9028617492946392 0.17251211861990307 0.09673518742442563
1 0.15041345879669235 0.4433696090286175 0.1377245508982036 0.0951229343006852
1 0.4278585685771315 0.44498186215235797 0.1377245508982036 0.0951229343006852
1 0.17821499857428003 0.5927045546150745 0.19560878243512975 0.0761789600967352
1 0.459652124322783 0.6039903264812576 0.19560878243512975 0.0761789600967352
1 0.750499001996008 0.6043933897621927 0.19560878243512975 0.0761789600967352
1 0.2090105503279156 0.8198307134220073 0.17678927858568577 0.09028617492946393
1 0.6641003706871971 0.8020959290608626 0.3056743655546051 0.10076582023377671
6 0.15055603079555177 0.2682386134623136 0.20188195038494441 0.2124143490528013
6 0.33033932135728544 0.25977428456267637 0.18848018249215856 0.21160822249093109
6 0.5269461077844312 0.2517130189439742 0.2349586541203308 0.2124143490528013
6 0.7402338180781295 0.250906892382104 0.2349586541203308 0.2124143490528013
4 0.46364414029084694 0.45324465941152764 0.8662674650698603 0.17936316001612254
6 0.24365554605075565 0.8502619911326078 0.40404904476760767 0.24627166465135028
6 0.6740804106073568 0.8516727126158807 0.47105788423153694 0.2523176138653769
3 0.4857428001140576 0.07255139056831923 0.9520958083832336 0.14510278113663846
3 0.48260621613915033 0.2529222087867795 0.9652124322783007 0.22531237404272472
3 0.479469632164243 0.4467956469165659 0.958939264328486 0.1777509068923821
3 0.48175078414599376 0.6309955663039097 0.9635015682919875 0.230149133413946
3 0.4838893641288851 0.8611446997178558 0.9677787282577702 0.2769044740024184
