2 0.14371257485029942 0.13502619911326078 0.22013116623895068 0.2305521966948811
2 0.367835757057314 0.13704151551793634 0.2566295979469632 0.25070536074163646
2 0.2249786142001711 0.4175735590487707 0.09124607927003137 0.1128577186618299
2 0.4332763045337896 0.38452237001209194 0.08810949529512405 0.1588069326884321
2 0.6546906187624751 0.39137444578798875 0.12204163102366695 0.20395002015316405
2 0.9037639007698889 0.41253526803708185 0.13088109495295125 0.2172511084240226
2 0.4372683205018535 0.639459895203547 0.197034502423724 0.15114873035066506
2 0.8534359851725122 0.6672712615880694 0.2155688622754491 0.16888351471180976
2 0.6170516110635872 0.8631600161225312 0.19389791844881668 0.1713018943974204
1 0.35101226119190193 0.367795243853285 0.08953521528371829 0.13905683192261187
1 0.12275449101796408 0.3466344216041919 0.11149130310806958 0.12333736396614269
1 0.5568862275449102 0.3990326481257558 0.08497291132021671 0.17896009673518742
1 0.801254633589963 0.4018540910923015 0.12033076703735388 0.18460298266827893
1 0.20402053036783577 0.6027811366384522 0.22155688622754494 0.12777106005642885
1 0.640861134873111 0.6279725916968965 0.20672939834616483 0.15800080612656187
1 0.8146564014827489 0.8704151551793632 0.2155688622754491 0.15679161628375657
1 0.29940119760479045 0.8492543329302701 0.37296834901625325 0.20153164046755342
6 0.17222697462218423 0.3810963321241435 0.27088679783290565 0.28012898024989924
6 0.3964927288280582 0.3941958887545345 0.21699458226404336 0.2789197904070939
6 0.6147704590818364 0.3931882305521967 0.2617621899059025 0.2825473599355099
6 0.8521528371827773 0.4044740024183797 0.281437125748503 0.3115679161628376
4 0.5169660678642715 0.6483272873841194 0.9615055603079556 0.2809351068117695
4 0.5143997718848019 0.8496573962112052 0.9706301682349587 0.271664651350262
3 0.5008554319931566 0.13522773075372835 0.9977188480182493 0.2599758162031439
3 0.5008554319931566 0.38653768641676745 0.9977188480182493 0.29181781539701734
3 0.5039920159680639 0.6469165659008465 0.9914456800684346 0.2660217654171705
3 0.5024237239806102 0.8587263200322451 0.9945822640433419 0.28174123337363965
