2 0.18505845451953237 0.1146715034260379 0.19161676646706588 0.16324062877871826
2 0.44111776447105794 0.10378879484079001 0.19161676646706588 0.16324062877871826
2 0.7661819218705447 0.28012898024989924 0.1459937268320502 0.13139862958484483
2 0.22141431422868552 0.5838371624345022 0.2107214143142287 0.0947198710197501
2 0.7408041060735672 0.5340588472390165 0.1733675506130596 0.2007255139056832
2 0.27701739378386087 0.8301088270858525 0.18334759053321928 0.13905683192261187
2 0.6381522668947819 0.8738411930673116 0.23438836612489308 0.10963321241434906
1 0.39962931280296554 0.28436114469971785 0.5431993156544055 0.1060056428859331
1 0.25078414599372684 0.47762998790810157 0.2392358140861135 0.12978637646110439
1 0.5608782435129741 0.5185409109230149 0.17964071856287425 0.19145505844417574
1 0.20074137439406903 0.7456670697299477 0.16310236669518108 0.05723498589278517
1 0.5714285714285715 0.7644095122934301 0.245794126033647 0.13180169286577995
4 0.5014257199885943 0.3014913341394599 0.8813800969489592 0.23297057638049173
5 0.2539207299686342 0.5308343409915357 0.3880809808953522 0.3079403466344216
5 0.6509837467921301 0.5292220878677952 0.4955802680353579 0.2885933091495365
5 0.2236954662104363 0.809149536477227 0.3299116053607072 0.2769044740024184
5 0.6030795551753636 0.8216444981862153 0.3929284288565726 0.29705763804917373
3 0.5068434559452524 0.09955663039097139 0.9338465925292273 0.19347037484885127
3 0.520815511833476 0.28879484079000406 0.9577986883376106 0.24546553808948005
3 0.5205303678357571 0.5364772269246272 0.9583689763330483 0.294236195082628
3 0.5132591958939264 0.8311164852881903 0.962646136298831 0.33212414349052805
