2 0.1822070145423439 0.27932285368802906 0.19903051040775593 0.13865376864167675
2 0.3992015968063873 0.09673518742442563 0.1591103507271172 0.12333736396614269
2 0.6333048189335615 0.2893994357114067 0.13800969489592246 0.10721483272873841
2 0.8714000570287996 0.5316404675534059 0.15454804676361564 0.19588875453446192
2 0.14342743085258056 0.6852075775896816 0.18477331052181353 0.1354292623941959
2 0.5767037353863702 0.8905683192261186 0.19247219846022243 0.10761789600967352
2 0.807955517536356 0.8593309149536478 0.15768463073852296 0.12736799677549376
1 0.17792985457656119 0.12152357920193471 0.21214713430282295 0.13663845223700122
1 0.42457941260336474 0.2418379685610641 0.20017108639863132 0.18702136235388958
1 0.6455660108354719 0.1414752116082225 0.17165668662674652 0.18137847642079807
1 0.8661248930710009 0.2037484885126965 0.17422298260621616 0.27448609431680776
1 0.3033932135728543 0.47178557033454255 0.42372398061020816 0.13422007255139057
1 0.6776447105788423 0.5151148730350665 0.21870544625035646 0.18702136235388958
1 0.13743940690048476 0.8460298266827893 0.16310236669518108 0.18137847642079807
1 0.35129740518962077 0.7871825876662636 0.1442828628457371 0.27650141072148327
1 0.6025092671799259 0.756348246674728 0.17735956658112348 0.20838371624345023
1 0.8297690333618478 0.7496977025392987 0.16937553464499575 0.16122531237404272
6 0.16595380667236956 0.18984280532043532 0.29769033361847735 0.35147118097541313
6 0.42301112061591106 0.19891172914147523 0.26832050185343603 0.36880290205562277
6 0.6508411747932706 0.2097944377267231 0.25007128599942974 0.3833131801692866
6 0.8732534930139721 0.2106005642885933 0.25007128599942974 0.39621120515921
4 0.5126889078984888 0.51894397420395 0.9740518962075849 0.32043530834340994
6 0.1489877388080981 0.7803305118903668 0.27630453378956377 0.388553002821443
6 0.37197034502423726 0.7795243853284967 0.27630453378956377 0.388553002821443
6 0.5935272312517822 0.8053204353083434 0.27630453378956377 0.388553002821443
6 0.8316224693470203 0.803305118903668 0.27630453378956377 0.388553002821443
3 0.5004277159965783 0.2146311970979444 0.9985742800114058 0.42361950826279726
3 0.5004277159965783 0.5157194679564692 0.9985742800114058 0.29705763804917373
3 0.49985742800114064 0.7934300685207578 0.9997148560022813 0.4123337363966143
