1 0.1797832905617337 0.1414752116082225 0.19247219846022243 0.18137847642079807
1 0.4526660963786713 0.10399032648125756 0.23296264613629886 0.1354292623941959
1 0.7707442258340462 0.08726320032245063 0.2765896777872826 0.05280128980249899
1 0.7754491017964072 0.3794840790004031 0.32078699743370404 0.2946392583635631
1 0.47291132021670945 0.48871422813381704 0.17479327060165384 0.07376058041112454
1 0.19332763045337897 0.3923821039903265 0.2178500142571999 0.14308746473196293
1 0.3790989449672085 0.7253123740427248 0.4719133162246935 0.1713018943974204
1 0.7573424579412604 0.8278919790407094 0.22583404619332764 0.07819427650141073
2 0.5213857998289136 0.22591696896412738 0.1377245508982036 0.11084240225715437
2 0.7342457941260337 0.1803708182184603 0.21613915027088682 0.10197501007658202
2 0.4595095523239236 0.38008867392180573 0.14171656686626746 0.11608222490931076
2 0.23410322212717424 0.4975816203143894 0.11861990305104078 0.08504635227730754
2 0.7611919019104648 0.7271261588069328 0.2415169660678643 0.16122531237404272
3 0.4931565440547477 0.3147924224103184 0.9806102081551185 0.6295848448206368
3 0.5069860279441119 0.7672309552599759 0.9763330481893356 0.2954453849254333
