2 0.12232677502138581 0.13825070536074163 0.19332763045337897 0.19669488109633212
2 0.31408611348731114 0.1271664651350262 0.23125178214998576 0.2124143490528013
2 0.49301397205588826 0.39177750906892383 0.19161676646706588 0.14913341394598953
2 0.3006843455945253 0.7343812978637646 0.15996578272027376 0.13784764207980654
2 0.8277730253778158 0.7831519548569126 0.15625891074992873 0.12978637646110439
1 0.20801254633589963 0.38694074969770254 0.326489877388081 0.2418379685610641
1 0.7385229540918165 0.398024989923418 0.285143997718848 0.22370012091898428
1 0.5925292272597662 0.7519145505844418 0.2954091816367266 0.3180169286577993
1 0.22811519817507844 0.6259572752922209 0.2891360136869119 0.08383716243450222
1 0.15183917878528658 0.7720677146311972 0.1394354148845167 0.21483272873841194
1 0.22925577416595383 0.8653768641676743 0.22013116623895068 0.08383716243450222
4 0.4864556601083548 0.40568319226118504 0.9729113202167096 0.34461910519951633
5 0.21984602224123184 0.7583635630794034 0.4277159965782721 0.46795646916565903
5 0.6800684345594525 0.7623941958887546 0.5605930995152553 0.42200725513905685
3 0.4970059880239521 0.1309955663039097 0.9854576561163388 0.23861346231358324
3 0.49985742800114064 0.4062877871825877 0.9997148560022813 0.3305118903667876
3 0.49985742800114064 0.7521160822249093 0.9997148560022813 0.4586860137041516
