2 0.3163672654690619 0.12918178153970175 0.13145138294838896 0.12293430068520758
2 0.49472483604220135 0.2519145505844418 0.14884516680923868 0.11527609834744056
2 0.41103507271171946 0.43268843208383717 0.13544339891645282 0.13422007255139057
2 0.8357570573139436 0.44054816606207176 0.18306244653550044 0.1523579201934704
2 0.2298260621613915 0.6571946795646917 0.11006558311947534 0.135832325675131
2 0.470059880239521 0.7954453849254334 0.11092101511263189 0.11890366787585652
2 0.5933846592529227 0.647118097541314 0.1323068149415455 0.13341394598952036
2 0.8293413173652695 0.7692462716646514 0.12917023096663816 0.1285771866182991
1 0.16124893071000856 0.17291414752116083 0.1804961505560308 0.1700927045546151
1 0.5932420872540634 0.12636033857315598 0.33504419731964646 0.12212817412333737
1 0.6713715426290278 0.24405481660620718 0.1964642144282863 0.08585247883917775
1 0.31137724550898205 0.21946795646916567 0.14827487881380097 0.07940346634421605
1 0.19603649843170803 0.4467956469165659 0.25178214998574283 0.16888351471180976
1 0.6134873110921015 0.4361144699717856 0.26318790989449675 0.21039903264812576
1 0.1335899629312803 0.7164449818621524 0.10464784716281723 0.20274083031035872
1 0.4147419446820645 0.6640467553405885 0.183917878528657 0.16243450221684805
1 0.6464214428286285 0.7813381700927046 0.1733675506130596 0.13744457879887143
1 0.8617051611063588 0.6503426037887948 0.1750784145993727 0.10197501007658202
1 0.9184488166524095 0.7926239419588876 0.06672369546621044 0.20274083031035872
1 0.8622754491017964 0.8553002821442967 0.15055603079555177 0.07496977025392987
4 0.21157684630738524 0.16888351471180976 0.4111776447105789 0.30390971382507054
4 0.6171941830624466 0.17190648931882307 0.4473909324208726 0.29302700523982267
4 0.5011405759908755 0.45445384925433296 0.9726261762189906 0.3123740427247078
6 0.17664670658682635 0.7422410318419992 0.2985457656116339 0.3615477629987908
6 0.4198745366410037 0.7271261588069328 0.2512118619903051 0.36275695284159615
6 0.6462788708297691 0.7255139056831923 0.24950099800399203 0.3619508262797259
6 0.8771029369831765 0.7537283353486498 0.24522383803820932 0.36920596533655786
3 0.4942971200456231 0.16666666666666669 0.9863130881094954 0.32365981459089077
3 0.5065583119475335 0.45364772269246273 0.9863130881094954 0.32365981459089077
3 0.5068434559452524 0.7404272470777913 0.9857428001140577 0.4014510278113664
