2 0.11420017108639864 0.07779121322047562 0.12118619903051042 0.10076582023377671
2 0.31408611348731114 0.06509471987101975 0.20273738237810096 0.11084240225715437
2 0.5520387795836899 0.06831922611850061 0.13857998289136014 0.10197501007658202
2 0.778728257770174 0.06711003627569528 0.24009124607927004 0.13341394598952036
2 0.16167664670658685 0.3681983071342201 0.11976047904191618 0.07940346634421605
2 0.4294268605645851 0.35711406690850467 0.1733675506130596 0.1128577186618299
2 0.7700313658397492 0.37222893994357115 0.15768463073852296 0.11003627569528417
2 0.21827773025377817 0.5759774284562676 0.11263187909894498 0.08948004836759371
2 0.45081266039349877 0.5765820233776703 0.08953521528371829 0.08585247883917775
2 0.7152837182777303 0.5894800483675937 0.09723410322212718 0.07134220072551391
2 0.8795266609637867 0.6007658202337768 0.07442258340461934 0.06489318823055219
2 0.15882520672939837 0.8419991938734381 0.07927003136583975 0.06852075775896817
2 0.2891360136869119 0.7692462716646514 0.11976047904191618 0.15114873035066506
2 0.5704305674365555 0.8782748891575978 0.1559737667522099 0.08303103587263201
2 0.7818648417450813 0.8010882708585249 0.17678927858568577 0.1946795646916566
1 0.4016253207869975 0.22611850060459493 0.5791274593669804 0.0886739218057235
1 0.13458796692329628 0.5155179363160016 0.08155118334759054 0.08706166868198308
1 0.4225834046193328 0.5016122531237405 0.1710863986313088 0.07940346634421605
1 0.6796407185628743 0.5100765820233777 0.11491303108069575 0.06489318823055219
1 0.8863701169090391 0.5372833534864974 0.06073567151411463 0.03708182184602983
1 0.16595380667236956 0.747279322853688 0.11234673510122613 0.08706166868198308
1 0.5651554034787568 0.7664248286981057 0.1283147989734816 0.12535268037081823
4 0.5064157399486742 0.28395808141878276 0.9865982321072142 0.3228536880290206
6 0.16837753065297978 0.5419185812172511 0.2865697177074423 0.23176138653768644
6 0.4164528086683776 0.5421201128577187 0.2626176218990591 0.23538895606610238
6 0.6690903906472769 0.5525997581620314 0.2626176218990591 0.23538895606610238
6 0.9009124607927004 0.5661023780733575 0.19760479041916168 0.22128174123337366
5 0.2249786142001711 0.7859733978234583 0.362132877102937 0.26118500604594924
5 0.7090105503279156 0.7936316001612254 0.532934131736527 0.2877871825876663
3 0.5064157399486742 0.07577589681580009 0.9865982321072142 0.14349052801289802
3 0.5041345879669233 0.2912132204756147 0.9911605360707157 0.3188230552196695
3 0.5008554319931566 0.5513905683192262 0.9977188480182493 0.24425634824667475
3 0.49985742800114064 0.8194276501410722 0.9997148560022813 0.30390971382507054
