2 0.3852295409181637 0.1267634018540911 0.20815511833475908 0.19306731156791618
2 0.10778443113772455 0.39298669891172916 0.09580838323353294 0.18702136235388958
2 0.3601368691189051 0.35368802902055624 0.11234673510122613 0.17372027408303103
2 0.6756487025948105 0.44619105199516323 0.16566866267465072 0.16364369205965337
2 0.8788138009694897 0.45062474808544944 0.15055603079555177 0.14993954050785974
2 0.4234388366124893 0.8051189036678759 0.2469347020245224 0.15114873035066506
2 0.8224978614200171 0.7388149939540508 0.1964642144282863 0.15558242644095124
1 0.636869118905047 0.10681176944780331 0.24607927003136587 0.13865376864167675
1 0.21057884231536927 0.38976219266424833 0.11320216709438267 0.19588875453446192
1 0.45423438836612495 0.3609431680773882 0.0729968634160251 0.16807738814993956
1 0.39207299686341607 0.486900443369609 0.1591103507271172 0.08383716243450222
1 0.6444254348445966 0.3095525997581621 0.2013116623895067 0.13462313583232569
1 0.5678642714570858 0.45062474808544944 0.0641573994867408 0.12091898428053205
1 0.8741089250071287 0.30834340991535675 0.1804961505560308 0.13865376864167675
1 0.1870544625035643 0.7652156388553003 0.2035928143712575 0.25110842402257155
1 0.5156829198745366 0.675534058847239 0.4268605645851155 0.10963321241434906
1 0.605218135158255 0.8913744457879887 0.6156258910749929 0.0705360741636437
6 0.1619617907043057 0.4097138250705361 0.27088679783290565 0.33897621926642485
6 0.40404904476760767 0.40810157194679564 0.2463644140290847 0.3422007255139057
6 0.6472768748217851 0.38432083837162434 0.25719988594240095 0.3607416364369206
6 0.8711149130310808 0.38230552196694884 0.25719988594240095 0.3607416364369206
4 0.5002851439977188 0.7758968158000806 0.9538066723695467 0.3595324465941153
3 0.5052751639577987 0.10358726320032245 0.988879384088965 0.19911326078194277
3 0.5001425719988595 0.39600967351874244 0.9928714000570289 0.3937928254735994
3 0.5064157399486742 0.7797259169689642 0.9865982321072142 0.39137444578798875
