2 0.12845737097234106 0.09955663039097139 0.14342743085258056 0.1354292623941959
2 0.2841459937268321 0.09028617492946393 0.12802965497576277 0.12978637646110439
2 0.41588252067293985 0.08504635227730754 0.12802965497576277 0.12978637646110439
2 0.35885372112917024 0.23941958887545345 0.1086398631308811 0.11043933897621927
2 0.4657827202737383 0.2365981459089077 0.1086398631308811 0.11043933897621927
2 0.567579127459367 0.2365981459089077 0.1086398631308811 0.11043933897621927
2 0.16338751069289992 0.5257960499798469 0.10949529512403765 0.0947198710197501
2 0.4319931565440548 0.5124949617089883 0.10949529512403765 0.0947198710197501
2 0.7172797262617623 0.5348649738008867 0.13430282292557744 0.09592906086255543
2 0.3418876532648988 0.6962918178153971 0.12660393498716854 0.08182184602982669
2 0.5189620758483035 0.7128174123337364 0.1020815511833476 0.06972994760177348
2 0.7701739378386085 0.699919387343813 0.1020815511833476 0.06972994760177348
2 0.34103222127174226 0.8434099153567111 0.10949529512403765 0.10116888351471182
2 0.7296834901625321 0.8341394598952035 0.2332477901340177 0.11890366787585652
1 0.18334759053321928 0.24405481660620718 0.20758483033932137 0.07295445384925434
1 0.20245223838038212 0.4316807738814994 0.19332763045337897 0.1120515920999597
1 0.46378671228970636 0.4175735590487707 0.20729968634160253 0.09995969367190649
1 0.7433704020530368 0.41092301491334143 0.18078129455374967 0.11970979443772672
1 0.14941545480467638 0.6509471987101976 0.0855431993156544 0.051592099959693674
1 0.340604505275164 0.6392583635630794 0.10692899914456802 0.041112454655380895
1 0.5259481037924152 0.6600161225312374 0.0943826632449387 0.044740024183796856
1 0.7845737097234103 0.6396614268440145 0.12061591103507271 0.04030632809351068
1 0.17351012261191903 0.8609431680773881 0.13544339891645282 0.06610237807335752
1 0.5322212717422299 0.8508665860540106 0.14970059880239522 0.0951229343006852
4 0.4970059880239521 0.24385328496573963 0.9535215283718278 0.2257154373236598
6 0.1596806387225549 0.6779524385328497 0.2155688622754491 0.15477629987908104
6 0.34702024522383806 0.6785570334542523 0.206444254348446 0.18661829907295446
6 0.5566010835471914 0.6902458686013705 0.22925577416595383 0.17936316001612254
6 0.8197889934416881 0.675130995566304 0.3336184773310522 0.17331721080209594
5 0.24764756201881952 0.8502619911326078 0.34530938123752497 0.15679161628375657
5 0.6924721984602225 0.850665054413543 0.5209580838323353 0.23740427247077792
3 0.49586541203307677 0.08444175735590488 0.9654975762760195 0.15679161628375657
3 0.5018534359851725 0.24163643692059655 0.9820359281437127 0.22128174123337366
3 0.49828913601368696 0.4667472793228537 0.9874536641003707 0.28536880290205563
3 0.5028514399771885 0.6721080209592907 0.9863130881094954 0.1946795646916566
3 0.5055603079555175 0.8653768641676743 0.9883090960935274 0.2249093107617896
