5 0.29826062161391503 0.16082224909310763 0.3518676931850585 0.3022974607013301
2 0.3751069289991446 0.22108020959290609 0.14913031080695752 0.11003627569528417
2 0.6491303108069576 0.23962112051592102 0.16338751069289992 0.09310761789600967
1 0.29868833761049335 0.09915356711003628 0.228970630168235 0.12091898428053205
1 0.6035072711719419 0.13160016122531237 0.23068149415454806 0.13663845223700122
5 0.6391502708867979 0.17069729947601775 0.38408896492728833 0.313180169286578
2 0.5493299116053607 0.4455864570737606 0.23467351012261195 0.1890366787585651
1 0.7651839178785287 0.4798468359532447 0.2512118619903051 0.21483272873841194
1 0.25862560593099515 0.41979040709391374 0.3404619332763046 0.15114873035066506
1 0.7124322783005418 0.7664248286981057 0.3800969489592244 0.26642482869810563
2 0.40561733675506134 0.656187021362354 0.19418306244653552 0.11769447803305119
2 0.18819503849443972 0.70757758968158 0.22355289421157687 0.16888351471180976
4 0.5014257199885943 0.4647319629181782 0.9640718562874252 0.30552196694881095
4 0.508411747932706 0.7575574365175333 0.9826062161391503 0.4010479645304313
3 0.5199600798403194 0.17110036275695284 0.9595095523239237 0.3422007255139057
3 0.4977188480182493 0.4572752922208787 0.9595095523239237 0.3430068520757759
3 0.49714856002281155 0.739621120515921 0.9595095523239237 0.3426037887948408
