2 0.1283147989734816 0.10358726320032245 0.1750784145993727 0.1588069326884321
2 0.3093812375249501 0.08020959290608626 0.1750784145993727 0.1588069326884321
2 0.650270886797833 0.09189842805320436 0.19418306244653552 0.17573559048770657
2 0.8413173652694611 0.08988311164852883 0.19418306244653552 0.17573559048770657
2 0.40818363273453095 0.2968561064087062 0.19076133447390933 0.15276098347440548
2 0.5610208155118335 0.2619911326078194 0.05275163957798689 0.05723498589278517
2 0.7700313658397492 0.33857315598548976 0.11947533504419733 0.07174526400644901
2 0.6174793270601654 0.2555421201128577 0.05275163957798689 0.05723498589278517
2 0.5872540633019675 0.3121725110842402 0.06358711149130311 0.06892382103990327
2 0.19446820644425436 0.3593309149536477 0.10949529512403765 0.06811769447803305
2 0.39264328485885375 0.48548972188633616 0.1169090390647277 0.09794437726723096
2 0.8467351012261193 0.4911326078194277 0.17536355859709155 0.1180975413139863
2 0.5768463073852296 0.528415961305925 0.1020815511833476 0.0709391374445788
2 0.5302252637581979 0.6459089076985087 0.11263187909894498 0.09955663039097139
2 0.745794126033647 0.692664248286981 0.20102651839178787 0.06247480854494156
2 0.1412888508696892 0.8367593712212817 0.0955232392358141 0.07013301088270858
2 0.3896492728828059 0.8486497380088674 0.14856002281151984 0.09310761789600967
2 0.6569717707442259 0.8542926239419589 0.1157684630738523 0.07940346634421605
2 0.8607071571143428 0.8679967754937525 0.10749928714000571 0.07214832728738413
1 0.20074137439406903 0.28819024586860137 0.17907043056743657 0.08303103587263201
1 0.8006843455945253 0.26158806932688433 0.17907043056743657 0.08303103587263201
1 0.22098659823210723 0.4889157597742846 0.19389791844881668 0.08706166868198308
1 0.6196179070430567 0.45707376058041116 0.19389791844881668 0.08706166868198308
1 0.18733960650128317 0.6420798065296252 0.19389791844881668 0.08706166868198308
1 0.7476475620188195 0.6283756549778315 0.1910464784716282 0.06529625151148731
1 0.15654405474764757 0.7853688029020557 0.1015112631879099 0.029423619508262798
1 0.3706871970345025 0.7756952841596131 0.1015112631879099 0.029423619508262798
1 0.6545480467636157 0.7896009673518742 0.09837467921300258 0.041112454655380895
1 0.8589962931280297 0.803305118903668 0.09837467921300258 0.041112454655380895
3 0.49985742800114064 0.0973397823458283 0.9404049044767608 0.1825876662636034
4 0.4934416880524665 0.30128980249899234 0.941830624465355 0.21160822249093109
5 0.2688907898488737 0.48992341797662237 0.4357000285143998 0.1656590084643289
5 0.7268320501853437 0.4879081015719468 0.4796122041631024 0.17855703345425233
6 0.174508126603935 0.8246674727932286 0.20929569432563447 0.17896009673518742
6 0.41274593669803256 0.8343409915356711 0.2745936698032507 0.19750100765820236
6 0.6591103507271172 0.8345425231761386 0.2255489021956088 0.20193470374848851
6 0.869831765041346 0.8393792825473599 0.2255489021956088 0.20193470374848851
3 0.5075563159395495 0.2916162837565498 0.9712004562303964 0.21483272873841194
3 0.5065583119475335 0.49334945586457074 0.9863130881094954 0.17412333736396615
3 0.5002851439977188 0.6505441354292624 0.9863130881094954 0.17412333736396615
3 0.5031365839749073 0.8379685610640871 0.9931565440547477 0.23297057638049173
