2 0.13986313088109498 0.10963321241434906 0.17251211861990307 0.1531640467553406
2 0.3692614770459082 0.09814590890769852 0.2668947818648418 0.15840386940749698
2 0.8018249215854006 0.07900040306328093 0.2668947818648418 0.15800080612656187
2 0.25705731394354153 0.29564691656590086 0.15540347875677218 0.11970979443772672
2 0.6305959509552325 0.3069326884320839 0.11947533504419733 0.10439338976219267
2 0.8916452808668378 0.36860137041515517 0.1300256629597947 0.10358726320032245
2 0.14285714285714288 0.6156791616283757 0.1300256629597947 0.10358726320032245
2 0.40347875677217 0.600161225312374 0.1015112631879099 0.09270455461507457
2 0.5738522954091817 0.6344216041918581 0.11719418306244654 0.09109230149133414
2 0.8203592814371258 0.6642482869810561 0.12660393498716854 0.09189842805320436
2 0.2611919019104648 0.8498589278516727 0.1026518391787853 0.10197501007658202
2 0.5595950955232393 0.8655783958081419 0.12859994297120048 0.09955663039097139
2 0.8585685771314514 0.8835147118097542 0.11633875106929 0.09351068117694479
6 0.1133447390932421 0.5824264409512294 0.22269746221842032 0.2426440951229343
6 0.34459652124322787 0.5725513905683193 0.2529227259766182 0.26642482869810563
6 0.5966638152266895 0.5953244659411527 0.26204733390362134 0.2660217654171705
6 0.8336184773310522 0.6215235792019347 0.26204733390362134 0.2660217654171705
3 0.5005702879954378 0.09633212414349053 0.9560878243512975 0.18460298266827893
3 0.5076988879384089 0.3232567513099557 0.9840319361277445 0.27488915759774285
3 0.4984317080125464 0.5939137444578799 0.9968634160250928 0.3043127771060057
3 0.500998003992016 0.8706166868198307 0.9974337040205304 0.23538895606610238
