2 0.12360992301112063 0.0947198710197501 0.14970059880239522 0.16122531237404272
2 0.3066723695466211 0.094316807738815 0.2130025662959795 0.1596130592503023
2 0.5570287995437696 0.0939137444578799 0.2398061020815512 0.16041918581217252
2 0.19846022241231823 0.4014510278113664 0.15340747077274025 0.10076582023377671
2 0.7533504419731966 0.3508665860540105 0.24864556601083548 0.21483272873841194
2 0.7640433418876533 0.6203143893591294 0.13316224693470202 0.16928657799274488
2 0.2041631023666952 0.8833131801692866 0.17564870259481039 0.0769850866586054
2 0.452238380382093 0.9014510278113664 0.17564870259481039 0.0769850866586054
2 0.7224123182207015 0.8937928254735994 0.19589392643284861 0.09633212414349053
1 0.21856287425149704 0.2871825876662636 0.22098659823210723 0.12535268037081823
1 0.39977188480182496 0.5872632003224506 0.5828343313373254 0.2055622732769045
1 0.19560878243512975 0.8045143087464732 0.15169660678642716 0.0765820233776703
1 0.45737097234103224 0.8069326884320839 0.15169660678642716 0.0765820233776703
1 0.7450812660393499 0.8216444981862153 0.13287710293698318 0.06569931479242241
4 0.48517251211861995 0.3486497380088674 0.9013401767892787 0.3047158403869408
4 0.48859424009124613 0.6102378073357517 0.9059024807527802 0.3192261185006046
4 0.4941545480467637 0.8784764207980653 0.8833761049329912 0.24224103184199922
