2 0.05708333333333334 0.04384057971014493 0.07333333333333333 0.08768115942028985
2 0.13270833333333334 0.04384057971014493 0.07291666666666667 0.08043478260869566
2 0.20395833333333335 0.04492753623188406 0.06208333333333334 0.08115942028985507
2 0.264375 0.04456521739130435 0.06041666666666667 0.07753623188405798
1 0.17375000000000002 0.2213768115942029 0.2841666666666667 0.03985507246376812
1 0.11645833333333334 0.4891304347826087 0.16708333333333333 0.07536231884057971
1 0.3722916666666667 0.4923913043478261 0.18791666666666668 0.06304347826086956
1 0.6145833333333334 0.4931159420289855 0.18500000000000003 0.07318840579710145
1 0.8512500000000001 0.49528985507246376 0.16083333333333336 0.05579710144927536
2 0.8075000000000001 0.5688405797101449 0.09000000000000001 0.06666666666666667
2 0.5541666666666667 0.5644927536231884 0.07416666666666667 0.06231884057971015
2 0.3066666666666667 0.5652173913043478 0.07416666666666667 0.07246376811594203
2 0.061250000000000006 0.5699275362318841 0.07416666666666667 0.08043478260869566
2 0.057708333333333334 0.8228260869565217 0.06541666666666666 0.06594202898550725
2 0.5583333333333333 0.8231884057971015 0.07250000000000001 0.06666666666666667
1 0.17895833333333336 0.7663043478260869 0.29625 0.04710144927536232
1 0.6870833333333334 0.7652173913043478 0.32333333333333336 0.05507246376811594
3 0.4947916666666667 0.050724637681159424 0.96625 0.10144927536231885
4 0.503125 0.22717391304347825 0.9929166666666668 0.2572463768115942
3 0.49833333333333335 0.22427536231884057 0.9833333333333334 0.24130434782608695
2 0.06395833333333334 0.2753623188405797 0.07375000000000001 0.06231884057971015
3 0.4985416666666667 0.4956521739130435 0.98375 0.2811594202898551
6 0.5 0.4985507246376812 0.9950000000000001 0.2826086956521739
3 0.5014583333333333 0.7739130434782608 0.9954166666666667 0.2608695652173913
5 0.5002083333333334 0.7724637681159421 0.9870833333333334 0.2594202898550725
