2 0.050625 0.04601449275362319 0.06625 0.08333333333333333
2 0.12145833333333333 0.043115942028985506 0.07791666666666668 0.08623188405797101
2 0.05333333333333334 0.3061594202898551 0.05416666666666667 0.0572463768115942
2 0.30312500000000003 0.3101449275362319 0.06791666666666667 0.07681159420289856
2 0.5593750000000001 0.30217391304347824 0.08125 0.07101449275362319
2 0.8041666666666667 0.3101449275362319 0.08166666666666667 0.0782608695652174
2 0.5543750000000001 0.5590579710144927 0.059583333333333335 0.0572463768115942
2 0.06479166666666666 0.561231884057971 0.07708333333333334 0.0644927536231884
2 0.058958333333333335 0.827536231884058 0.06291666666666668 0.06811594202898551
1 0.180625 0.7376811594202899 0.30375 0.09710144927536232
1 0.12916666666666668 0.20108695652173914 0.20833333333333334 0.11956521739130435
1 0.37145833333333333 0.19746376811594202 0.19291666666666668 0.12536231884057972
1 0.6218750000000001 0.19891304347826086 0.19625 0.12681159420289856
1 0.8702083333333334 0.2036231884057971 0.20958333333333334 0.11304347826086956
1 0.6947916666666667 0.47934782608695653 0.32708333333333334 0.10507246376811594
1 0.17708333333333334 0.4746376811594203 0.3091666666666667 0.10289855072463769
3 0.4966666666666667 0.051811594202898555 0.9858333333333335 0.0963768115942029
3 0.5008333333333334 0.23731884057971014 0.9975 0.2818840579710145
3 0.500625 0.5076086956521739 0.9970833333333334 0.26594202898550723
3 0.5002083333333334 0.7648550724637682 0.99875 0.27608695652173915
6 0.500625 0.23768115942028986 0.9979166666666668 0.2753623188405797
5 0.4991666666666667 0.5108695652173914 0.9950000000000001 0.2710144927536232
4 0.4995833333333334 0.7742753623188406 0.9850000000000001 0.2398550724637681
