4 0.5029166666666667 0.7702898550724637 0.9925 0.2565217391304348
5 0.4997916666666667 0.511231884057971 0.9995833333333334 0.2644927536231884
6 0.5022916666666667 0.24057971014492754 0.99375 0.28840579710144926
2 0.050833333333333335 0.03876811594202899 0.07 0.0746376811594203
2 0.125 0.04673913043478261 0.07833333333333334 0.08188405797101449
2 0.05854166666666667 0.30579710144927535 0.059583333333333335 0.06956521739130435
2 0.30791666666666667 0.30833333333333335 0.07583333333333334 0.06739130434782609
2 0.5587500000000001 0.3050724637681159 0.07500000000000001 0.06376811594202898
2 0.8035416666666667 0.3101449275362319 0.07125000000000001 0.06956521739130435
2 0.055 0.5626811594202898 0.05583333333333334 0.06884057971014493
2 0.555 0.5568840579710145 0.07416666666666667 0.06884057971014493
2 0.06166666666666667 0.8260869565217391 0.07083333333333333 0.059420289855072465
1 0.18250000000000002 0.47608695652173916 0.3141666666666667 0.09710144927536232
1 0.6789583333333333 0.47500000000000003 0.30791666666666667 0.10507246376811594
1 0.6275000000000001 0.2 0.20333333333333334 0.11594202898550725
1 0.8735416666666668 0.20724637681159422 0.2054166666666667 0.11159420289855072
1 0.36291666666666667 0.20471014492753623 0.17916666666666667 0.12101449275362319
1 0.11020833333333334 0.2 0.16541666666666668 0.11159420289855072
1 0.179375 0.7380434782608696 0.29625 0.09492753623188406
3 0.49770833333333336 0.04746376811594203 0.9862500000000001 0.09202898550724638
3 0.500625 0.23731884057971014 0.9979166666666668 0.2818840579710145
3 0.5008333333333334 0.5047101449275362 0.9975 0.25579710144927537
3 0.5014583333333333 0.7619565217391304 0.9962500000000001 0.26014492753623186
