2 0.05791666666666667 0.041304347826086954 0.07833333333333334 0.08260869565217391
2 0.12729166666666666 0.04021739130434783 0.06708333333333334 0.08043478260869566
2 0.19854166666666667 0.042753623188405795 0.07541666666666667 0.08550724637681159
2 0.2672916666666667 0.0463768115942029 0.06291666666666668 0.08550724637681159
2 0.33875 0.042391304347826085 0.0775 0.08478260869565217
2 0.06291666666666668 0.2742753623188406 0.06583333333333334 0.06304347826086956
2 0.06166666666666667 0.5358695652173913 0.07250000000000001 0.06304347826086956
1 0.1925 0.1847826086956522 0.33 0.10144927536231885
1 0.173125 0.45362318840579713 0.29958333333333337 0.07971014492753624
3 0.499375 0.05 0.9854166666666667 0.1
3 0.503125 0.21992753623188407 0.9929166666666668 0.26159420289855073
3 0.5035416666666667 0.4847826086956522 0.9920833333333334 0.263768115942029
4 0.5014583333333333 0.21956521739130436 0.9854166666666667 0.23768115942028986
4 0.5010416666666667 0.48333333333333334 0.9970833333333334 0.2579710144927536
