2 0.05291666666666667 0.041666666666666664 0.06583333333333334 0.07753623188405798
2 0.116875 0.043115942028985506 0.06041666666666667 0.08043478260869566
2 0.18875 0.043478260869565216 0.085 0.0782608695652174
2 0.26208333333333333 0.040942028985507244 0.0675 0.0746376811594203
2 0.05479166666666667 0.3061594202898551 0.058750000000000004 0.06594202898550725
2 0.306875 0.30543478260869567 0.06791666666666667 0.06884057971014493
2 0.556875 0.3101449275362319 0.07125000000000001 0.07101449275362319
2 0.7985416666666667 0.3068840579710145 0.06541666666666666 0.06884057971014493
2 0.05604166666666667 0.5670289855072463 0.059583333333333335 0.06739130434782609
6 0.503125 0.23405797101449274 0.9920833333333334 0.2797101449275362
4 0.503125 0.506159420289855 0.9929166666666668 0.26304347826086955
3 0.5016666666666667 0.04492753623188406 0.9958333333333333 0.08985507246376812
3 0.5016666666666667 0.23659420289855074 0.9958333333333333 0.29347826086956524
3 0.5025000000000001 0.5086956521739131 0.9941666666666668 0.2594202898550725
1 0.12437500000000001 0.2068840579710145 0.18625 0.12536231884057972
1 0.36062500000000003 0.2 0.17125 0.13043478260869565
1 0.6118750000000001 0.20108695652173914 0.18625 0.11811594202898551
1 0.8650000000000001 0.20724637681159422 0.19083333333333335 0.10869565217391304
