2 0.051875000000000004 0.042391304347826085 0.06375 0.07753623188405798
2 0.12625 0.043115942028985506 0.08416666666666667 0.08043478260869566
2 0.06729166666666667 0.26811594202898553 0.08208333333333334 0.06811594202898551
2 0.558125 0.27318840579710146 0.06875 0.06666666666666667
2 0.061250000000000006 0.5644927536231884 0.07833333333333334 0.07246376811594203
2 0.3066666666666667 0.5673913043478261 0.07083333333333333 0.07246376811594203
2 0.5564583333333334 0.5659420289855073 0.07958333333333334 0.07391304347826087
2 0.8008333333333334 0.5684782608695652 0.07583333333333334 0.06739130434782609
2 0.06333333333333334 0.8246376811594203 0.07916666666666668 0.06231884057971015
5 0.5027083333333333 0.21920289855072464 0.99375 0.25434782608695655
6 0.5014583333333333 0.4963768115942029 0.9954166666666667 0.30434782608695654
4 0.5002083333333334 0.7710144927536232 0.99875 0.2608695652173913
1 0.17770833333333336 0.18405797101449275 0.30291666666666667 0.1
1 0.6887500000000001 0.18985507246376812 0.31833333333333336 0.10579710144927536
1 0.11979166666666667 0.46304347826086956 0.19708333333333333 0.12753623188405797
1 0.3741666666666667 0.4601449275362319 0.2041666666666667 0.1246376811594203
1 0.619375 0.46195652173913043 0.19125 0.12246376811594203
1 0.8633333333333334 0.46268115942028987 0.19583333333333336 0.12536231884057972
1 0.18229166666666669 0.7380434782608696 0.31375000000000003 0.09347826086956522
3 0.5020833333333333 0.043478260869565216 0.9950000000000001 0.08695652173913043
3 0.5014583333333333 0.21557971014492755 0.9962500000000001 0.2572463768115942
3 0.4997916666666667 0.4927536231884058 0.9995833333333334 0.30144927536231886
3 0.4997916666666667 0.768840579710145 0.9995833333333334 0.26231884057971017
