2 0.0475 0.043478260869565216 0.060000000000000005 0.07971014492753624
2 0.11750000000000001 0.04021739130434783 0.07916666666666668 0.07318840579710145
2 0.1885416666666667 0.041304347826086954 0.06458333333333334 0.07391304347826087
2 0.25833333333333336 0.03985507246376812 0.07666666666666667 0.07681159420289856
2 0.059791666666666674 0.3061594202898551 0.06541666666666666 0.06884057971014493
2 0.30812500000000004 0.30434782608695654 0.07125000000000001 0.06521739130434782
2 0.5554166666666667 0.3061594202898551 0.06916666666666667 0.06304347826086956
2 0.8072916666666667 0.3050724637681159 0.07875 0.07246376811594203
2 0.0625 0.5681159420289855 0.07333333333333333 0.07101449275362319
2 0.058750000000000004 0.8210144927536231 0.06833333333333334 0.06666666666666667
2 0.5522916666666667 0.8242753623188406 0.05791666666666667 0.06594202898550725
1 0.114375 0.20144927536231885 0.17458333333333334 0.12753623188405797
1 0.36375 0.20072463768115942 0.18500000000000003 0.11884057971014493
1 0.6175 0.20072463768115942 0.1925 0.12318840579710146
1 0.8522916666666667 0.2068840579710145 0.17625000000000002 0.11956521739130435
1 0.19104166666666667 0.48333333333333334 0.32375000000000004 0.09420289855072464
1 0.18541666666666667 0.7398550724637681 0.32333333333333336 0.10289855072463769
1 0.6860416666666667 0.7340579710144928 0.32875000000000004 0.10579710144927536
3 0.5020833333333333 0.04710144927536232 0.9950000000000001 0.09130434782608696
6 0.49812500000000004 0.23804347826086958 0.9945833333333334 0.29347826086956524
4 0.5025000000000001 0.5094202898550725 0.9941666666666668 0.25507246376811593
5 0.5014583333333333 0.7739130434782608 0.9962500000000001 0.2753623188405797
3 0.4989583333333334 0.23152173913043478 0.9962500000000001 0.2847826086956522
3 0.5008333333333334 0.5097826086956522 0.9975 0.2702898550724638
3 0.49833333333333335 0.7666666666666667 0.9925 0.26811594202898553
