2 0.06270833333333334 0.041666666666666664 0.08541666666666667 0.07753623188405798
2 0.14583333333333334 0.041304347826086954 0.08 0.07971014492753624
2 0.22562500000000002 0.04057971014492753 0.08041666666666668 0.08115942028985507
2 0.29833333333333334 0.042391304347826085 0.06666666666666667 0.07753623188405798
2 0.06104166666666667 0.3068840579710145 0.07458333333333333 0.0644927536231884
2 0.30875 0.30579710144927535 0.07416666666666667 0.06956521739130435
2 0.555 0.3094202898550725 0.06833333333333334 0.06811594202898551
2 0.7975000000000001 0.30579710144927535 0.07083333333333333 0.07101449275362319
2 0.058333333333333334 0.5626811594202898 0.06916666666666667 0.06304347826086956
2 0.5597916666666667 0.563768115942029 0.08041666666666668 0.07246376811594203
2 0.05645833333333334 0.8235507246376812 0.06625 0.060144927536231886
6 0.5 0.23768115942028986 0.9908333333333333 0.2927536231884058
5 0.5010416666666667 0.5094202898550725 0.9970833333333334 0.27246376811594203
4 0.499375 0.775 0.9920833333333334 0.27898550724637683
3 0.500625 0.05398550724637681 0.99375 0.09927536231884058
3 0.5008333333333334 0.23369565217391305 0.9975 0.2847826086956522
3 0.5014583333333333 0.5090579710144928 0.9962500000000001 0.2673913043478261
3 0.5033333333333334 0.7728260869565218 0.9925 0.2818840579710145
