2 0.04875 0.041666666666666664 0.07083333333333333 0.07753623188405798
2 0.11791666666666667 0.04021739130434783 0.06666666666666667 0.07753623188405798
2 0.06104166666666667 0.27608695652173915 0.06708333333333334 0.07391304347826087
2 0.05791666666666667 0.5659420289855073 0.07166666666666667 0.06521739130434782
2 0.3097916666666667 0.5670289855072463 0.07208333333333333 0.07173913043478261
2 0.5497916666666667 0.5644927536231884 0.05791666666666667 0.06086956521739131
2 0.8041666666666667 0.5670289855072463 0.07500000000000001 0.07028985507246377
1 0.19395833333333334 0.186231884057971 0.33375000000000005 0.09855072463768116
1 0.11520833333333334 0.46702898550724636 0.1729166666666667 0.11956521739130435
1 0.3639583333333334 0.4572463768115942 0.18708333333333335 0.13478260869565217
1 0.6183333333333334 0.4634057971014493 0.20333333333333334 0.13260869565217392
1 0.8691666666666668 0.4681159420289855 0.20916666666666667 0.14057971014492754
3 0.5025000000000001 0.050724637681159424 0.9933333333333334 0.10144927536231885
3 0.5014583333333333 0.2177536231884058 0.9962500000000001 0.2398550724637681
3 0.5014583333333333 0.49384057971014494 0.9962500000000001 0.31231884057971016
4 0.5014583333333333 0.22427536231884057 0.9962500000000001 0.24855072463768116
6 0.5014583333333333 0.4931159420289855 0.9962500000000001 0.29782608695652174
