2 0.05791666666666667 0.042028985507246375 0.08083333333333334 0.08115942028985507
2 0.1366666666666667 0.03985507246376812 0.07916666666666668 0.07246376811594203
2 0.21020833333333336 0.041666666666666664 0.07375000000000001 0.0746376811594203
2 0.28583333333333333 0.042028985507246375 0.07166666666666667 0.08115942028985507
2 0.36291666666666667 0.040942028985507244 0.0825 0.08188405797101449
2 0.06145833333333334 0.26666666666666666 0.07541666666666667 0.06231884057971015
2 0.5570833333333334 0.26920289855072466 0.06416666666666668 0.06594202898550725
2 0.04979166666666667 0.571376811594203 0.051250000000000004 0.07608695652173914
2 0.30562500000000004 0.5670289855072463 0.07625 0.07173913043478261
2 0.5560416666666667 0.566304347826087 0.08375 0.08188405797101449
2 0.7933333333333333 0.5688405797101449 0.050833333333333335 0.06956521739130435
2 0.05458333333333334 0.8278985507246377 0.058333333333333334 0.07318840579710145
5 0.5014583333333333 0.2217391304347826 0.9854166666666667 0.2594202898550725
6 0.5020833333333333 0.4963768115942029 0.9950000000000001 0.2985507246376812
4 0.49583333333333335 0.7655797101449275 0.9875 0.26304347826086955
3 0.4929166666666667 0.04891304347826087 0.9641666666666667 0.09782608695652174
3 0.49750000000000005 0.21739130434782608 0.9908333333333333 0.25507246376811593
3 0.5 0.4920289855072464 0.9983333333333334 0.2956521739130435
3 0.4995833333333334 0.7742753623188406 0.9941666666666668 0.2673913043478261
