2 0.05041666666666667 0.042028985507246375 0.06666666666666667 0.0782608695652174
2 0.11937500000000001 0.043478260869565216 0.06041666666666667 0.07971014492753624
2 0.06625 0.30579710144927535 0.08 0.06956521739130435
2 0.30250000000000005 0.3065217391304348 0.06166666666666667 0.06956521739130435
2 0.5493750000000001 0.30543478260869567 0.06708333333333334 0.07173913043478261
2 0.796875 0.3076086956521739 0.06708333333333334 0.07028985507246377
2 0.06041666666666667 0.5594202898550724 0.06666666666666667 0.06521739130434782
2 0.56 0.5626811594202898 0.0775 0.07028985507246377
2 0.058750000000000004 0.8235507246376812 0.065 0.07608695652173914
1 0.12875 0.20217391304347826 0.2025 0.11159420289855072
1 0.37375 0.20543478260869566 0.20083333333333334 0.12246376811594203
1 0.6147916666666667 0.20217391304347826 0.19791666666666669 0.12173913043478261
1 0.8679166666666667 0.20434782608695654 0.20500000000000002 0.11594202898550725
1 0.19395833333333334 0.4757246376811594 0.33375000000000005 0.10652173913043478
1 0.6781250000000001 0.4731884057971015 0.30625 0.10869565217391304
1 0.18416666666666667 0.7409420289855072 0.31 0.0963768115942029
6 0.4985416666666667 0.23442028985507246 0.9895833333333334 0.29347826086956524
5 0.5002083333333334 0.5036231884057971 0.99875 0.2753623188405797
4 0.5014583333333333 0.7673913043478261 0.9962500000000001 0.2579710144927536
3 0.4989583333333334 0.0463768115942029 0.9912500000000001 0.0927536231884058
3 0.499375 0.23840579710144927 0.9870833333333334 0.28840579710144926
3 0.5 0.511231884057971 0.9991666666666668 0.2688405797101449
3 0.5010416666666667 0.7659420289855072 0.9970833333333334 0.27246376811594203
