2 0.05854166666666667 0.042753623188405795 0.07458333333333333 0.07971014492753624
2 0.13645833333333335 0.04057971014492753 0.08375 0.08115942028985507
2 0.058958333333333335 0.26920289855072466 0.07041666666666667 0.07028985507246377
2 0.5579166666666667 0.26920289855072466 0.07166666666666667 0.06594202898550725
1 0.19083333333333335 0.188768115942029 0.32916666666666666 0.10942028985507246
1 0.68 0.1847826086956522 0.3166666666666667 0.09710144927536232
1 0.17500000000000002 0.4496376811594203 0.2916666666666667 0.09202898550724638
2 0.06041666666666667 0.5362318840579711 0.06666666666666667 0.06811594202898551
1 0.10625000000000001 0.725 0.16583333333333333 0.12101449275362319
1 0.3639583333333334 0.7246376811594203 0.18458333333333335 0.12753623188405797
1 0.613125 0.7206521739130435 0.17875000000000002 0.12391304347826088
1 0.8727083333333334 0.7271739130434782 0.2029166666666667 0.11666666666666667
2 0.06375 0.8289855072463769 0.08333333333333334 0.07971014492753624
2 0.31062500000000004 0.8242753623188406 0.07875 0.07028985507246377
2 0.5564583333333334 0.8246376811594203 0.08208333333333334 0.06811594202898551
2 0.7920833333333334 0.8199275362318841 0.05333333333333334 0.0746376811594203
5 0.5010416666666667 0.22318840579710145 0.9845833333333334 0.2536231884057971
4 0.4947916666666667 0.4923913043478261 0.9895833333333334 0.26304347826086955
6 0.500625 0.7590579710144928 0.9979166666666668 0.3036231884057971
3 0.4985416666666667 0.04710144927536232 0.9862500000000001 0.09130434782608696
3 0.4979166666666667 0.22391304347826088 0.9925 0.2565217391304348
3 0.5012500000000001 0.48297101449275365 0.9958333333333333 0.26594202898550723
