2 0.0625 0.04384057971014493 0.08750000000000001 0.08188405797101449
2 0.139375 0.042753623188405795 0.07208333333333333 0.08550724637681159
2 0.05354166666666667 0.27717391304347827 0.058750000000000004 0.06884057971014493
2 0.06208333333333334 0.5702898550724638 0.07666666666666667 0.07101449275362319
2 0.30625 0.5666666666666667 0.07 0.07246376811594203
2 0.5491666666666667 0.5666666666666667 0.0625 0.06376811594202898
2 0.7960416666666668 0.5659420289855073 0.06375 0.06811594202898551
2 0.059583333333333335 0.8239130434782609 0.07083333333333333 0.06811594202898551
2 0.5489583333333333 0.8235507246376812 0.06458333333333334 0.0746376811594203
1 0.18145833333333333 0.18333333333333335 0.32125000000000004 0.09710144927536232
1 0.10479166666666667 0.46847826086956523 0.15875 0.12101449275362319
1 0.359375 0.46702898550724636 0.17958333333333334 0.1355072463768116
1 0.6041666666666667 0.4648550724637681 0.16583333333333333 0.12536231884057972
1 0.8660416666666667 0.4706521739130435 0.20375000000000001 0.12681159420289856
1 0.1847916666666667 0.7456521739130435 0.31875000000000003 0.1144927536231884
1 0.6814583333333334 0.7442028985507246 0.3254166666666667 0.11304347826086956
4 0.5018750000000001 0.22717391304347825 0.9895833333333334 0.2528985507246377
6 0.5010416666666667 0.4920289855072464 0.9970833333333334 0.2971014492753623
5 0.4997916666666667 0.7731884057971015 0.9995833333333334 0.2782608695652174
3 0.4960416666666667 0.04891304347826087 0.9870833333333334 0.09782608695652174
3 0.5022916666666667 0.21956521739130436 0.99375 0.25072463768115943
3 0.5010416666666667 0.4945652173913044 0.9945833333333334 0.30217391304347824
3 0.500625 0.7793478260869565 0.9979166666666668 0.2876811594202899
