2 0.059791666666666674 0.043478260869565216 0.08458333333333334 0.07971014492753624
2 0.14125000000000001 0.0391304347826087 0.08 0.07536231884057971
2 0.22208333333333335 0.04384057971014493 0.07250000000000001 0.08188405797101449
2 0.2904166666666667 0.04384057971014493 0.065 0.08188405797101449
2 0.3622916666666667 0.043115942028985506 0.07875 0.08333333333333333
2 0.065 0.2793478260869565 0.08166666666666667 0.07318840579710145
2 0.063125 0.5670289855072463 0.07958333333333334 0.07173913043478261
2 0.30270833333333336 0.5644927536231884 0.05791666666666667 0.06376811594202898
2 0.5516666666666667 0.5677536231884058 0.06166666666666667 0.0746376811594203
2 0.7975000000000001 0.5659420289855073 0.0575 0.06811594202898551
2 0.06333333333333334 0.821376811594203 0.07416666666666667 0.0644927536231884
2 0.5522916666666667 0.8228260869565217 0.05791666666666667 0.0644927536231884
1 0.20062500000000003 0.188768115942029 0.3429166666666667 0.10797101449275362
1 0.12145833333333333 0.45760869565217394 0.19291666666666668 0.11956521739130435
1 0.37020833333333336 0.46702898550724636 0.21541666666666667 0.13115942028985508
1 0.6016666666666667 0.46920289855072467 0.1675 0.12681159420289856
1 0.8647916666666667 0.4634057971014493 0.18791666666666668 0.1384057971014493
1 0.18791666666666668 0.7365942028985507 0.33083333333333337 0.10797101449275362
1 0.6735416666666667 0.7365942028985507 0.31125 0.11376811594202899
4 0.4995833333333334 0.21956521739130436 0.9916666666666667 0.2565217391304348
6 0.5016666666666667 0.4963768115942029 0.9958333333333333 0.30579710144927535
5 0.4997916666666667 0.7710144927536232 0.9995833333333334 0.2797101449275362
3 0.499375 0.04673913043478261 0.9879166666666668 0.09347826086956522
3 0.49833333333333335 0.49492753623188407 0.9925 0.2927536231884058
3 0.5016666666666667 0.777536231884058 0.9958333333333333 0.26666666666666666
3 0.5016666666666667 0.21485507246376812 0.9916666666666667 0.25434782608695655
