2 0.05229166666666667 0.042391304347826085 0.06708333333333334 0.08478260869565217
2 0.12270833333333334 0.04528985507246377 0.07125000000000001 0.08478260869565217
2 0.19770833333333335 0.04384057971014493 0.07375000000000001 0.08188405797101449
2 0.058958333333333335 0.3065217391304348 0.06708333333333334 0.07391304347826087
2 0.3035416666666667 0.3032608695652174 0.06625 0.0644927536231884
2 0.5541666666666667 0.302536231884058 0.07666666666666667 0.06594202898550725
2 0.7977083333333334 0.33405797101449275 0.07291666666666667 0.06376811594202898
2 0.05583333333333334 0.5898550724637681 0.06416666666666668 0.06956521739130435
2 0.5575 0.5894927536231884 0.07250000000000001 0.07028985507246377
2 0.06270833333333334 0.8568840579710145 0.07541666666666667 0.07173913043478261
1 0.11208333333333334 0.20108695652173914 0.16666666666666669 0.11956521739130435
1 0.36208333333333337 0.19311594202898552 0.18083333333333335 0.12971014492753624
1 0.6064583333333333 0.20615942028985507 0.18291666666666667 0.12681159420289856
1 0.8616666666666667 0.21340579710144927 0.1925 0.14855072463768115
1 0.17020833333333335 0.506159420289855 0.29291666666666666 0.11231884057971014
1 0.68 0.5086956521739131 0.315 0.1
1 0.19458333333333336 0.7706521739130435 0.3466666666666667 0.10797101449275362
6 0.5035416666666667 0.24782608695652175 0.9920833333333334 0.32028985507246377
5 0.5020833333333333 0.5373188405797101 0.9950000000000001 0.27608695652173915
4 0.500625 0.8014492753623188 0.9970833333333334 0.26811594202898553
3 0.5014583333333333 0.042753623188405795 0.9962500000000001 0.08550724637681159
3 0.5 0.2427536231884058 0.9966666666666667 0.3159420289855073
3 0.4966666666666667 0.5329710144927536 0.9891666666666667 0.26304347826086955
3 0.5020833333333333 0.8021739130434783 0.9950000000000001 0.2594202898550725
