2 0.04958333333333333 0.042391304347826085 0.0625 0.07753623188405798
2 0.12479166666666668 0.03804347826086957 0.08625000000000001 0.07608695652173914
2 0.208125 0.03949275362318841 0.07875 0.07898550724637682
2 0.2866666666666667 0.03731884057971015 0.08333333333333334 0.0746376811594203
2 0.06354166666666668 0.3039855072463768 0.08375 0.0746376811594203
2 0.30125 0.30289855072463767 0.065 0.07536231884057971
2 0.5541666666666667 0.30543478260869567 0.06833333333333334 0.06739130434782609
2 0.8058333333333334 0.3050724637681159 0.08666666666666667 0.07971014492753624
2 0.05729166666666667 0.563768115942029 0.07125000000000001 0.06666666666666667
2 0.06145833333333334 0.8297101449275363 0.07208333333333333 0.06521739130434782
1 0.11854166666666667 0.19891304347826086 0.18458333333333335 0.1355072463768116
1 0.37583333333333335 0.19818840579710145 0.20500000000000002 0.12536231884057972
1 0.6229166666666667 0.19891304347826086 0.2066666666666667 0.1384057971014493
1 0.8668750000000001 0.20398550724637682 0.19458333333333336 0.1282608695652174
1 0.19208333333333336 0.47789855072463766 0.3425 0.09782608695652174
1 0.18208333333333335 0.7405797101449275 0.3216666666666667 0.09130434782608696
3 0.50375 0.04601449275362319 0.9916666666666667 0.08043478260869566
6 0.49875 0.2286231884057971 0.9916666666666667 0.27753623188405796
3 0.5010416666666667 0.506159420289855 0.9895833333333334 0.2746376811594203
3 0.4979166666666667 0.7717391304347826 0.9908333333333333 0.2594202898550725
4 0.503125 0.5108695652173914 0.9929166666666668 0.2594202898550725
4 0.49770833333333336 0.7673913043478261 0.9920833333333334 0.263768115942029
3 0.5022916666666667 0.23550724637681159 0.9945833333333334 0.3
