2 0.04916666666666667 0.042753623188405795 0.0625 0.07971014492753624
2 0.11645833333333334 0.04057971014492753 0.07125000000000001 0.07536231884057971
2 0.1875 0.0391304347826087 0.06166666666666667 0.07101449275362319
2 0.05625 0.27753623188405796 0.060000000000000005 0.07391304347826087
2 0.05708333333333334 0.532608695652174 0.0675 0.06521739130434782
2 0.5579166666666667 0.5351449275362319 0.065 0.07173913043478261
2 0.059583333333333335 0.8257246376811594 0.07083333333333333 0.06739130434782609
2 0.304375 0.8239130434782609 0.06791666666666667 0.07391304347826087
2 0.555 0.825 0.07166666666666667 0.07318840579710145
2 0.7983333333333333 0.8260869565217391 0.06416666666666668 0.07971014492753624
1 0.18625 0.18985507246376812 0.32 0.10144927536231885
1 0.17333333333333334 0.4489130434782609 0.30000000000000004 0.11666666666666667
1 0.6858333333333334 0.4463768115942029 0.3241666666666667 0.10869565217391304
1 0.12187500000000001 0.722463768115942 0.19625 0.12608695652173912
1 0.35958333333333337 0.722463768115942 0.18000000000000002 0.13623188405797101
1 0.615 0.7289855072463768 0.19833333333333333 0.13043478260869565
1 0.8641666666666667 0.7242753623188406 0.21583333333333335 0.13405797101449277
4 0.503125 0.2246376811594203 0.9929166666666668 0.2536231884057971
5 0.5016666666666667 0.483695652173913 0.9958333333333333 0.28043478260869564
6 0.5020833333333333 0.7597826086956522 0.9900000000000001 0.3108695652173913
3 0.4941666666666667 0.05471014492753623 0.9766666666666667 0.09782608695652174
3 0.5047916666666667 0.23442028985507246 0.9895833333333334 0.27753623188405796
3 0.500625 0.47246376811594204 0.9979166666666668 0.263768115942029
3 0.500625 0.7521739130434782 0.9979166666666668 0.3101449275362319
