2 0.05729166666666667 0.042028985507246375 0.07208333333333333 0.0782608695652174
2 0.13437500000000002 0.042753623188405795 0.07791666666666668 0.07971014492753624
2 0.065625 0.3032608695652174 0.07875 0.07753623188405798
2 0.3045833333333334 0.3036231884057971 0.07083333333333333 0.07536231884057971
2 0.5472916666666667 0.338768115942029 0.051250000000000004 0.06739130434782609
2 0.057708333333333334 0.592391304347826 0.06291666666666668 0.07028985507246377
2 0.5610416666666667 0.5945652173913043 0.07708333333333334 0.07173913043478261
2 0.05791666666666667 0.8572463768115942 0.0675 0.08115942028985507
1 0.11937500000000001 0.2003623188405797 0.18041666666666667 0.12536231884057972
1 0.37583333333333335 0.19818840579710145 0.1991666666666667 0.12391304347826088
1 0.6110416666666667 0.21557971014492755 0.18625 0.16014492753623188
1 0.8608333333333333 0.1963768115942029 0.18166666666666667 0.1391304347826087
1 0.17145833333333335 0.5090579710144928 0.28958333333333336 0.11811594202898551
1 0.6789583333333333 0.506159420289855 0.3254166666666667 0.10362318840579711
1 0.19083333333333335 0.7684782608695653 0.3416666666666667 0.10072463768115943
6 0.5029166666666667 0.24818840579710144 0.9933333333333334 0.322463768115942
2 0.8033333333333333 0.3050724637681159 0.08416666666666667 0.07101449275362319
5 0.5010416666666667 0.5365942028985508 0.9945833333333334 0.2717391304347826
4 0.500625 0.797463768115942 0.9979166666666668 0.25579710144927537
3 0.5016666666666667 0.04673913043478261 0.9908333333333333 0.08768115942028985
3 0.5008333333333334 0.24818840579710144 0.9825 0.31231884057971016
3 0.5010416666666667 0.5402173913043479 0.9929166666666668 0.2746376811594203
3 0.5016666666666667 0.8036231884057972 0.9958333333333333 0.2768115942028986
