2 0.058750000000000004 0.043115942028985506 0.07916666666666668 0.08333333333333333
2 0.13958333333333334 0.042753623188405795 0.07416666666666667 0.08550724637681159
2 0.21125000000000002 0.04384057971014493 0.065 0.08188405797101449
2 0.28395833333333337 0.04420289855072464 0.07791666666666668 0.08115942028985507
2 0.058125 0.2702898550724638 0.06958333333333334 0.05652173913043478
2 0.56 0.27065217391304347 0.06916666666666667 0.06884057971014493
2 0.06270833333333334 0.5670289855072463 0.07708333333333334 0.07318840579710145
2 0.30020833333333335 0.5666666666666667 0.059583333333333335 0.07536231884057971
2 0.5572916666666667 0.5684782608695652 0.07208333333333333 0.07753623188405798
2 0.8037500000000001 0.5670289855072463 0.07333333333333333 0.0746376811594203
2 0.064375 0.8257246376811594 0.07541666666666667 0.0644927536231884
1 0.17604166666666668 0.18731884057971016 0.30291666666666667 0.10942028985507246
1 0.6827083333333334 0.17971014492753623 0.3179166666666667 0.11594202898550725
1 0.13104166666666667 0.45543478260869563 0.2029166666666667 0.1282608695652174
1 0.3635416666666667 0.4608695652173913 0.17625000000000002 0.11884057971014493
1 0.614375 0.46268115942028987 0.19458333333333336 0.12681159420289856
1 0.18166666666666667 0.7452898550724638 0.3066666666666667 0.11521739130434783
5 0.5047916666666667 0.2210144927536232 0.9895833333333334 0.26811594202898553
6 0.5014583333333333 0.4960144927536232 0.9912500000000001 0.3007246376811594
4 0.5020833333333333 0.7706521739130435 0.9950000000000001 0.25579710144927537
3 0.49875 0.051449275362318844 0.9950000000000001 0.1
3 0.49812500000000004 0.21340579710144927 0.99375 0.2644927536231884
3 0.5022916666666667 0.4963768115942029 0.9945833333333334 0.2985507246376812
3 0.5033333333333334 0.7735507246376812 0.9908333333333333 0.25
