2 0.05791666666666667 0.042391304347826085 0.07333333333333333 0.08188405797101449
2 0.1375 0.042028985507246375 0.08083333333333334 0.07681159420289856
2 0.215625 0.041666666666666664 0.07291666666666667 0.07753623188405798
2 0.060000000000000005 0.2688405797101449 0.06416666666666668 0.06956521739130435
2 0.5543750000000001 0.27355072463768115 0.06791666666666667 0.06884057971014493
2 0.064375 0.5318840579710145 0.07375000000000001 0.07246376811594203
2 0.056875 0.825 0.06708333333333334 0.06594202898550725
2 0.30645833333333333 0.8271739130434783 0.07208333333333333 0.06884057971014493
2 0.5572916666666667 0.8228260869565217 0.06958333333333334 0.0644927536231884
2 0.8039583333333333 0.8278985507246377 0.08125 0.06594202898550725
1 0.18583333333333335 0.18695652173913044 0.32333333333333336 0.11304347826086956
1 0.6975 0.19057971014492753 0.34500000000000003 0.09855072463768116
1 0.19791666666666669 0.4463768115942029 0.3375 0.11159420289855072
1 0.13041666666666668 0.7210144927536232 0.20833333333333334 0.12173913043478261
1 0.361875 0.7257246376811595 0.17208333333333334 0.1355072463768116
1 0.6170833333333334 0.7159420289855073 0.18916666666666668 0.14202898550724638
1 0.8670833333333334 0.7231884057971014 0.19416666666666668 0.12173913043478261
3 0.5004166666666667 0.04492753623188406 0.9783333333333334 0.08985507246376812
3 0.50375 0.21956521739130436 0.9916666666666667 0.26811594202898553
3 0.5016666666666667 0.48043478260869565 0.9958333333333333 0.26956521739130435
3 0.49875 0.7623188405797101 0.9916666666666667 0.30579710144927535
5 0.5035416666666667 0.2213768115942029 0.9920833333333334 0.25869565217391305
4 0.50375 0.47500000000000003 0.9900000000000001 0.25869565217391305
6 0.49812500000000004 0.7586956521739131 0.9912500000000001 0.2942028985507246
