2 0.058125 0.04456521739130435 0.07791666666666668 0.07753623188405798
2 0.13729166666666667 0.04384057971014493 0.07708333333333334 0.07898550724637682
2 0.21583333333333335 0.043115942028985506 0.08333333333333334 0.08043478260869566
1 0.19437500000000002 0.1847826086956522 0.33708333333333335 0.10144927536231885
1 0.6764583333333334 0.18007246376811595 0.3045833333333334 0.09347826086956522
1 0.13083333333333333 0.463768115942029 0.19583333333333336 0.12173913043478261
1 0.3572916666666667 0.46956521739130436 0.17625000000000002 0.1318840579710145
1 0.62375 0.466304347826087 0.2066666666666667 0.14565217391304347
1 0.8629166666666668 0.466304347826087 0.18000000000000002 0.12681159420289856
1 0.19770833333333335 0.736231884057971 0.34458333333333335 0.12028985507246377
2 0.05437500000000001 0.8239130434782609 0.05541666666666667 0.06811594202898551
2 0.05666666666666667 0.5681159420289855 0.060833333333333336 0.06956521739130435
2 0.05458333333333334 0.27318840579710146 0.058333333333333334 0.07536231884057971
2 0.5591666666666667 0.27065217391304347 0.07500000000000001 0.07318840579710145
2 0.5545833333333333 0.5644927536231884 0.07 0.07681159420289856
2 0.3120833333333334 0.5670289855072463 0.08833333333333333 0.06739130434782609
2 0.8022916666666667 0.5652173913043478 0.07541666666666667 0.07971014492753624
5 0.5012500000000001 0.22391304347826088 0.9966666666666667 0.27246376811594203
6 0.5029166666666667 0.48985507246376814 0.9933333333333334 0.30144927536231886
4 0.4997916666666667 0.7764492753623189 0.9895833333333334 0.2717391304347826
3 0.5008333333333334 0.05 0.9925 0.1
3 0.4991666666666667 0.225 0.9958333333333333 0.28043478260869564
3 0.5002083333333334 0.4865942028985507 0.9870833333333334 0.27898550724637683
3 0.5018750000000001 0.777536231884058 0.9904166666666667 0.2608695652173913
