2 0.05583333333333334 0.04021739130434783 0.08 0.08043478260869566
2 0.13645833333333335 0.03949275362318841 0.07875 0.07898550724637682
2 0.21250000000000002 0.04021739130434783 0.07 0.07318840579710145
2 0.29458333333333336 0.042028985507246375 0.085 0.0782608695652174
2 0.05583333333333334 0.2757246376811594 0.060833333333333336 0.07753623188405798
2 0.06104166666666667 0.5666666666666667 0.06958333333333334 0.059420289855072465
2 0.30041666666666667 0.5702898550724638 0.05583333333333334 0.06956521739130435
2 0.5570833333333334 0.5684782608695652 0.07416666666666667 0.07173913043478261
2 0.80125 0.5692028985507246 0.06916666666666667 0.06594202898550725
2 0.05645833333333334 0.8199275362318841 0.061250000000000006 0.06884057971014493
2 0.5531250000000001 0.822463768115942 0.05791666666666667 0.06811594202898551
4 0.5041666666666667 0.22028985507246376 0.9908333333333333 0.2565217391304348
6 0.5012500000000001 0.49492753623188407 0.9866666666666667 0.2985507246376812
5 0.5016666666666667 0.7706521739130435 0.9908333333333333 0.2644927536231884
3 0.50375 0.04710144927536232 0.9916666666666667 0.09420289855072464
3 0.5020833333333333 0.21739130434782608 0.9925 0.2594202898550725
3 0.5 0.49528985507246376 0.9875 0.286231884057971
3 0.500625 0.769927536231884 0.9862500000000001 0.25434782608695655
