2 0.058958333333333335 0.042391304347826085 0.07458333333333333 0.07608695652173914
2 0.1366666666666667 0.043478260869565216 0.07833333333333334 0.08695652173913043
2 0.2066666666666667 0.043115942028985506 0.065 0.07898550724637682
2 0.26833333333333337 0.0463768115942029 0.060000000000000005 0.08115942028985507
2 0.05916666666666667 0.27065217391304347 0.06916666666666667 0.07608695652173914
2 0.5639583333333333 0.2688405797101449 0.08875000000000001 0.07101449275362319
1 0.1860416666666667 0.18115942028985507 0.3154166666666667 0.10289855072463769
1 0.6835416666666667 0.18659420289855072 0.32208333333333333 0.10362318840579711
3 0.49812500000000004 0.050724637681159424 0.9679166666666668 0.08985507246376812
5 0.4991666666666667 0.2210144927536232 0.9866666666666667 0.26231884057971017
3 0.5 0.2170289855072464 0.9875 0.24710144927536232
