2 0.05333333333333334 0.043115942028985506 0.0675 0.08333333333333333
2 0.12583333333333335 0.042028985507246375 0.07500000000000001 0.0782608695652174
2 0.058958333333333335 0.2702898550724638 0.06541666666666666 0.07246376811594203
2 0.5591666666666667 0.2677536231884058 0.07583333333333334 0.0644927536231884
2 0.065625 0.5373188405797101 0.08458333333333334 0.07028985507246377
2 0.06229166666666667 0.8242753623188406 0.06958333333333334 0.07028985507246377
2 0.305 0.8300724637681159 0.07 0.07028985507246377
2 0.555 0.8586956521739131 0.07833333333333334 0.07681159420289856
2 0.80125 0.8271739130434783 0.07333333333333333 0.07753623188405798
1 0.1729166666666667 0.18405797101449275 0.28500000000000003 0.11014492753623188
1 0.675 0.1858695652173913 0.3116666666666667 0.10072463768115943
1 0.17854166666666668 0.44710144927536233 0.3045833333333334 0.10869565217391304
1 0.12375000000000001 0.7257246376811595 0.20833333333333334 0.12971014492753624
1 0.36125 0.7195652173913043 0.18083333333333335 0.12173913043478261
1 0.6139583333333334 0.7322463768115942 0.18291666666666667 0.15434782608695652
1 0.8552083333333333 0.7286231884057971 0.18875 0.13260869565217392
5 0.499375 0.22065217391304348 0.98875 0.2528985507246377
4 0.500625 0.47898550724637684 0.9912500000000001 0.2608695652173913
5 0.5004166666666667 0.7644927536231885 0.9916666666666667 0.30869565217391304
3 0.49583333333333335 0.050724637681159424 0.9758333333333334 0.10144927536231885
3 0.49750000000000005 0.21847826086956523 0.9891666666666667 0.25434782608695655
3 0.5 0.47934782608695653 0.9950000000000001 0.25869565217391305
3 0.5010416666666667 0.7586956521739131 0.9920833333333334 0.3072463768115942
