2 0.051250000000000004 0.04021739130434783 0.06166666666666667 0.08043478260869566
2 0.11958333333333335 0.04021739130434783 0.07166666666666667 0.08043478260869566
2 0.19604166666666667 0.041304347826086954 0.07708333333333334 0.07971014492753624
2 0.064375 0.3068840579710145 0.07541666666666667 0.06739130434782609
2 0.3070833333333334 0.302536231884058 0.06833333333333334 0.06884057971014493
2 0.5510416666666667 0.3061594202898551 0.061250000000000006 0.07028985507246377
2 0.8054166666666667 0.3061594202898551 0.07500000000000001 0.06594202898550725
2 0.05354166666666667 0.558695652173913 0.06041666666666667 0.06376811594202898
2 0.5504166666666667 0.5615942028985508 0.05583333333333334 0.07101449275362319
2 0.063125 0.8217391304347826 0.07291666666666667 0.06376811594202898
1 0.13083333333333333 0.19710144927536233 0.20583333333333334 0.1318840579710145
1 0.37125 0.1923913043478261 0.18916666666666668 0.11811594202898551
1 0.6227083333333334 0.20072463768115942 0.19791666666666669 0.13478260869565217
1 0.8597916666666667 0.1996376811594203 0.18708333333333335 0.11521739130434783
1 0.19416666666666668 0.4782608695652174 0.3225 0.1144927536231884
1 0.691875 0.47934782608695653 0.3354166666666667 0.12101449275362319
1 0.17250000000000001 0.7365942028985507 0.29250000000000004 0.09927536231884058
6 0.5016666666666667 0.23804347826086958 0.9958333333333333 0.29782608695652174
5 0.5002083333333334 0.5057971014492754 0.9979166666666668 0.26521739130434785
4 0.49875 0.7655797101449275 0.9925 0.27608695652173915
3 0.5039583333333334 0.052173913043478265 0.9845833333333334 0.10434782608695653
3 0.49812500000000004 0.23623188405797102 0.9904166666666667 0.2811594202898551
3 0.5022916666666667 0.5108695652173914 0.9945833333333334 0.2608695652173913
3 0.5012500000000001 0.7728260869565218 0.9966666666666667 0.26159420289855073
