2 0.052708333333333336 0.04384057971014493 0.06291666666666668 0.07898550724637682
2 0.12520833333333334 0.04057971014492753 0.07541666666666667 0.08115942028985507
2 0.20104166666666667 0.04057971014492753 0.07291666666666667 0.0782608695652174
2 0.2810416666666667 0.040942028985507244 0.08458333333333334 0.07898550724637682
2 0.06354166666666668 0.27246376811594203 0.08041666666666668 0.06811594202898551
2 0.560625 0.2717391304347826 0.07041666666666667 0.06666666666666667
2 0.061875000000000006 0.5355072463768116 0.06875 0.06811594202898551
2 0.06104166666666667 0.8286231884057971 0.07708333333333334 0.07028985507246377
2 0.31375000000000003 0.8293478260869566 0.085 0.07318840579710145
2 0.555625 0.8289855072463769 0.07291666666666667 0.07681159420289856
2 0.805625 0.8297101449275363 0.08041666666666668 0.07391304347826087
1 0.19645833333333335 0.19021739130434784 0.34208333333333335 0.1108695652173913
1 0.6889583333333333 0.18333333333333335 0.32958333333333334 0.10434782608695653
1 0.17958333333333334 0.4434782608695652 0.2941666666666667 0.09855072463768116
1 0.10875000000000001 0.7239130434782609 0.17250000000000001 0.12318840579710146
1 0.36812500000000004 0.7264492753623188 0.18541666666666667 0.12391304347826088
1 0.6206250000000001 0.7202898550724638 0.19875 0.1246376811594203
1 0.8702083333333334 0.7264492753623188 0.20625000000000002 0.1282608695652174
5 0.500625 0.2282608695652174 0.9912500000000001 0.2782608695652174
4 0.5012500000000001 0.47789855072463766 0.9966666666666667 0.2688405797101449
6 0.4997916666666667 0.7565217391304347 0.9970833333333334 0.30289855072463767
3 0.503125 0.04710144927536232 0.9929166666666668 0.09420289855072464
3 0.5016666666666667 0.2210144927536232 0.9883333333333334 0.26231884057971017
3 0.5014583333333333 0.47644927536231885 0.9895833333333334 0.2688405797101449
3 0.5016666666666667 0.7594202898550725 0.9958333333333333 0.2985507246376812
