2 0.056875 0.043478260869565216 0.06791666666666667 0.08695652173913043
2 0.13083333333333333 0.041666666666666664 0.07166666666666667 0.08333333333333333
2 0.21250000000000002 0.04021739130434783 0.085 0.08043478260869566
2 0.06666666666666667 0.2728260869565217 0.08 0.0746376811594203
2 0.5570833333333334 0.2702898550724638 0.07166666666666667 0.06811594202898551
2 0.06354166666666668 0.5355072463768116 0.07791666666666668 0.07246376811594203
2 0.05479166666666667 0.825 0.06041666666666667 0.06159420289855073
2 0.3091666666666667 0.8260869565217391 0.07166666666666667 0.06956521739130435
2 0.5497916666666667 0.827536231884058 0.05708333333333334 0.06811594202898551
2 0.7945833333333334 0.827536231884058 0.06166666666666667 0.06811594202898551
1 0.19666666666666668 0.18405797101449275 0.335 0.10579710144927536
1 0.6870833333333334 0.1847826086956522 0.3375 0.12028985507246377
1 0.19041666666666668 0.44818840579710145 0.3216666666666667 0.09927536231884058
1 0.12187500000000001 0.727536231884058 0.20458333333333334 0.1289855072463768
1 0.3725 0.7217391304347827 0.2016666666666667 0.13043478260869565
1 0.6241666666666668 0.7181159420289855 0.20583333333333334 0.13333333333333333
1 0.859375 0.7195652173913043 0.19208333333333336 0.1391304347826087
5 0.500625 0.21956521739130436 0.98875 0.2594202898550725
4 0.5004166666666667 0.4746376811594203 0.9933333333333334 0.2739130434782609
6 0.49875 0.7576086956521739 0.9916666666666667 0.3050724637681159
3 0.5010416666666667 0.051086956521739134 0.9929166666666668 0.10217391304347827
3 0.5027083333333333 0.22210144927536232 0.99375 0.2673913043478261
3 0.5025000000000001 0.4757246376811594 0.9916666666666667 0.26304347826086955
3 0.503125 0.7608695652173914 0.9929166666666668 0.2985507246376812
