2 0.059583333333333335 0.04528985507246377 0.07333333333333333 0.08478260869565217
2 0.14270833333333335 0.042753623188405795 0.08625000000000001 0.08550724637681159
2 0.22687500000000002 0.04021739130434783 0.08708333333333333 0.08043478260869566
2 0.0575 0.2778985507246377 0.06583333333333334 0.07028985507246377
2 0.06395833333333334 0.5307971014492754 0.07291666666666667 0.07028985507246377
2 0.5604166666666667 0.5322463768115943 0.07833333333333334 0.06884057971014493
1 0.19854166666666667 0.19094202898550725 0.3379166666666667 0.10942028985507246
1 0.18937500000000002 0.447463768115942 0.3154166666666667 0.11376811594202899
1 0.6787500000000001 0.44456521739130433 0.3091666666666667 0.10072463768115943
3 0.49250000000000005 0.051086956521739134 0.9650000000000001 0.09492753623188406
4 0.496875 0.21992753623188407 0.98875 0.26014492753623186
3 0.505 0.2278985507246377 0.9875 0.26014492753623186
3 0.49812500000000004 0.48333333333333334 0.9912500000000001 0.26521739130434785
5 0.5012500000000001 0.48297101449275365 0.9850000000000001 0.2746376811594203
