2 0.06145833333333334 0.04565217391304348 0.08708333333333333 0.08405797101449275
1 0.18500000000000003 0.1891304347826087 0.3166666666666667 0.11739130434782609
3 0.5033333333333334 0.21884057971014492 0.9850000000000001 0.26231884057971017
6 0.5020833333333333 0.7568840579710145 0.9950000000000001 0.31231884057971016
2 0.14416666666666667 0.042028985507246375 0.07250000000000001 0.07681159420289856
2 0.2160416666666667 0.0391304347826087 0.07375000000000001 0.0782608695652174
2 0.2960416666666667 0.042391304347826085 0.07791666666666668 0.08188405797101449
2 0.055625 0.2710144927536232 0.058750000000000004 0.07536231884057971
2 0.56125 0.2728260869565217 0.08166666666666667 0.0746376811594203
2 0.060833333333333336 0.532608695652174 0.06833333333333334 0.06521739130434782
2 0.06333333333333334 0.8282608695652174 0.08333333333333334 0.07536231884057971
2 0.30770833333333336 0.8260869565217391 0.07125000000000001 0.06956521739130435
2 0.5614583333333334 0.8239130434782609 0.08875000000000001 0.07391304347826087
2 0.8014583333333334 0.8286231884057971 0.07541666666666667 0.0746376811594203
1 0.20125 0.45253623188405795 0.3516666666666667 0.09347826086956522
1 0.11645833333333334 0.7126811594202899 0.17625000000000002 0.13695652173913045
1 0.3760416666666667 0.7206521739130435 0.19708333333333333 0.13260869565217392
1 0.6218750000000001 0.7170289855072464 0.19541666666666668 0.12681159420289856
1 0.8583333333333334 0.7253623188405797 0.19 0.13478260869565217
1 0.69125 0.1818840579710145 0.3325 0.1072463768115942
5 0.5010416666666667 0.2141304347826087 0.9920833333333334 0.25434782608695655
4 0.503125 0.4826086956521739 0.98875 0.25217391304347825
3 0.5016666666666667 0.48333333333333334 0.9941666666666668 0.2536231884057971
3 0.49541666666666667 0.051811594202898555 0.9816666666666667 0.10362318840579711
3 0.5018750000000001 0.7605072463768116 0.98875 0.3065217391304348
