2 0.05708333333333334 0.04057971014492753 0.07833333333333334 0.08115942028985507
2 0.13958333333333334 0.03985507246376812 0.07666666666666667 0.07681159420289856
2 0.21083333333333334 0.0391304347826087 0.06333333333333334 0.07536231884057971
2 0.2785416666666667 0.04021739130434783 0.07541666666666667 0.08043478260869566
2 0.06354166666666668 0.2768115942028986 0.07791666666666668 0.06666666666666667
2 0.060625000000000005 0.5699275362318841 0.07291666666666667 0.06594202898550725
2 0.30270833333333336 0.5659420289855073 0.06708333333333334 0.07101449275362319
2 0.5470833333333334 0.5681159420289855 0.05666666666666667 0.08115942028985507
2 0.8052083333333334 0.5706521739130435 0.08791666666666667 0.06884057971014493
2 0.5535416666666667 0.825 0.05458333333333334 0.07173913043478261
2 0.06604166666666667 0.821376811594203 0.08375 0.07173913043478261
1 0.18708333333333335 0.1826086956521739 0.32583333333333336 0.09710144927536232
1 0.12312500000000001 0.4677536231884058 0.19375 0.12101449275362319
1 0.36125 0.4652173913043478 0.18166666666666667 0.12753623188405797
1 0.6147916666666667 0.4641304347826087 0.18708333333333335 0.13115942028985508
1 0.8725 0.4648550724637681 0.20916666666666667 0.12536231884057972
1 0.17979166666666668 0.7434782608695653 0.3145833333333333 0.11739130434782609
1 0.675625 0.7409420289855072 0.31708333333333333 0.09347826086956522
3 0.5072916666666667 0.04456521739130435 0.9845833333333334 0.0891304347826087
3 0.5041666666666667 0.21739130434782608 0.9908333333333333 0.263768115942029
3 0.5010416666666667 0.49927536231884057 0.9870833333333334 0.2971014492753623
3 0.4991666666666667 0.7673913043478261 0.9866666666666667 0.26666666666666666
6 0.49812500000000004 0.49818840579710144 0.99375 0.3007246376811594
5 0.4979166666666667 0.7768115942028986 0.9900000000000001 0.2608695652173913
4 0.4985416666666667 0.21521739130434783 0.9854166666666667 0.24782608695652175
