2 0.05479166666666667 0.040942028985507244 0.07375000000000001 0.07898550724637682
2 0.13375 0.042391304347826085 0.07333333333333333 0.07753623188405798
2 0.06354166666666668 0.27644927536231884 0.08208333333333334 0.06884057971014493
2 0.05625 0.5699275362318841 0.06416666666666668 0.07028985507246377
2 0.2991666666666667 0.571376811594203 0.060000000000000005 0.07608695652173914
2 0.5587500000000001 0.597463768115942 0.08333333333333334 0.06884057971014493
2 0.8031250000000001 0.5688405797101449 0.07458333333333333 0.07391304347826087
2 0.06583333333333334 0.861231884057971 0.08083333333333334 0.07608695652173914
1 0.20125 0.188768115942029 0.35333333333333333 0.09492753623188406
1 0.11875000000000001 0.4634057971014493 0.17666666666666667 0.12101449275362319
1 0.37895833333333334 0.45760869565217394 0.20458333333333334 0.11666666666666667
1 0.5933333333333334 0.47644927536231885 0.15416666666666667 0.1427536231884058
1 0.8662500000000001 0.4713768115942029 0.20833333333333334 0.13405797101449277
1 0.19395833333333334 0.7717391304347826 0.33458333333333334 0.1
4 0.500625 0.2213768115942029 0.9962500000000001 0.25579710144927537
6 0.4985416666666667 0.5007246376811594 0.9945833333333334 0.3173913043478261
4 0.499375 0.8072463768115942 0.9954166666666667 0.2753623188405797
3 0.49625 0.04818840579710145 0.9891666666666667 0.09057971014492754
3 0.4979166666666667 0.213768115942029 0.9958333333333333 0.2492753623188406
3 0.5 0.49746376811594206 0.9975 0.29782608695652174
3 0.49875 0.816304347826087 0.9975 0.29782608695652174
