2 0.05416666666666667 0.034782608695652174 0.07 0.06956521739130435
2 0.12541666666666668 0.04057971014492753 0.065 0.08115942028985507
2 0.19041666666666668 0.040942028985507244 0.06333333333333334 0.07608695652173914
2 0.27 0.041304347826086954 0.08666666666666667 0.07536231884057971
2 0.05854166666666667 0.2807971014492754 0.05791666666666667 0.06739130434782609
2 0.060208333333333336 0.5641304347826087 0.06958333333333334 0.06594202898550725
2 0.3045833333333334 0.5710144927536231 0.06833333333333334 0.07246376811594203
2 0.5583333333333333 0.5702898550724638 0.07916666666666668 0.07681159420289856
2 0.801875 0.5641304347826087 0.07208333333333333 0.06884057971014493
2 0.5537500000000001 0.8242753623188406 0.055 0.07173913043478261
2 0.06625 0.8246376811594203 0.08 0.07391304347826087
1 0.20520833333333335 0.1894927536231884 0.36208333333333337 0.09492753623188406
1 0.12666666666666668 0.4648550724637681 0.2041666666666667 0.13260869565217392
1 0.359375 0.46268115942028987 0.18041666666666667 0.13695652173913045
1 0.6218750000000001 0.46195652173913043 0.21458333333333335 0.14130434782608695
1 0.8556250000000001 0.46956521739130436 0.17958333333333334 0.12173913043478261
1 0.18791666666666668 0.736231884057971 0.3441666666666667 0.10579710144927536
1 0.6995833333333333 0.7431159420289856 0.36083333333333334 0.11811594202898551
4 0.5016666666666667 0.21847826086956523 0.9916666666666667 0.26159420289855073
6 0.50375 0.4956521739130435 0.9900000000000001 0.30434782608695654
5 0.49875 0.777536231884058 0.9916666666666667 0.2782608695652174
3 0.491875 0.05398550724637681 0.9645833333333333 0.10507246376811594
3 0.5002083333333334 0.22028985507246376 0.9862500000000001 0.25217391304347825
3 0.5012500000000001 0.49782608695652175 0.9908333333333333 0.3130434782608696
3 0.5012500000000001 0.7757246376811594 0.9950000000000001 0.27608695652173915
