2 0.04979166666666667 0.043115942028985506 0.061250000000000006 0.0746376811594203
2 0.12416666666666668 0.03949275362318841 0.08083333333333334 0.07898550724637682
2 0.057708333333333334 0.28007246376811595 0.07458333333333333 0.07898550724637682
2 0.05625 0.5652173913043478 0.065 0.07246376811594203
2 0.3097916666666667 0.566304347826087 0.07208333333333333 0.0644927536231884
2 0.5543750000000001 0.5673913043478261 0.07625 0.06811594202898551
2 0.8052083333333334 0.5699275362318841 0.07791666666666668 0.07173913043478261
2 0.05791666666666667 0.8206521739130435 0.065 0.07898550724637682
2 0.5610416666666667 0.8260869565217391 0.07875 0.07246376811594203
1 0.20375000000000001 0.17898550724637682 0.3641666666666667 0.10579710144927536
1 0.11333333333333334 0.46304347826086956 0.18000000000000002 0.14057971014492754
1 0.375 0.4648550724637681 0.20916666666666667 0.13695652173913045
1 0.6195833333333334 0.4681159420289855 0.20750000000000002 0.1391304347826087
1 0.8595833333333334 0.4652173913043478 0.19666666666666668 0.13478260869565217
1 0.19291666666666668 0.7423913043478261 0.33333333333333337 0.10362318840579711
1 0.680625 0.741304347826087 0.31375000000000003 0.11594202898550725
4 0.5014583333333333 0.2217391304347826 0.98375 0.25507246376811593
6 0.49812500000000004 0.4963768115942029 0.98875 0.30434782608695654
5 0.4997916666666667 0.7735507246376812 0.9904166666666667 0.2717391304347826
3 0.49833333333333335 0.051086956521739134 0.9875 0.0963768115942029
3 0.4989583333333334 0.21847826086956523 0.9920833333333334 0.2572463768115942
3 0.4979166666666667 0.4916666666666667 0.9883333333333334 0.2876811594202899
3 0.49875 0.768840579710145 0.9900000000000001 0.2565217391304348
