2 0.051875000000000004 0.043478260869565216 0.07291666666666667 0.07536231884057971
2 0.13291666666666668 0.04746376811594203 0.08916666666666667 0.08768115942028985
2 0.052708333333333336 0.27608695652173915 0.059583333333333335 0.07246376811594203
2 0.05604166666666667 0.5304347826086957 0.07208333333333333 0.07391304347826087
2 0.5610416666666667 0.5329710144927536 0.08208333333333334 0.06884057971014493
1 0.18958333333333335 0.19927536231884058 0.3216666666666667 0.10144927536231885
1 0.19208333333333336 0.45 0.31833333333333336 0.1
1 0.685 0.4423913043478261 0.3325 0.10217391304347827
3 0.48125 0.051811594202898555 0.9383333333333334 0.0963768115942029
3 0.5027083333333333 0.23079710144927537 0.99375 0.27898550724637683
3 0.5022916666666667 0.4818840579710145 0.9945833333333334 0.2739130434782609
4 0.500625 0.2311594202898551 0.9770833333333334 0.26956521739130435
5 0.5027083333333333 0.4822463768115942 0.99375 0.27753623188405796
