2 0.05458333333333334 0.03985507246376812 0.06916666666666667 0.07246376811594203
2 0.13083333333333333 0.03949275362318841 0.0775 0.07898550724637682
2 0.206875 0.04565217391304348 0.05625 0.07101449275362319
2 0.05854166666666667 0.28442028985507245 0.07125000000000001 0.0963768115942029
2 0.06208333333333334 0.5286231884057971 0.09416666666666668 0.060144927536231886
2 0.5545833333333333 0.5315217391304348 0.07166666666666667 0.08623188405797101
2 0.065 0.8278985507246377 0.0825 0.06884057971014493
2 0.3022916666666667 0.8206521739130435 0.07041666666666667 0.07753623188405798
2 0.5416666666666667 0.8297101449275363 0.06333333333333334 0.07246376811594203
2 0.8020833333333334 0.8278985507246377 0.0825 0.06884057971014493
1 0.1925 0.19057971014492753 0.3216666666666667 0.10579710144927536
1 0.1975 0.45543478260869563 0.3433333333333334 0.1108695652173913
1 0.693125 0.45 0.33625000000000005 0.1
1 0.098125 0.7289855072463768 0.14875000000000002 0.1289855072463768
1 0.3616666666666667 0.7253623188405797 0.17750000000000002 0.11884057971014493
1 0.6206250000000001 0.7246376811594203 0.20125 0.11739130434782609
1 0.8570833333333334 0.7210144927536232 0.18250000000000002 0.15507246376811595
3 0.5014583333333333 0.051811594202898555 0.9929166666666668 0.0963768115942029
3 0.4995833333333334 0.2391304347826087 0.9991666666666668 0.263768115942029
3 0.5052083333333334 0.4902173913043478 0.98875 0.2833333333333333
3 0.5027083333333333 0.7663043478260869 0.99375 0.3456521739130435
4 0.5041666666666667 0.23804347826086958 0.9908333333333333 0.27318840579710146
5 0.5014583333333333 0.4847826086956522 0.9929166666666668 0.26956521739130435
6 0.5020833333333333 0.7547101449275362 0.9941666666666668 0.31956521739130433
