2 0.059583333333333335 0.04420289855072464 0.08333333333333334 0.08115942028985507
2 0.14895833333333333 0.041304347826086954 0.09708333333333334 0.08260869565217391
2 0.064375 0.27246376811594203 0.06541666666666666 0.08260869565217391
2 0.06458333333333334 0.5347826086956522 0.07333333333333333 0.07536231884057971
2 0.5625 0.5311594202898551 0.08166666666666667 0.08260869565217391
2 0.06791666666666667 0.8297101449275363 0.09416666666666668 0.07971014492753624
2 0.30791666666666667 0.8228260869565217 0.07833333333333334 0.07318840579710145
2 0.5504166666666667 0.827536231884058 0.07416666666666667 0.08115942028985507
2 0.8016666666666667 0.8221014492753623 0.0775 0.08478260869565217
1 0.18395833333333333 0.1934782608695652 0.3045833333333334 0.1
1 0.1835416666666667 0.44420289855072465 0.31125 0.10869565217391304
1 0.680625 0.44528985507246377 0.32125000000000004 0.0963768115942029
1 0.11916666666666667 0.7141304347826087 0.18250000000000002 0.15869565217391304
1 0.3754166666666667 0.7210144927536232 0.1975 0.12753623188405797
1 0.6160416666666667 0.7228260869565217 0.20458333333333334 0.13405797101449277
1 0.8591666666666667 0.7184782608695652 0.19083333333333335 0.15
3 0.5014583333333333 0.05434782608695652 0.9812500000000001 0.10144927536231885
3 0.4995833333333334 0.2282608695652174 0.9891666666666667 0.2536231884057971
3 0.5020833333333333 0.47644927536231885 0.9900000000000001 0.27608695652173915
3 0.5012500000000001 0.7644927536231885 0.9941666666666668 0.34492753623188405
4 0.5045833333333334 0.2286231884057971 0.9833333333333334 0.2644927536231884
5 0.5054166666666667 0.4815217391304348 0.9883333333333334 0.26594202898550723
6 0.4966666666666667 0.7547101449275362 0.9850000000000001 0.2920289855072464
