2 0.05625 0.04673913043478261 0.07416666666666667 0.08623188405797101
2 0.12875 0.043115942028985506 0.05666666666666667 0.07608695652173914
2 0.063125 0.2717391304347826 0.08041666666666668 0.08405797101449275
2 0.065625 0.533695652173913 0.08125 0.07753623188405798
2 0.55625 0.5373188405797101 0.06833333333333334 0.06739130434782609
2 0.06354166666666668 0.8246376811594203 0.08541666666666667 0.06231884057971015
2 0.30083333333333334 0.8246376811594203 0.0575 0.07536231884057971
2 0.5566666666666668 0.827536231884058 0.0775 0.06376811594202898
2 0.7939583333333334 0.8278985507246377 0.06958333333333334 0.06884057971014493
1 0.18333333333333335 0.188768115942029 0.32 0.11521739130434783
1 0.18125000000000002 0.4492753623188406 0.31083333333333335 0.08840579710144927
1 0.6897916666666667 0.44673913043478264 0.3354166666666667 0.10362318840579711
1 0.11291666666666668 0.7246376811594203 0.15166666666666667 0.13768115942028986
1 0.3745833333333334 0.7246376811594203 0.1975 0.13768115942028986
1 0.6058333333333333 0.7195652173913043 0.18166666666666667 0.12753623188405797
1 0.8622916666666667 0.7289855072463768 0.18041666666666667 0.11594202898550725
3 0.49375 0.050724637681159424 0.9791666666666667 0.10144927536231885
3 0.5008333333333334 0.23043478260869565 0.9975 0.2739130434782609
3 0.5008333333333334 0.48007246376811596 0.9975 0.28043478260869564
3 0.5018750000000001 0.7778985507246376 0.9954166666666667 0.33115942028985507
4 0.5052083333333334 0.23623188405797102 0.9879166666666668 0.2797101449275362
5 0.5027083333333333 0.4855072463768116 0.9912500000000001 0.2710144927536232
6 0.5002083333333334 0.7623188405797101 0.9979166666666668 0.3
