2 0.05541666666666667 0.041304347826086954 0.07833333333333334 0.07536231884057971
2 0.12520833333333334 0.03804347826086957 0.061250000000000006 0.07608695652173914
2 0.19958333333333333 0.041304347826086954 0.07916666666666668 0.08260869565217391
2 0.055625 0.2768115942028986 0.06541666666666666 0.07391304347826087
2 0.06458333333333334 0.5347826086956522 0.0775 0.08985507246376812
2 0.5597916666666667 0.5304347826086957 0.07958333333333334 0.07101449275362319
2 0.06208333333333334 0.8235507246376812 0.07833333333333334 0.07753623188405798
2 0.30270833333333336 0.8278985507246377 0.07125000000000001 0.06884057971014493
2 0.5566666666666668 0.8289855072463769 0.0775 0.06666666666666667
2 0.7972916666666667 0.827536231884058 0.05625 0.08115942028985507
1 0.19708333333333333 0.18695652173913044 0.3425 0.09855072463768116
1 0.20500000000000002 0.4449275362318841 0.36000000000000004 0.1072463768115942
1 0.6897916666666667 0.45108695652173914 0.31958333333333333 0.10217391304347827
1 0.12083333333333333 0.7097826086956521 0.20916666666666667 0.10507246376811594
1 0.3795833333333334 0.7072463768115942 0.20916666666666667 0.11014492753623188
1 0.6170833333333334 0.7210144927536232 0.2041666666666667 0.14492753623188406
1 0.8616666666666667 0.7184782608695652 0.1875 0.11521739130434783
3 0.4997916666666667 0.04565217391304348 0.9912500000000001 0.09130434782608696
3 0.5018750000000001 0.22210144927536232 0.9954166666666667 0.2818840579710145
3 0.5002083333333334 0.4822463768115942 0.9904166666666667 0.27753623188405796
3 0.5022916666666667 0.761231884057971 0.9945833333333334 0.31521739130434784
4 0.4995833333333334 0.23297101449275362 0.9833333333333334 0.25579710144927537
5 0.5018750000000001 0.47934782608695653 0.9954166666666667 0.2688405797101449
6 0.5018750000000001 0.7652173913043478 0.9954166666666667 0.31884057971014496
