2 0.05583333333333334 0.041304347826086954 0.0775 0.08260869565217391
2 0.13083333333333333 0.043115942028985506 0.0625 0.07898550724637682
2 0.20458333333333334 0.04746376811594203 0.08333333333333334 0.07753623188405798
2 0.063125 0.2717391304347826 0.07458333333333333 0.08115942028985507
2 0.5635416666666667 0.26956521739130435 0.08958333333333333 0.08840579710144927
2 0.05708333333333334 0.5659420289855073 0.06833333333333334 0.06956521739130435
2 0.30333333333333334 0.5608695652173913 0.0625 0.07971014492753624
2 0.5575 0.563768115942029 0.07583333333333334 0.07391304347826087
2 0.7997916666666667 0.5641304347826087 0.08541666666666667 0.07898550724637682
2 0.06416666666666668 0.8282608695652174 0.07250000000000001 0.08260869565217391
1 0.19125 0.17789855072463767 0.3358333333333334 0.11666666666666667
1 0.671875 0.16884057971014493 0.29958333333333337 0.11014492753623188
1 0.11770833333333335 0.4634057971014493 0.17791666666666667 0.10507246376811594
1 0.37333333333333335 0.4608695652173913 0.2025 0.12753623188405797
1 0.609375 0.46557971014492755 0.15875 0.13115942028985508
1 0.8652083333333334 0.4666666666666667 0.18041666666666667 0.1391304347826087
1 0.19875 0.7427536231884058 0.33333333333333337 0.10144927536231885
3 0.4966666666666667 0.05 0.9791666666666667 0.0927536231884058
3 0.5016666666666667 0.22681159420289856 0.9933333333333334 0.2739130434782609
3 0.5016666666666667 0.4916666666666667 0.9933333333333334 0.3065217391304348
3 0.5008333333333334 0.7786231884057971 0.9975 0.27753623188405796
5 0.5002083333333334 0.2170289855072464 0.9904166666666667 0.24710144927536232
6 0.5054166666666667 0.4967391304347826 0.9883333333333334 0.3036231884057971
4 0.5008333333333334 0.7807971014492754 0.9975 0.2876811594202899
