2 0.05229166666666667 0.04057971014492753 0.06625 0.08115942028985507
2 0.11916666666666667 0.04420289855072464 0.07916666666666668 0.08115942028985507
2 0.063125 0.2717391304347826 0.08208333333333334 0.08840579710144927
2 0.5602083333333334 0.2717391304347826 0.08791666666666667 0.08115942028985507
2 0.06854166666666667 0.5384057971014493 0.08125 0.07971014492753624
2 0.06333333333333334 0.8253623188405798 0.07833333333333334 0.07101449275362319
2 0.3045833333333334 0.8264492753623188 0.0575 0.06594202898550725
2 0.5587500000000001 0.8221014492753623 0.08166666666666667 0.0746376811594203
2 0.811875 0.8271739130434783 0.09125000000000001 0.0746376811594203
1 0.21291666666666667 0.1847826086956522 0.37000000000000005 0.11014492753623188
1 0.6841666666666667 0.186231884057971 0.3241666666666667 0.1246376811594203
1 0.19020833333333334 0.4427536231884058 0.3304166666666667 0.08115942028985507
1 0.11833333333333335 0.7184782608695652 0.16666666666666669 0.13260869565217392
1 0.3695833333333334 0.7141304347826087 0.21333333333333335 0.12391304347826088
1 0.6129166666666667 0.7166666666666667 0.17750000000000002 0.13623188405797101
1 0.8677083333333334 0.7210144927536232 0.19958333333333333 0.15217391304347827
3 0.4922916666666667 0.05253623188405797 0.9704166666666667 0.09782608695652174
3 0.5022916666666667 0.22210144927536232 0.9945833333333334 0.26159420289855073
3 0.5018750000000001 0.47934782608695653 0.9954166666666667 0.27898550724637683
3 0.5004166666666667 0.7630434782608696 0.9983333333333334 0.3144927536231884
5 0.5033333333333334 0.21811594202898552 0.9925 0.2739130434782609
4 0.4995833333333334 0.48405797101449277 0.9891666666666667 0.2710144927536232
6 0.49770833333333336 0.7608695652173914 0.9870833333333334 0.2971014492753623
