2 0.056875 0.04057971014492753 0.08125 0.08115942028985507
2 0.13604166666666667 0.03695652173913044 0.07125000000000001 0.07391304347826087
2 0.2041666666666667 0.04384057971014493 0.07250000000000001 0.07753623188405798
2 0.2808333333333333 0.03985507246376812 0.08333333333333334 0.07246376811594203
2 0.06104166666666667 0.3010869565217391 0.06458333333333334 0.06739130434782609
2 0.30125 0.3036231884057971 0.050833333333333335 0.07246376811594203
2 0.5622916666666667 0.3079710144927536 0.07458333333333333 0.06086956521739131
2 0.8033333333333333 0.30289855072463767 0.07250000000000001 0.06376811594202898
2 0.05333333333333334 0.5623188405797102 0.0625 0.07246376811594203
2 0.5608333333333334 0.5634057971014493 0.0775 0.0746376811594203
2 0.063125 0.822463768115942 0.07458333333333333 0.07971014492753624
1 0.11812500000000001 0.2 0.17875000000000002 0.14492753623188406
1 0.3691666666666667 0.2028985507246377 0.19833333333333333 0.12608695652173912
1 0.6262500000000001 0.2028985507246377 0.2025 0.12608695652173912
1 0.8727083333333334 0.19746376811594202 0.19708333333333333 0.11521739130434783
1 0.19541666666666668 0.48079710144927534 0.35083333333333333 0.11956521739130435
1 0.6752083333333334 0.47101449275362317 0.29291666666666666 0.10289855072463769
1 0.183125 0.7329710144927536 0.3104166666666667 0.10362318840579711
3 0.4916666666666667 0.041304347826086954 0.9750000000000001 0.08260869565217391
3 0.49625 0.23804347826086958 0.9841666666666667 0.3036231884057971
3 0.5022916666666667 0.5181159420289855 0.9945833333333334 0.2739130434782609
3 0.5033333333333334 0.7764492753623189 0.9925 0.29347826086956524
6 0.5047916666666667 0.24746376811594203 0.9870833333333334 0.30217391304347824
5 0.5033333333333334 0.5 0.9925 0.27246376811594203
4 0.505625 0.7778985507246376 0.9854166666666667 0.29347826086956524
