2 0.05916666666666667 0.043115942028985506 0.07416666666666667 0.08623188405797101
2 0.13958333333333334 0.042753623188405795 0.07833333333333334 0.08550724637681159
2 0.22291666666666668 0.036594202898550726 0.08 0.07318840579710145
2 0.3075 0.03876811594202899 0.0825 0.07753623188405798
2 0.3829166666666667 0.03768115942028986 0.07916666666666668 0.07536231884057971
2 0.06270833333333334 0.2742753623188406 0.06958333333333334 0.07608695652173914
2 0.5547916666666667 0.2688405797101449 0.059583333333333335 0.07246376811594203
1 0.18770833333333334 0.19057971014492753 0.32375000000000004 0.10579710144927536
1 0.6787500000000001 0.18043478260869567 0.3216666666666667 0.10144927536231885
5 0.5020833333333333 0.22246376811594204 0.9841666666666667 0.27246376811594203
3 0.4991666666666667 0.04492753623188406 0.9841666666666667 0.08260869565217391
3 0.5033333333333334 0.22246376811594204 0.9925 0.2826086956521739
