2 0.059791666666666674 0.043115942028985506 0.08125 0.08623188405797101
2 0.135625 0.04057971014492753 0.07041666666666667 0.08115942028985507
2 0.21458333333333335 0.04057971014492753 0.09333333333333334 0.08115942028985507
2 0.060208333333333336 0.3079710144927536 0.07458333333333333 0.08115942028985507
2 0.31604166666666667 0.30869565217391304 0.08625000000000001 0.07246376811594203
2 0.5539583333333333 0.30289855072463767 0.06541666666666666 0.0782608695652174
2 0.80125 0.30543478260869567 0.0825 0.06884057971014493
2 0.05479166666666667 0.5543478260869565 0.059583333333333335 0.06376811594202898
2 0.5616666666666666 0.5597826086956522 0.08750000000000001 0.08768115942028985
2 0.058125 0.8264492753623188 0.06458333333333334 0.06594202898550725
1 0.13062500000000002 0.19311594202898552 0.19375 0.11376811594202899
1 0.37270833333333336 0.19746376811594202 0.18958333333333335 0.11956521739130435
1 0.6158333333333333 0.20181159420289854 0.1875 0.13115942028985508
1 0.8562500000000001 0.20434782608695654 0.18250000000000002 0.13623188405797101
1 0.19208333333333336 0.4717391304347826 0.3225 0.11594202898550725
1 0.6891666666666667 0.47789855072463766 0.33666666666666667 0.1108695652173913
1 0.19791666666666669 0.7427536231884058 0.3383333333333334 0.09130434782608696
3 0.4935416666666667 0.042391304347826085 0.9712500000000001 0.07753623188405798
3 0.5022916666666667 0.23804347826086958 0.9945833333333334 0.29347826086956524
3 0.5018750000000001 0.5018115942028986 0.9954166666666667 0.24420289855072463
3 0.5004166666666667 0.7728260869565218 0.9983333333333334 0.3036231884057971
