2 0.056875 0.04492753623188406 0.08125 0.08260869565217391
2 0.13104166666666667 0.03949275362318841 0.07541666666666667 0.07898550724637682
2 0.052708333333333336 0.30869565217391304 0.053750000000000006 0.08260869565217391
2 0.30583333333333335 0.30978260869565216 0.0775 0.07028985507246377
2 0.558125 0.3072463768115942 0.07458333333333333 0.07246376811594203
2 0.791875 0.3347826086956522 0.07541666666666667 0.08260869565217391
2 0.06458333333333334 0.5916666666666667 0.08333333333333334 0.07898550724637682
2 0.5627083333333334 0.5909420289855073 0.07708333333333334 0.07028985507246377
2 0.058125 0.8554347826086957 0.06041666666666667 0.08623188405797101
1 0.12354166666666667 0.1923913043478261 0.18541666666666667 0.12971014492753624
1 0.36875 0.18804347826086956 0.17333333333333334 0.11666666666666667
1 0.6108333333333333 0.19855072463768117 0.17333333333333334 0.13768115942028986
1 0.8535416666666668 0.2105072463768116 0.17458333333333334 0.13115942028985508
1 0.18875 0.5054347826086957 0.3275 0.10362318840579711
1 0.6816666666666668 0.49782608695652175 0.3216666666666667 0.09855072463768116
1 0.1872916666666667 0.7677536231884058 0.3304166666666667 0.10652173913043478
3 0.49520833333333336 0.043115942028985506 0.9820833333333334 0.08623188405797101
3 0.49875 0.25181159420289856 0.9950000000000001 0.3384057971014493
3 0.5018750000000001 0.5318840579710145 0.9954166666666667 0.2811594202898551
3 0.5008333333333334 0.8094202898550725 0.9975 0.30434782608695654
6 0.5041666666666667 0.2605072463768116 0.9825 0.3239130434782609
5 0.5047916666666667 0.5485507246376812 0.9895833333333334 0.27246376811594203
4 0.5027083333333333 0.8141304347826087 0.9829166666666668 0.29347826086956524
