2 0.046875 0.043115942028985506 0.06541666666666666 0.08623188405797101
2 0.111875 0.03985507246376812 0.06041666666666667 0.07246376811594203
2 0.18125000000000002 0.041304347826086954 0.07416666666666667 0.08260869565217391
2 0.25708333333333333 0.03949275362318841 0.0775 0.07898550724637682
2 0.330625 0.043115942028985506 0.07958333333333334 0.08623188405797101
2 0.04916666666666667 0.30543478260869567 0.05666666666666667 0.06884057971014493
2 0.30270833333333336 0.3108695652173913 0.061250000000000006 0.07246376811594203
2 0.5602083333333334 0.3072463768115942 0.08791666666666667 0.06521739130434782
2 0.8102083333333334 0.3105072463768116 0.08791666666666667 0.07608695652173914
2 0.06166666666666667 0.5659420289855073 0.07916666666666668 0.07971014492753624
2 0.5587500000000001 0.5648550724637681 0.0675 0.07753623188405798
2 0.060625000000000005 0.8376811594202899 0.07125000000000001 0.07101449275362319
1 0.21833333333333335 0.4681159420289855 0.38083333333333336 0.08115942028985507
1 0.12083333333333333 0.20434782608695654 0.17750000000000002 0.13623188405797101
1 0.3791666666666667 0.20253623188405798 0.21250000000000002 0.11521739130434783
1 0.6227083333333334 0.19891304347826086 0.18541666666666667 0.12246376811594203
1 0.8668750000000001 0.1967391304347826 0.18541666666666667 0.12101449275362319
1 0.6729166666666667 0.4811594202898551 0.29750000000000004 0.12753623188405797
1 0.19208333333333336 0.7358695652173913 0.32833333333333337 0.10507246376811594
3 0.5027083333333333 0.04927536231884058 0.9829166666666668 0.09130434782608696
3 0.5018750000000001 0.2463768115942029 0.9954166666666667 0.2956521739130435
3 0.5047916666666667 0.5177536231884058 0.9895833333333334 0.27318840579710146
3 0.5022916666666667 0.7706521739130435 0.9945833333333334 0.2717391304347826
6 0.5018750000000001 0.22971014492753625 0.9954166666666667 0.2971014492753623
5 0.5008333333333334 0.505072463768116 0.9975 0.26811594202898553
4 0.4995833333333334 0.7898550724637681 0.9950000000000001 0.2898550724637681
