2 0.04645833333333334 0.04057971014492753 0.06041666666666667 0.08115942028985507
2 0.11416666666666668 0.03949275362318841 0.07333333333333333 0.07898550724637682
2 0.19354166666666667 0.04057971014492753 0.08541666666666667 0.08115942028985507
2 0.05708333333333334 0.3079710144927536 0.05666666666666667 0.08405797101449275
2 0.2972916666666667 0.3115942028985507 0.06458333333333334 0.08115942028985507
2 0.5533333333333333 0.3061594202898551 0.07416666666666667 0.07753623188405798
2 0.79625 0.31123188405797103 0.05666666666666667 0.07753623188405798
2 0.05229166666666667 0.5547101449275362 0.05458333333333334 0.0746376811594203
2 0.5485416666666667 0.5597826086956522 0.05625 0.06739130434782609
2 0.06770833333333334 0.8210144927536231 0.08958333333333333 0.07246376811594203
1 0.12416666666666668 0.1967391304347826 0.18416666666666667 0.12101449275362319
1 0.37875000000000003 0.19492753623188405 0.20750000000000002 0.1144927536231884
1 0.6241666666666668 0.2028985507246377 0.19416666666666668 0.12608695652173912
1 0.8712500000000001 0.20434782608695654 0.21000000000000002 0.13623188405797101
1 0.19354166666666667 0.4717391304347826 0.32958333333333334 0.11594202898550725
1 0.6866666666666668 0.48079710144927534 0.32916666666666666 0.09492753623188406
1 0.19354166666666667 0.7315217391304348 0.34125 0.0891304347826087
3 0.49812500000000004 0.05434782608695652 0.9820833333333334 0.10869565217391304
3 0.5016666666666667 0.23550724637681159 0.9933333333333334 0.29130434782608694
3 0.4995833333333334 0.5134057971014493 0.9891666666666667 0.27753623188405796
3 0.5008333333333334 0.7760869565217391 0.9975 0.2826086956521739
6 0.5027083333333333 0.24130434782608695 0.9854166666666667 0.2797101449275362
5 0.5020833333333333 0.5130434782608696 0.9841666666666667 0.2536231884057971
4 0.5047916666666667 0.7721014492753623 0.9895833333333334 0.2572463768115942
