2 0.053750000000000006 0.041304347826086954 0.06333333333333334 0.08260869565217391
2 0.11812500000000001 0.043115942028985506 0.06541666666666666 0.08623188405797101
2 0.19062500000000002 0.04746376811594203 0.07541666666666667 0.08768115942028985
2 0.26875000000000004 0.0536231884057971 0.0775 0.09710144927536232
2 0.06104166666666667 0.27246376811594203 0.06458333333333334 0.08260869565217391
2 0.06416666666666668 0.5322463768115943 0.08833333333333333 0.0746376811594203
2 0.565625 0.5329710144927536 0.09541666666666668 0.06884057971014493
2 0.060833333333333336 0.8278985507246377 0.0775 0.06884057971014493
2 0.3091666666666667 0.8583333333333334 0.08666666666666667 0.0746376811594203
2 0.5627083333333334 0.8246376811594203 0.08541666666666667 0.07246376811594203
2 0.8091666666666667 0.825 0.08666666666666667 0.06884057971014493
1 0.19854166666666667 0.19420289855072465 0.3354166666666667 0.09855072463768116
1 0.19562500000000002 0.4434782608695652 0.32958333333333334 0.11739130434782609
1 0.6970833333333334 0.4460144927536232 0.35250000000000004 0.11231884057971014
1 0.11479166666666668 0.7188405797101449 0.17958333333333334 0.12608695652173912
1 0.361875 0.7195652173913043 0.19541666666666668 0.15217391304347827
1 0.6258333333333334 0.7097826086956521 0.1975 0.11521739130434783
1 0.8629166666666668 0.7141304347826087 0.1875 0.14130434782608695
3 0.4922916666666667 0.04565217391304348 0.9762500000000001 0.09130434782608696
3 0.5004166666666667 0.21992753623188407 0.9983333333333334 0.2673913043478261
3 0.5018750000000001 0.48007246376811596 0.9954166666666667 0.26304347826086955
3 0.5004166666666667 0.7507246376811594 0.9983333333333334 0.30434782608695654
4 0.5012500000000001 0.2257246376811594 0.9941666666666668 0.25869565217391305
5 0.49770833333333336 0.48985507246376814 0.98875 0.2797101449275362
6 0.49375 0.7597826086956522 0.9833333333333334 0.32971014492753625
