2 0.053750000000000006 0.043115942028985506 0.06916666666666667 0.08623188405797101
2 0.135 0.04565217391304348 0.08333333333333334 0.09130434782608696
2 0.058750000000000004 0.2778985507246377 0.08333333333333334 0.06884057971014493
2 0.063125 0.5347826086956522 0.08625000000000001 0.08260869565217391
2 0.5545833333333333 0.5347826086956522 0.0675 0.09710144927536232
2 0.07291666666666667 0.8177536231884058 0.10833333333333334 0.07898550724637682
2 0.3120833333333334 0.8282608695652174 0.08416666666666667 0.07246376811594203
2 0.555625 0.8539855072463768 0.06958333333333334 0.07608695652173914
2 0.8041666666666667 0.8271739130434783 0.08833333333333333 0.0746376811594203
1 0.19062500000000002 0.19311594202898552 0.3254166666666667 0.08623188405797101
1 0.1729166666666667 0.4365942028985507 0.3116666666666667 0.11376811594202899
1 0.6945833333333333 0.45543478260869563 0.33333333333333337 0.1282608695652174
1 0.113125 0.7159420289855073 0.15875 0.11739130434782609
1 0.36625 0.7141304347826087 0.2066666666666667 0.12391304347826088
1 0.6227083333333334 0.7315217391304348 0.19125 0.14130434782608695
1 0.8612500000000001 0.7202898550724638 0.18250000000000002 0.1463768115942029
3 0.4960416666666667 0.050724637681159424 0.9762500000000001 0.10144927536231885
3 0.5014583333333333 0.23333333333333334 0.9962500000000001 0.2768115942028986
3 0.5033333333333334 0.4927536231884058 0.9925 0.2956521739130435
3 0.5020833333333333 0.7666666666666667 0.9941666666666668 0.34347826086956523
4 0.505 0.2217391304347826 0.9841666666666667 0.263768115942029
5 0.49812500000000004 0.4786231884057971 0.9879166666666668 0.26014492753623186
6 0.5012500000000001 0.7706521739130435 0.9941666666666668 0.3398550724637681
