2 0.060833333333333336 0.043115942028985506 0.08333333333333334 0.07608695652173914
2 0.14750000000000002 0.043115942028985506 0.0825 0.07898550724637682
2 0.22791666666666668 0.04057971014492753 0.07666666666666667 0.08115942028985507
2 0.29500000000000004 0.042391304347826085 0.0675 0.07753623188405798
2 0.36458333333333337 0.03876811594202899 0.06416666666666668 0.07753623188405798
2 0.063125 0.27318840579710146 0.08041666666666668 0.08115942028985507
2 0.5647916666666667 0.266304347826087 0.08541666666666667 0.07753623188405798
2 0.06270833333333334 0.5311594202898551 0.07541666666666667 0.07246376811594203
2 0.06270833333333334 0.8289855072463769 0.07541666666666667 0.07101449275362319
2 0.30520833333333336 0.8246376811594203 0.06458333333333334 0.06956521739130435
2 0.5610416666666667 0.8583333333333334 0.08041666666666668 0.0746376811594203
2 0.7933333333333333 0.8231884057971015 0.05666666666666667 0.07246376811594203
1 0.1847916666666667 0.1855072463768116 0.33125000000000004 0.12608695652173912
1 0.6902083333333334 0.17427536231884058 0.3404166666666667 0.08623188405797101
1 0.1860416666666667 0.4460144927536232 0.3045833333333334 0.08768115942028985
1 0.10833333333333334 0.7213768115942029 0.16083333333333336 0.12101449275362319
1 0.37625000000000003 0.7184782608695652 0.2025 0.12246376811594203
1 0.6168750000000001 0.7391304347826088 0.18958333333333335 0.1536231884057971
1 0.8712500000000001 0.7177536231884059 0.21000000000000002 0.13405797101449277
3 0.5008333333333334 0.05326086956521739 0.9975 0.10652173913043478
3 0.5016666666666667 0.22608695652173913 0.9933333333333334 0.25507246376811593
3 0.5020833333333333 0.48405797101449277 0.9900000000000001 0.2608695652173913
3 0.5008333333333334 0.7778985507246376 0.9975 0.33115942028985507
5 0.5054166666666667 0.22028985507246376 0.9883333333333334 0.26811594202898553
4 0.50375 0.4865942028985507 0.9916666666666667 0.27608695652173915
6 0.5008333333333334 0.7786231884057971 0.9975 0.35579710144927534
