2 0.050833333333333335 0.041304347826086954 0.06333333333333334 0.08260869565217391
2 0.12958333333333333 0.03949275362318841 0.08416666666666667 0.07898550724637682
2 0.06520833333333334 0.27065217391304347 0.08041666666666668 0.06884057971014493
2 0.5479166666666667 0.26920289855072466 0.0575 0.06884057971014493
2 0.058125 0.5340579710144927 0.06458333333333334 0.07101449275362319
2 0.555625 0.5228260869565218 0.06958333333333334 0.06594202898550725
2 0.17875000000000002 0.1891304347826087 0.29333333333333333 0.09130434782608696
2 0.6822916666666667 0.18804347826086956 0.31625000000000003 0.11376811594202899
2 0.19354166666666667 0.4460144927536232 0.3254166666666667 0.09782608695652174
2 0.6837500000000001 0.447463768115942 0.3175 0.10507246376811594
3 0.5047916666666667 0.058695652173913045 0.9895833333333334 0.11014492753623188
3 0.5047916666666667 0.22355072463768116 0.9895833333333334 0.26014492753623186
3 0.5054166666666667 0.48405797101449277 0.9883333333333334 0.2811594202898551
5 0.5033333333333334 0.22753623188405797 0.9925 0.2826086956521739
5 0.5016666666666667 0.4855072463768116 0.9933333333333334 0.263768115942029
