2 0.058333333333333334 0.04057971014492753 0.08416666666666667 0.08115942028985507
2 0.13895833333333335 0.043115942028985506 0.07791666666666668 0.08623188405797101
2 0.21333333333333335 0.03949275362318841 0.07 0.07898550724637682
1 0.19854166666666667 0.19057971014492753 0.3454166666666667 0.10579710144927536
1 0.6937500000000001 0.18985507246376812 0.33916666666666667 0.08260869565217391
1 0.18770833333333334 0.447463768115942 0.31125 0.08478260869565217
1 0.12604166666666666 0.716304347826087 0.21208333333333335 0.13115942028985508
1 0.36875 0.7141304347826087 0.20500000000000002 0.13115942028985508
1 0.6166666666666667 0.7192028985507246 0.19166666666666668 0.1282608695652174
1 0.8547916666666667 0.7420289855072464 0.1679166666666667 0.15217391304347827
2 0.059375000000000004 0.2673913043478261 0.08041666666666668 0.06956521739130435
2 0.56625 0.26811594202898553 0.1 0.07101449275362319
2 0.06958333333333334 0.5315217391304348 0.08916666666666667 0.07608695652173914
2 0.050833333333333335 0.8253623188405798 0.0675 0.08115942028985507
2 0.31583333333333335 0.8246376811594203 0.09916666666666667 0.07971014492753624
2 0.5602083333333334 0.8300724637681159 0.08791666666666667 0.08623188405797101
2 0.7972916666666667 0.8547101449275363 0.07458333333333333 0.07753623188405798
3 0.505625 0.22355072463768116 0.9854166666666667 0.2746376811594203
3 0.5010416666666667 0.04746376811594203 0.9920833333333334 0.09492753623188406
3 0.50625 0.47391304347826085 0.9866666666666667 0.2782608695652174
3 0.50375 0.7717391304347826 0.9916666666666667 0.32608695652173914
6 0.50625 0.22391304347826088 0.9866666666666667 0.26811594202898553
4 0.5072916666666667 0.48297101449275365 0.9762500000000001 0.2688405797101449
6 0.5027083333333333 0.7778985507246376 0.9912500000000001 0.33115942028985507
