2 0.05583333333333334 0.04384057971014493 0.0775 0.08768115942028985
2 0.13062500000000002 0.04492753623188406 0.07458333333333333 0.08260869565217391
2 0.2025 0.03949275362318841 0.06333333333333334 0.07898550724637682
2 0.06666666666666667 0.3105072463768116 0.0775 0.07898550724637682
2 0.3097916666666667 0.31231884057971016 0.07958333333333334 0.08260869565217391
2 0.563125 0.30869565217391304 0.08458333333333334 0.06231884057971015
2 0.7997916666666667 0.30471014492753623 0.07375000000000001 0.07753623188405798
1 0.11625 0.20108695652173914 0.18666666666666668 0.12246376811594203
1 0.37020833333333336 0.1967391304347826 0.19625 0.1384057971014493
1 0.623125 0.19746376811594202 0.19625 0.11956521739130435
1 0.8602083333333334 0.20253623188405798 0.17875000000000002 0.12971014492753624
3 0.49020833333333336 0.04565217391304348 0.9779166666666668 0.09130434782608696
3 0.5016666666666667 0.2398550724637681 0.9891666666666667 0.2927536231884058
6 0.4979166666666667 0.22681159420289856 0.9825 0.2811594202898551
