2 0.060208333333333336 0.04746376811594203 0.08041666666666668 0.08478260869565217
2 0.13979166666666668 0.042753623188405795 0.08708333333333333 0.08550724637681159
2 0.05458333333333334 0.2742753623188406 0.060833333333333336 0.06739130434782609
2 0.061250000000000006 0.5340579710144927 0.07250000000000001 0.07101449275362319
2 0.5625 0.5329710144927536 0.08333333333333334 0.06884057971014493
1 0.1835416666666667 0.18804347826086956 0.3095833333333334 0.1108695652173913
1 0.18666666666666668 0.45217391304347826 0.30333333333333334 0.1
1 0.68625 0.4431159420289855 0.3125 0.10362318840579711
3 0.5020833333333333 0.05253623188405797 0.9841666666666667 0.09492753623188406
3 0.5008333333333334 0.22971014492753625 0.9975 0.26666666666666666
3 0.5008333333333334 0.4826086956521739 0.9975 0.2753623188405797
4 0.5035416666666667 0.23478260869565218 0.9870833333333334 0.2826086956521739
5 0.50375 0.4945652173913044 0.9916666666666667 0.30217391304347824
