2 0.052708333333333336 0.03949275362318841 0.06541666666666666 0.07898550724637682
2 0.12770833333333334 0.04384057971014493 0.08041666666666668 0.07753623188405798
2 0.205625 0.04746376811594203 0.07958333333333334 0.08768115942028985
2 0.2910416666666667 0.04492753623188406 0.09125000000000001 0.08985507246376812
2 0.06270833333333334 0.26992753623188404 0.06958333333333334 0.0746376811594203
2 0.55125 0.2688405797101449 0.060833333333333336 0.07246376811594203
2 0.065625 0.5677536231884058 0.08708333333333333 0.07608695652173914
2 0.30812500000000004 0.5641304347826087 0.07625 0.06884057971014493
2 0.5577083333333334 0.5673913043478261 0.07375000000000001 0.07246376811594203
2 0.7922916666666667 0.5684782608695652 0.06625 0.07753623188405798
2 0.051250000000000004 0.8264492753623188 0.0625 0.08333333333333333
1 0.2 0.1786231884057971 0.35000000000000003 0.12246376811594203
1 0.6895833333333333 0.18442028985507247 0.3375 0.12101449275362319
1 0.12166666666666667 0.45869565217391306 0.1991666666666667 0.11739130434782609
1 0.37270833333333336 0.4579710144927536 0.19541666666666668 0.12608695652173912
1 0.6102083333333334 0.46594202898550724 0.19625 0.12753623188405797
1 0.8735416666666668 0.45615942028985507 0.21125000000000002 0.12971014492753624
1 0.19208333333333336 0.7333333333333334 0.3325 0.1
3 0.49062500000000003 0.04565217391304348 0.9654166666666667 0.08405797101449275
3 0.5054166666666667 0.22644927536231885 0.9883333333333334 0.27318840579710146
3 0.5035416666666667 0.4960144927536232 0.9870833333333334 0.29492753623188406
3 0.5047916666666667 0.7894927536231884 0.9895833333333334 0.2992753623188406
5 0.5012500000000001 0.22355072463768116 0.9741666666666667 0.25
6 0.5041666666666667 0.4923913043478261 0.9825 0.29492753623188406
4 0.5018750000000001 0.7905797101449276 0.9954166666666667 0.2768115942028986
