2 0.060208333333333336 0.042391304347826085 0.07458333333333333 0.07753623188405798
2 0.13166666666666668 0.04565217391304348 0.06416666666666668 0.09130434782608696
2 0.05625 0.3398550724637681 0.06833333333333334 0.07246376811594203
2 0.3070833333333334 0.3101449275362319 0.07833333333333334 0.07246376811594203
2 0.5529166666666667 0.30471014492753623 0.0675 0.06739130434782609
2 0.8016666666666667 0.3090579710144928 0.0775 0.07608695652173914
1 0.12729166666666666 0.21992753623188407 0.19041666666666668 0.15289855072463768
1 0.36000000000000004 0.19746376811594202 0.1875 0.1398550724637681
1 0.6108333333333333 0.1927536231884058 0.19166666666666668 0.11014492753623188
1 0.8654166666666667 0.20543478260869566 0.19833333333333333 0.11376811594202899
3 0.5054166666666667 0.05434782608695652 0.9883333333333334 0.10144927536231885
3 0.5025000000000001 0.252536231884058 0.9891666666666667 0.322463768115942
6 0.5018750000000001 0.24456521739130435 0.9854166666666667 0.322463768115942
