2 0.06166666666666667 0.04492753623188406 0.08333333333333334 0.08260869565217391
2 0.14500000000000002 0.04492753623188406 0.0775 0.08985507246376812
2 0.21083333333333334 0.04456521739130435 0.05666666666666667 0.0891304347826087
2 0.049375 0.27246376811594203 0.06041666666666667 0.06521739130434782
2 0.5595833333333333 0.275 0.0775 0.08478260869565217
2 0.06708333333333334 0.5355072463768116 0.08416666666666667 0.07391304347826087
2 0.053750000000000006 0.8264492753623188 0.07333333333333333 0.08333333333333333
2 0.31375000000000003 0.8521739130434782 0.09916666666666667 0.07246376811594203
2 0.5602083333333334 0.8264492753623188 0.07875 0.08623188405797101
2 0.7997916666666667 0.8307971014492753 0.06958333333333334 0.0746376811594203
1 0.20062500000000003 0.18115942028985507 0.33125000000000004 0.10289855072463769
1 0.6877083333333334 0.17572463768115942 0.3154166666666667 0.10362318840579711
1 0.18416666666666667 0.45 0.3125 0.1
1 0.11875000000000001 0.7152173913043478 0.19333333333333336 0.1289855072463768
1 0.3691666666666667 0.7340579710144928 0.19833333333333333 0.1565217391304348
1 0.6195833333333334 0.7242753623188406 0.2016666666666667 0.1282608695652174
1 0.8560416666666667 0.713768115942029 0.18458333333333335 0.13768115942028986
3 0.5002083333333334 0.04818840579710145 0.98375 0.0963768115942029
3 0.5033333333333334 0.21992753623188407 0.9925 0.2673913043478261
3 0.5002083333333334 0.4815217391304348 0.9962500000000001 0.27608695652173915
3 0.5025000000000001 0.7764492753623189 0.9916666666666667 0.33115942028985507
5 0.5016666666666667 0.21811594202898552 0.9808333333333334 0.263768115942029
4 0.500625 0.4786231884057971 0.9870833333333334 0.2572463768115942
6 0.50375 0.7576086956521739 0.9916666666666667 0.3036231884057971
