2 0.051875000000000004 0.041304347826086954 0.059583333333333335 0.08260869565217391
2 0.11875000000000001 0.04565217391304348 0.06833333333333334 0.09130434782608696
2 0.19062500000000002 0.04927536231884058 0.07375000000000001 0.09855072463768116
2 0.2627083333333334 0.04927536231884058 0.06458333333333334 0.09855072463768116
2 0.06520833333333334 0.27318840579710146 0.07458333333333333 0.06376811594202898
2 0.05520833333333334 0.5322463768115943 0.06458333333333334 0.0746376811594203
2 0.5602083333333334 0.5329710144927536 0.07208333333333333 0.07898550724637682
2 0.061250000000000006 0.8282608695652174 0.07833333333333334 0.08260869565217391
2 0.29625 0.8257246376811594 0.052500000000000005 0.07753623188405798
2 0.5537500000000001 0.8271739130434783 0.085 0.07028985507246377
2 0.8027083333333334 0.8246376811594203 0.07958333333333334 0.08985507246376812
1 0.18625 0.19166666666666668 0.30833333333333335 0.10362318840579711
1 0.17979166666666668 0.44673913043478264 0.30375 0.11376811594202899
1 0.6852083333333334 0.4449275362318841 0.3145833333333333 0.08985507246376812
1 0.12375000000000001 0.7115942028985507 0.2016666666666667 0.13623188405797101
1 0.37270833333333336 0.7239130434782609 0.20125 0.11884057971014493
1 0.61875 0.7192028985507246 0.19333333333333336 0.14130434782608695
1 0.8616666666666667 0.7235507246376812 0.19333333333333336 0.12246376811594203
3 0.47770833333333335 0.04746376811594203 0.9454166666666667 0.08768115942028985
3 0.5022916666666667 0.2286231884057971 0.9945833333333334 0.2746376811594203
3 0.5047916666666667 0.48768115942028983 0.9895833333333334 0.28840579710144926
3 0.5022916666666667 0.7742753623188406 0.9945833333333334 0.3239130434782609
4 0.5016666666666667 0.2286231884057971 0.9875 0.2644927536231884
5 0.5010416666666667 0.4797101449275362 0.9920833333333334 0.25217391304347825
6 0.5047916666666667 0.7590579710144928 0.9895833333333334 0.3108695652173913
