2 0.04666666666666667 0.04492753623188406 0.0675 0.08985507246376812
2 0.11625 0.043115942028985506 0.0675 0.07898550724637682
2 0.183125 0.041304347826086954 0.06458333333333334 0.08260869565217391
2 0.060833333333333336 0.2768115942028986 0.0775 0.07391304347826087
2 0.063125 0.5347826086956522 0.07458333333333333 0.06956521739130435
1 0.16729166666666667 0.18985507246376812 0.2829166666666667 0.0927536231884058
1 0.19645833333333335 0.4431159420289855 0.34125 0.08623188405797101
3 0.5027083333333333 0.22318840579710145 0.9912500000000001 0.2536231884057971
3 0.5022916666666667 0.488768115942029 0.9945833333333334 0.28043478260869564
3 0.4647916666666667 0.04492753623188406 0.9095833333333334 0.08985507246376812
4 0.5035416666666667 0.23550724637681159 0.9870833333333334 0.2782608695652174
4 0.5018750000000001 0.486231884057971 0.9954166666666667 0.2855072463768116
