2 0.05229166666666667 0.041304347826086954 0.06625 0.08260869565217391
2 0.11812500000000001 0.043115942028985506 0.06541666666666666 0.07898550724637682
2 0.19125 0.042753623188405795 0.08916666666666667 0.08550724637681159
2 0.265 0.04057971014492753 0.0675 0.08115942028985507
2 0.343125 0.04492753623188406 0.07791666666666668 0.08985507246376812
2 0.06416666666666668 0.27355072463768115 0.07666666666666667 0.08478260869565217
2 0.063125 0.5373188405797101 0.07458333333333333 0.07753623188405798
2 0.5543750000000001 0.5322463768115943 0.07041666666666667 0.07753623188405798
2 0.06666666666666667 0.8289855072463769 0.08333333333333334 0.08840579710144927
2 0.30833333333333335 0.8246376811594203 0.07833333333333334 0.08985507246376812
2 0.5504166666666667 0.8536231884057971 0.06416666666666668 0.07246376811594203
2 0.7975000000000001 0.8246376811594203 0.0625 0.07536231884057971
1 0.20354166666666668 0.18695652173913044 0.33958333333333335 0.10869565217391304
1 0.20395833333333335 0.4503623188405797 0.36208333333333337 0.1108695652173913
1 0.6722916666666667 0.44420289855072465 0.29458333333333336 0.09855072463768116
1 0.11833333333333335 0.7170289855072464 0.17250000000000001 0.11231884057971014
1 0.3672916666666667 0.7246376811594203 0.18458333333333335 0.14492753623188406
1 0.6208333333333333 0.7315217391304348 0.18166666666666667 0.15144927536231884
1 0.8712500000000001 0.7184782608695652 0.21000000000000002 0.12246376811594203
3 0.5010416666666667 0.22753623188405797 0.9920833333333334 0.24492753623188407
3 0.46875000000000006 0.04492753623188406 0.9175000000000001 0.08985507246376812
3 0.5010416666666667 0.4865942028985507 0.9920833333333334 0.27608695652173915
3 0.5004166666666667 0.7590579710144928 0.9983333333333334 0.3282608695652174
4 0.50375 0.23297101449275362 0.9916666666666667 0.26304347826086955
5 0.504375 0.4822463768115942 0.9904166666666667 0.2746376811594203
6 0.5033333333333334 0.7641304347826087 0.9925 0.33115942028985507
