2 0.05437500000000001 0.043115942028985506 0.08041666666666668 0.08623188405797101
2 0.13875 0.043115942028985506 0.07833333333333334 0.08623188405797101
2 0.2225 0.043115942028985506 0.08916666666666667 0.08623188405797101
2 0.053750000000000006 0.3072463768115942 0.0575 0.07246376811594203
2 0.30875 0.30543478260869567 0.07166666666666667 0.08623188405797101
2 0.5541666666666667 0.30181159420289855 0.07250000000000001 0.08333333333333333
2 0.8022916666666667 0.3090579710144928 0.08041666666666668 0.07608695652173914
2 0.050833333333333335 0.5623188405797102 0.05583333333333334 0.07246376811594203
2 0.5587500000000001 0.5634057971014493 0.07916666666666668 0.0746376811594203
2 0.060208333333333336 0.8278985507246377 0.07458333333333333 0.06884057971014493
1 0.11375 0.20072463768115942 0.16 0.12608695652173912
1 0.37020833333333336 0.19492753623188405 0.2004166666666667 0.13043478260869565
1 0.6158333333333333 0.20181159420289854 0.17583333333333334 0.1282608695652174
1 0.87375 0.20181159420289854 0.21333333333333335 0.13115942028985508
1 0.18416666666666667 0.47934782608695653 0.3125 0.11376811594202899
1 0.695625 0.48405797101449277 0.33708333333333335 0.09130434782608696
1 0.18520833333333334 0.7358695652173913 0.30625 0.09782608695652174
3 0.5004166666666667 0.0463768115942029 0.9983333333333334 0.0927536231884058
3 0.4997916666666667 0.2398550724637681 0.9970833333333334 0.2927536231884058
3 0.5018750000000001 0.5101449275362319 0.9954166666666667 0.2710144927536232
3 0.4995833333333334 0.7797101449275362 0.9891666666666667 0.2797101449275362
6 0.503125 0.25181159420289856 0.9920833333333334 0.3108695652173913
5 0.49875 0.5155797101449275 0.9891666666666667 0.29347826086956524
4 0.5022916666666667 0.7768115942028986 0.9945833333333334 0.2797101449275362
