2 0.04833333333333334 0.043115942028985506 0.0625 0.07898550724637682
2 0.11395833333333334 0.04782608695652174 0.06041666666666667 0.09565217391304348
2 0.17583333333333334 0.043115942028985506 0.06166666666666667 0.07898550724637682
2 0.06416666666666668 0.3068840579710145 0.07833333333333334 0.08623188405797101
2 0.299375 0.3079710144927536 0.06458333333333334 0.08405797101449275
2 0.55625 0.3105072463768116 0.07416666666666667 0.07608695652173914
2 0.7977083333333334 0.3072463768115942 0.06541666666666666 0.07246376811594203
2 0.06708333333333334 0.5673913043478261 0.07666666666666667 0.07246376811594203
1 0.11625 0.20181159420289854 0.16833333333333333 0.1282608695652174
1 0.3766666666666667 0.20181159420289854 0.20750000000000002 0.1108695652173913
1 0.61875 0.19746376811594202 0.18166666666666667 0.11956521739130435
1 0.8652083333333334 0.2068840579710145 0.18625 0.10652173913043478
1 0.17875000000000002 0.4822463768115942 0.29000000000000004 0.09782608695652174
1 0.19062500000000002 0.7420289855072464 0.34125 0.1072463768115942
1 0.7020833333333334 0.741304347826087 0.34833333333333333 0.10869565217391304
2 0.5547916666666667 0.8246376811594203 0.061250000000000006 0.06956521739130435
2 0.05625 0.8141304347826087 0.0625 0.07608695652173914
3 0.50625 0.04746376811594203 0.9866666666666667 0.09492753623188406
3 0.5033333333333334 0.23695652173913043 0.9925 0.30144927536231886
3 0.49625 0.5159420289855072 0.9900000000000001 0.26956521739130435
3 0.5008333333333334 0.7771739130434783 0.9975 0.29492753623188406
6 0.5016666666666667 0.24420289855072463 0.9933333333333334 0.30869565217391304
4 0.4997916666666667 0.5260869565217391 0.9970833333333334 0.2797101449275362
5 0.5027083333333333 0.7710144927536232 0.9912500000000001 0.27246376811594203
