2 0.05479166666666667 0.041304347826086954 0.07125000000000001 0.07536231884057971
2 0.12208333333333334 0.04384057971014493 0.06166666666666667 0.08768115942028985
2 0.19458333333333336 0.043115942028985506 0.0775 0.07898550724637682
2 0.26458333333333334 0.04565217391304348 0.07416666666666667 0.08840579710144927
2 0.06270833333333334 0.26920289855072466 0.07541666666666667 0.08623188405797101
2 0.5616666666666666 0.2742753623188406 0.07916666666666668 0.06884057971014493
2 0.05666666666666667 0.5340579710144927 0.06333333333333334 0.07101449275362319
2 0.065 0.8583333333333334 0.08916666666666667 0.06739130434782609
2 0.30083333333333334 0.8257246376811594 0.06166666666666667 0.08768115942028985
2 0.5539583333333333 0.855072463768116 0.07041666666666667 0.0782608695652174
2 0.8037500000000001 0.8554347826086957 0.08333333333333334 0.08623188405797101
1 0.18770833333333334 0.186231884057971 0.31958333333333333 0.1072463768115942
1 0.7010416666666667 0.18731884057971016 0.3479166666666667 0.10507246376811594
1 0.19 0.4449275362318841 0.3225 0.1
1 0.125 0.7376811594202899 0.1925 0.16376811594202897
1 0.37125 0.7282608695652174 0.1925 0.15507246376811595
1 0.6202083333333334 0.7264492753623188 0.19625 0.15144927536231884
1 0.8543750000000001 0.7333333333333334 0.16041666666666668 0.15507246376811595
3 0.49562500000000004 0.04384057971014493 0.9812500000000001 0.08768115942028985
3 0.5010416666666667 0.2217391304347826 0.9920833333333334 0.263768115942029
3 0.5033333333333334 0.4822463768115942 0.9925 0.2746376811594203
3 0.50375 0.7670289855072464 0.9916666666666667 0.33260869565217394
5 0.500625 0.22355072463768116 0.9870833333333334 0.2847826086956522
4 0.5008333333333334 0.486231884057971 0.9975 0.2826086956521739
6 0.49562500000000004 0.7623188405797101 0.9870833333333334 0.3173913043478261
