2 0.17351012261191903 0.11346231358323257 0.17251211861990307 0.147118097541314
2 0.4278585685771315 0.09028617492946393 0.1536926147704591 0.12333736396614269
2 0.7771599657827203 0.2762998790810157 0.14285714285714288 0.12454655380894801
2 0.21528371827773027 0.5854494155582427 0.17792985457656119 0.07456670697299476
2 0.7395209580838324 0.5322450624748085 0.14171656686626746 0.1769447803305119
2 0.26817792985457656 0.8315195485691254 0.17536355859709155 0.10721483272873841
2 0.6370116909039065 0.8756549778315196 0.22754491017964074 0.09713825070536075
1 0.4017678927858569 0.28395808141878276 0.5451953236384375 0.10358726320032245
1 0.2439406900484745 0.48166062071745264 0.22326775021385803 0.13059250302297462
1 0.568577131451383 0.5141072148327288 0.15568862275449102 0.17613865376864168
1 0.1940404904476761 0.7509068923821041 0.12859994297120048 0.051592099959693674
1 0.5768463073852296 0.7736799677549375 0.22640433418876535 0.11084240225715437
3 0.488879384088965 0.10217654171704958 0.8129455374964357 0.1640467553405885
3 0.49828913601368696 0.29484079000403063 0.8654120330767038 0.22531237404272472
3 0.48403193612774453 0.5276098347440549 0.8351867693185059 0.3079403466344216
3 0.48260621613915033 0.8182184602982668 0.8437410892500714 0.3143893591293833
4 0.4874536641003707 0.2962515114873035 0.8129455374964357 0.20395002015316405
5 0.4843170801254634 0.529826682789198 0.8260621613915028 0.2841596130592503
5 0.4801824921585401 0.8188230552196695 0.8263473053892216 0.30028214429665456
