2 0.11605360707157115 0.08988311164852883 0.142571998859424 0.14510278113663846
2 0.30638722554890224 0.09270455461507457 0.22098659823210723 0.1588069326884321
2 0.5748502994011977 0.08524788391777509 0.24180211006558314 0.13260781942765015
2 0.18505845451953237 0.4006449012494962 0.1454234388366125 0.08464328899637244
2 0.743085258055318 0.3426037887948408 0.2298260621613915 0.19830713422007257
2 0.7684630738522955 0.6221281741233374 0.13857998289136014 0.1640467553405885
2 0.20074137439406903 0.8784764207980653 0.16424294268605646 0.06892382103990327
2 0.45209580838323354 0.8974203950020153 0.14513829483889365 0.07376058041112454
2 0.7266894781864842 0.8950020153164047 0.18848018249215856 0.09068923821039904
1 0.22241231822070148 0.28698105602579604 0.24009124607927004 0.11527609834744056
1 0.39435414884516684 0.5888754534461911 0.5765611633875107 0.20153164046755342
1 0.201739378386085 0.8180169286577993 0.16338751069289992 0.06489318823055219
1 0.47219846022241235 0.8135832325675131 0.15511833475905334 0.06892382103990327
1 0.7456515540347877 0.8250705360741637 0.1174793270601654 0.05723498589278517
3 0.47733105218135163 0.09935509875050383 0.8902195608782436 0.1817815397017332
3 0.48944967208440265 0.343409915356711 0.9173082406615342 0.30874647319629184
3 0.47918448816652415 0.6094316807738815 0.900769888793841 0.3095525997581621
3 0.4861705161106359 0.854695687222894 0.8867978329056174 0.28496573962112054
4 0.482178500142572 0.33857315598548976 0.8679783290561734 0.3071342200725514
4 0.46863416025092675 0.6029826682789198 0.8756772169945823 0.29665457476823864
