2 0.11961790704305675 0.07335751713018944 0.16053607071571144 0.12978637646110439
2 0.3438836612489307 0.07718661829907296 0.19446820644425436 0.135832325675131
2 0.5734245794126034 0.0739621120515921 0.18477331052181353 0.12212817412333737
2 0.7470772740233819 0.26763401854091096 0.2566295979469632 0.17331721080209594
2 0.21143427430852582 0.5395002015316405 0.15540347875677218 0.11084240225715437
2 0.4723410322212718 0.5596533655783958 0.13430282292557744 0.1180975413139863
2 0.8048189335614486 0.6070133010882709 0.1536926147704591 0.13381700927045548
2 0.3307670373538637 0.7450624748085449 0.08896492728828059 0.1841999193873438
2 0.796549757627602 0.7966545747682386 0.1086398631308811 0.18661829907295446
1 0.31009409751924727 0.23679967754937525 0.4388366124893071 0.09552599758162032
1 0.17236954662104365 0.4286577992744861 0.17194183062446536 0.08343409915356712
1 0.43826632449386943 0.4334945586457074 0.16766467065868265 0.10116888351471182
1 0.7573424579412604 0.4637243047158404 0.1910464784716282 0.1285771866182991
1 0.1763615625891075 0.7484885126964934 0.19760479041916168 0.1765417170495768
1 0.5333618477331052 0.7468762595727529 0.12745936698032506 0.16444981862152358
4 0.4854576561163388 0.2678355501813785 0.9309951525520389 0.21644498186215236
5 0.4814656401482749 0.7805320435308344 0.9041916167664671 0.3349455864570738
3 0.48688337610493304 0.07900040306328093 0.9424009124607928 0.15477629987908104
3 0.49629312802965503 0.26582023377670294 0.9526660963786713 0.22450624748085451
3 0.49401197604790426 0.5227730753728336 0.9275734245794127 0.3369609028617493
3 0.49130310806957517 0.7791213220475615 0.9261477045908184 0.3184199919387344
