2 0.13515825491873398 0.06368399838774688 0.16709438266324494 0.08141878274889158
2 0.2989734816082122 0.06307940346634422 0.14114627887082978 0.0826279725916969
2 0.4486740804106074 0.06287787182587666 0.14684915882520674 0.08786779524385328
2 0.674508126603935 0.05965336557839581 0.16053607071571144 0.10318419991938735
1 0.5119760479041917 0.3377670294236195 0.6612489307100086 0.08948004836759371
1 0.20444824636441405 0.6122531237404273 0.15397775876817793 0.07577589681580009
1 0.5316509837467922 0.6237404272470778 0.11149130310806958 0.06086255542120113
1 0.8256344453949245 0.6269649334945586 0.10635871114913031 0.05763804917372028
1 0.415597376675221 0.8377670294236196 0.10179640718562875 0.11003627569528417
1 0.8825206729398347 0.8480451430874648 0.07984031936127745 0.1120515920999597
1 0.3628457370972341 0.22208786779524387 0.4770459081836328 0.12898024989923418
1 0.20031365839749074 0.5126964933494559 0.15654405474764757 0.094316807738815
1 0.5243798118049615 0.5193470374848852 0.14371257485029942 0.1116485288190246
1 0.8068149415454805 0.5193470374848852 0.15939549472483605 0.09794437726723096
1 0.21699458226404336 0.8182184602982668 0.1174793270601654 0.12575574365175332
1 0.7353863701169091 0.8206368399838775 0.1596806387225549 0.14429665457476826
4 0.4984317080125464 0.26219266424828697 0.8873681209010551 0.29786376461104397
3 0.5106928999144569 0.5665054413542926 0.8805246649558027 0.2769044740024184
3 0.5146849158825207 0.8409915356711004 0.9187339606501284 0.29705763804917373
3 0.5114057599087539 0.05945183393792826 0.9235814086113489 0.10197501007658202
3 0.48688337610493304 0.2593712212817412 0.900769888793841 0.2962515114873035
5 0.5243798118049615 0.8492543329302701 0.8976333048189337 0.28053204353083433
