2 0.11961790704305675 0.08141878274889158 0.14513829483889365 0.11688835147118098
2 0.3093812375249501 0.08726320032245063 0.14827487881380097 0.1285771866182991
2 0.6285999429712005 0.07194679564691657 0.17878528656971773 0.11406690850463523
2 0.15012831479897348 0.34058847239016526 0.1382948388936413 0.0765820233776703
2 0.5600228115198176 0.3323256751309956 0.19617907043056745 0.09713825070536075
2 0.5503279155973767 0.5139056831922612 0.16424294268605646 0.13865376864167675
2 0.7597661819218706 0.5237807335751713 0.16167664670658685 0.13825070536074163
2 0.14228685486170517 0.7932285368802903 0.11006558311947534 0.09351068117694479
2 0.3300541773595666 0.8103587263200323 0.11833475905332194 0.09068923821039904
2 0.5444824636441403 0.8327287384119307 0.11776447105788423 0.10318419991938735
2 0.7774451097804392 0.860137041515518 0.11320216709438267 0.10318419991938735
1 0.19318505845451955 0.250906892382104 0.22326775021385803 0.08424022571543732
1 0.5779868833761049 0.2172511084240226 0.19275734245794127 0.0951229343006852
1 0.26632449386940404 0.4822652156388553 0.35129740518962077 0.08665860540104797
1 0.14029084687767324 0.6846029826682789 0.12375249500998005 0.0939137444578799
1 0.31422868548617056 0.6954856912535269 0.06615340747077275 0.0947198710197501
1 0.5439121756487026 0.7061668681983072 0.10635871114913031 0.10399032648125756
1 0.8129455374964357 0.7394195888754534 0.15511833475905334 0.11406690850463523
3 0.5079840319361277 0.08041112454655382 0.9446820644425435 0.13905683192261187
3 0.49215854006273174 0.2730753728335349 0.9181636726546907 0.26803708182184605
3 0.47562018819503854 0.5306328093510682 0.9101796407185629 0.2607819427650141
3 0.48517251211861995 0.77347843611447 0.919589392643285 0.3450221684804514
5 0.4838893641288851 0.27650141072148327 0.8936412888508698 0.23780733575171303
4 0.48859424009124613 0.5259975816203144 0.8876532648987739 0.2410318419991939
6 0.4907328200741375 0.7849657396211206 0.9375534644995723 0.3478436114469972
