2 0.11733675506130598 0.07557436517533253 0.12802965497576277 0.08988311164852883
2 0.3092386655260907 0.06529625151148731 0.16281722269746224 0.08222490931076179
2 0.5575990875392074 0.06449012494961709 0.13430282292557744 0.1120515920999597
2 0.7785856857713146 0.06972994760177348 0.22098659823210723 0.11930673115679162
2 0.1589677787282578 0.37384119306731156 0.09153122326775022 0.0769850866586054
2 0.42757342457941266 0.35328496573962115 0.1536926147704591 0.10197501007658202
2 0.7623324779013403 0.36013704151551795 0.15654405474764757 0.11567916162837566
2 0.22341032221271745 0.5828295042321645 0.10008554319931566 0.08141878274889158
2 0.45551753635585973 0.5814187827488916 0.06986027944111776 0.06892382103990327
2 0.7154262902765898 0.5896815800080613 0.0855431993156544 0.05642885933091495
2 0.8783860849729114 0.601975010076582 0.07271171941830624 0.05280128980249899
2 0.5719988594240092 0.8861346231358324 0.12945537496435702 0.0761789600967352
2 0.16139150270886798 0.848851269649335 0.08440262332477902 0.058847239016525596
3 0.5041345879669233 0.2932285368802902 0.911890504704876 0.3027005239822652
3 0.49372683205018536 0.07839580814187828 0.9173082406615342 0.13502619911326078
3 0.5201026518391788 0.5612656187021362 0.9592244083262048 0.24465941152760984
3 0.5132591958939264 0.8182184602982668 0.9535215283718278 0.3200322450624748
4 0.4957228400342173 0.28879484079000406 0.8882235528942116 0.31559854897218864
6 0.4991445680068435 0.5509875050382911 0.9389791844881666 0.24022571543732368
5 0.48688337610493304 0.809149536477227 0.8796692329626462 0.2938331318016929
