2 0.13672654690618763 0.11124546553808949 0.1559737667522099 0.12978637646110439
2 0.3661248930710009 0.0916968964127368 0.24864556601083548 0.14550584441757355
2 0.8082406615340748 0.08444175735590488 0.24265754205873968 0.12293430068520758
2 0.2591958939264329 0.29866989117291415 0.12945537496435702 0.10318419991938735
2 0.633447390932421 0.3095525997581621 0.11605360707157115 0.08706166868198308
2 0.90347875677217 0.37142281338170097 0.11890504704875964 0.08504635227730754
2 0.13758197889934418 0.6138653768641678 0.10065583119475335 0.06852075775896817
2 0.40219560878243515 0.6058041112454655 0.08468776732249787 0.0765820233776703
2 0.5758483033932136 0.634018540910923 0.09951525520387797 0.07013301088270858
2 0.8276304533789565 0.6708988311164853 0.13316224693470202 0.0882708585247884
2 0.2629027658967779 0.8571140669085047 0.09124607927003137 0.09149536477226924
2 0.5593099515255204 0.8667875856509473 0.1092101511263188 0.07940346634421605
2 0.859424009124608 0.8857315598548973 0.1015112631879099 0.09149536477226924
3 0.5169660678642715 0.0908907698508666 0.9318505845451954 0.14953647722692465
3 0.5052751639577987 0.31902458686013707 0.9597946963216425 0.27932285368802906
3 0.5008554319931566 0.5927045546150745 0.9617907043056745 0.3115679161628376
3 0.49629312802965503 0.8419991938734381 0.9612204163102367 0.282950423216445
1 0.1418591388651269 0.30249899234179767 0.10350727117194183 0.13260781942765015
1 0.5165383518676933 0.2879887142281338 0.12232677502138581 0.11729141475211609
1 0.8366124893071002 0.28879484079000406 0.10094097519247221 0.11084240225715437
1 0.12446535500427718 0.526602176541717 0.10635871114913031 0.06569931479242241
1 0.34801824921585406 0.5282144296654575 0.09723410322212718 0.09230149133413947
1 0.6060735671514115 0.5568319226118501 0.1097804391217565 0.06650544135429262
1 0.8431708012546336 0.5906892382103991 0.1169090390647277 0.05441354292623942
1 0.1525520387795837 0.8347440548166063 0.10436270316509838 0.11608222490931076
1 0.45751354433989166 0.8409915356711004 0.09666381522668949 0.11406690850463523
1 0.7445109780439122 0.8728335348649738 0.103222127174223 0.07779121322047562
6 0.5028514399771885 0.5918984280532044 0.953236384374109 0.29786376461104397
