2 0.12475049900199602 0.08907698508665861 0.14741944682064445 0.1120515920999597
2 0.3163672654690619 0.07758968158000806 0.19418306244653552 0.12293430068520758
2 0.19190191046478472 0.3550987505038291 0.1910464784716282 0.08464328899637244
2 0.12902765896777874 0.6432889963724305 0.17137154262902768 0.08625554212011285
2 0.3880809808953522 0.7037484885126966 0.17165668662674652 0.08303103587263201
2 0.6606786427145709 0.6983071342200726 0.1568291987453664 0.08665860540104797
2 0.35229540918163676 0.8625554212011286 0.15141146278870832 0.08222490931076179
2 0.7952666096378672 0.876864167674325 0.1283147989734816 0.10681176944780331
1 0.28229255774165957 0.25896815800080614 0.3455945252352438 0.09794437726723096
1 0.12917023096663816 0.5257960499798469 0.13629883090960937 0.12454655380894801
1 0.3876532648987739 0.5602579604997985 0.10692899914456802 0.15800080612656187
1 0.6645280866837754 0.5713422007255139 0.12917023096663816 0.16324062877871826
1 0.19261477045908185 0.8625554212011286 0.13544339891645282 0.10399032648125756
1 0.6347305389221557 0.8669891172914148 0.1710863986313088 0.10318419991938735
3 0.45737097234103224 0.3188230552196695 0.9016253207869975 0.28698105602579604
3 0.4646421442828629 0.08222490931076179 0.8865126889078986 0.16041918581217252
3 0.4587966923296265 0.601571946795647 0.917593384659253 0.3293027005239823
3 0.44952951240376393 0.8877468762595728 0.8836612489307101 0.22370012091898428
4 0.44653550042771606 0.30874647319629184 0.8297690333618478 0.28617492946392586
5 0.4649272882805817 0.8810963321241435 0.8682634730538923 0.2007255139056832
