2 0.11020815511833477 0.09008464328899637 0.14171656686626746 0.11406690850463523
2 0.31237524950099804 0.0731559854897219 0.125748502994012 0.10842402257154374
2 0.5191046478471628 0.0705360741636437 0.12232677502138581 0.09754131398629586
2 0.7423723980610208 0.07114066908504635 0.1365839749073282 0.10439338976219267
2 0.2961220416310237 0.4514308746473196 0.11890504704875964 0.09028617492946393
2 0.3307670373538637 0.30652962515114873 0.11120615911035074 0.06811769447803305
2 0.14684915882520674 0.32426440951229346 0.11348731109210151 0.06731156791616284
2 0.5202452238380383 0.29443772672309554 0.13031080695751354 0.0705360741636437
2 0.742087254063302 0.2898024989923418 0.1246079270031366 0.07577589681580009
2 0.19960079840319364 0.6692865779927449 0.2053036783575706 0.05441354292623942
2 0.4562303963501569 0.6729141475211609 0.16310236669518108 0.06086255542120113
2 0.758197889934417 0.6825876662636035 0.17735956658112348 0.08020959290608626
2 0.5799828913601369 0.9076985086658605 0.10949529512403765 0.0765820233776703
2 0.7281151981750785 0.9036678758565095 0.17707442258340464 0.09028617492946393
2 0.274023381807813 0.9054816606207174 0.17165668662674652 0.06569931479242241
1 0.15511833475905334 0.4455864570737606 0.13287710293698318 0.06328093510681178
1 0.4362703165098375 0.43268843208383717 0.11120615911035074 0.0826279725916969
1 0.18320501853435986 0.6037887948407901 0.20615911035072712 0.058847239016525596
1 0.46549757627601945 0.6013704151551794 0.18619903051040776 0.06610237807335752
1 0.7591958939264329 0.6080209592906086 0.1947533504419732 0.09068923821039904
1 0.2005988023952096 0.8212414349052801 0.1685201026518392 0.1060056428859331
1 0.6709438266324494 0.8020959290608626 0.2914171656686627 0.10076582023377671
3 0.5007128599942972 0.06771463119709795 0.9352723125178216 0.11527609834744056
3 0.49657827202737387 0.2555421201128577 0.9064727687482179 0.260378879484079
3 0.5031365839749073 0.4516324062877872 0.919589392643285 0.1769447803305119
3 0.5082691759338467 0.6465135026199114 0.9258625605930996 0.25070536074163646
3 0.5076988879384089 0.8583232567513099 0.9315654405474766 0.26642482869810563
4 0.46350156829198746 0.4619105199516324 0.8346164813230682 0.1725110842402257
6 0.4646421442828629 0.2547359935509875 0.8420302252637583 0.21039903264812576
5 0.49130310806957517 0.8536880290205563 0.8736812090105504 0.2619911326078194
