2 0.1382948388936413 0.1090286174929464 0.18021100655831196 0.15679161628375657
2 0.31323068149415456 0.08948004836759371 0.1685201026518392 0.16203143893591296
2 0.479469632164243 0.08444175735590488 0.17137154262902768 0.16807738814993956
2 0.6251782149985743 0.1336154776299879 0.05788423153692615 0.04554615074566707
2 0.8182207014542344 0.11688835147118098 0.08925007128599943 0.07174526400644901
2 0.20159680638722557 0.36114469971785573 0.13287710293698318 0.051592099959693674
2 0.4107499287140006 0.2938331318016929 0.17821499857428003 0.14993954050785974
2 0.7774451097804392 0.34159613059250304 0.11605360707157115 0.06489318823055219
2 0.8540062731679499 0.4943571140669085 0.16880524664955804 0.11648528819024587
2 0.5881094952951241 0.5253929866989118 0.1086398631308811 0.056831922611850064
2 0.39364128885086974 0.49556630390971385 0.13259195893926434 0.09633212414349053
2 0.5310806957513545 0.6481257557436518 0.10008554319931566 0.09995969367190649
2 0.7507841459937269 0.6876259572752923 0.19446820644425436 0.04917372027408303
2 0.14613629883090962 0.8417976622329706 0.1092101511263188 0.06086255542120113
2 0.39021956087824355 0.8510681176944781 0.14798973481608213 0.09713825070536075
2 0.6626746506986029 0.8603385731559855 0.10778443113772455 0.07859733978234583
2 0.8618477331052182 0.8734381297863765 0.10635871114913031 0.06287787182587666
3 0.50741374394069 0.094316807738815 0.941830624465355 0.1717049576783555
3 0.5062731679498147 0.30652962515114873 0.9424009124607928 0.22692462716646514
3 0.5081266039349872 0.5012091898428054 0.9347020245223838 0.18016928657799275
3 0.5091246079270032 0.6614268440145104 0.9161676646706588 0.16767432486900444
3 0.5153977758768178 0.8452237001209191 0.9184488166524095 0.2055622732769045
4 0.5089820359281437 0.30511890366787586 0.9255774165953807 0.19669488109633212
5 0.5122611919019106 0.5020153164046756 0.9121756487025949 0.16807738814993956
6 0.5181066438551469 0.8335348649738009 0.9392643284858855 0.22087867795243854
