2 0.13929284288565727 0.09794437726723096 0.14741944682064445 0.12091898428053205
2 0.282435129740519 0.0856509471987102 0.11890504704875964 0.12293430068520758
2 0.4215854006273168 0.0920999596936719 0.09666381522668949 0.11890366787585652
2 0.3595665811234674 0.23881499395405079 0.10094097519247221 0.08343409915356712
2 0.4676361562589108 0.23800886739218058 0.09181636726546907 0.09149536477226924
2 0.5668662674650699 0.2376058041112455 0.09238665526090677 0.08182184602982669
2 0.16994582264043342 0.5290205562273277 0.09865982321072142 0.06086255542120113
2 0.4308525805531794 0.5159209995969367 0.11006558311947534 0.08141878274889158
2 0.7177074422583405 0.5344619105199516 0.13857998289136014 0.09915356711003628
2 0.1536926147704591 0.7041515517936316 0.09010550327915598 0.05481660620717453
2 0.33974907328200743 0.7037484885126966 0.10692899914456802 0.07013301088270858
2 0.529227259766182 0.7079806529625151 0.09808953521528373 0.05118903667875857
2 0.7795836897633306 0.7087867795243854 0.10493299116053607 0.07537283353486497
2 0.3317650413458797 0.850665054413543 0.11320216709438267 0.1003627569528416
2 0.7343883661248931 0.854695687222894 0.21870544625035646 0.12777106005642885
1 0.19760479041916168 0.24808544941555824 0.18306244653550044 0.06892382103990327
1 0.20316509837467922 0.4322853688029021 0.1816367265469062 0.11890366787585652
1 0.4683490162532079 0.4131398629584845 0.2112917023096664 0.09995969367190649
1 0.7593384659252923 0.41676743248690046 0.18420302252637583 0.11688835147118098
1 0.7855717137154263 0.6511487303506651 0.09580838323353294 0.03184199919387344
1 0.5258055317935558 0.667875856509472 0.0866837753065298 0.041112454655380895
1 0.3361847733105218 0.6436920596533656 0.09466780724265755 0.03063280935106812
1 0.1536926147704591 0.6630390971382507 0.09352723125178215 0.0354695687222894
1 0.528229255774166 0.8466344216041919 0.14913031080695752 0.09230149133413947
1 0.17693185058454522 0.8639661426844015 0.11947533504419733 0.06408706166868199
3 0.5062731679498147 0.08585247883917775 0.9366980325064158 0.15558242644095124
3 0.5058454519532364 0.2599758162031439 0.9512403763900771 0.2007255139056832
3 0.5065583119475335 0.4754131398629585 0.9230111206159111 0.2825473599355099
3 0.5065583119475335 0.6775493752519146 0.919589392643285 0.1829907295445385
3 0.5280866837753065 0.8651753325272068 0.8845166809238666 0.2172511084240226
4 0.48445965212432285 0.24405481660620718 0.8480182492158541 0.18016928657799275
6 0.5252352437981181 0.6815800080612656 0.9090390647276876 0.1652559451833938
6 0.49301397205588826 0.8681983071342201 0.8605645851154834 0.21039903264812576
