2 0.09538066723695467 0.08101571946795648 0.11719418306244654 0.12253123740427248
2 0.21642429426860565 0.06529625151148731 0.1465640148274879 0.12091898428053205
2 0.5919589392643285 0.058847239016525596 0.103222127174223 0.10560257960499798
2 0.7050185343598517 0.05461507456670697 0.10692899914456802 0.0947198710197501
2 0.40861134873110927 0.18379685610640872 0.09637867122897063 0.07496977025392987
2 0.5343598517251212 0.18460298266827893 0.10037068719703451 0.09028617492946393
2 0.13715426290276592 0.42160419185812176 0.08839463929284289 0.06932688432083838
2 0.35885372112917024 0.4048770656993148 0.11890504704875964 0.08343409915356712
2 0.573282007413744 0.4085046352277308 0.15027088679783293 0.10439338976219267
2 0.7831479897348161 0.40830310358726324 0.06700883946392928 0.051592099959693674
2 0.17907043056743657 0.609230149133414 0.12090105503279157 0.06408706166868199
2 0.5879669232962647 0.6064087061668683 0.07356715141146279 0.07214832728738413
2 0.3206444254348446 0.7636033857315598 0.1092101511263188 0.08907698508665861
2 0.48773880809808956 0.8921805723498589 0.11491303108069575 0.10439338976219267
2 0.7212717422298262 0.835751713018944 0.10236669518106645 0.06650544135429262
1 0.16966067864271459 0.20616686819830715 0.18306244653550044 0.0471584038694075
1 0.16467065868263475 0.32990729544538494 0.15540347875677218 0.07537283353486497
1 0.37125748502994016 0.3202337767029424 0.14371257485029942 0.07779121322047562
1 0.5761334473909324 0.3117694478033051 0.0795551753635586 0.08907698508665861
1 0.801254633589963 0.32990729544538494 0.103222127174223 0.09149536477226924
1 0.18534359851725124 0.5382910116888352 0.16139150270886798 0.07214832728738413
1 0.6268890789848874 0.5249899234179767 0.19076133447390933 0.09310761789600967
1 0.19133162246934704 0.7452640064490125 0.16709438266324494 0.08061265618702136
1 0.501996007984032 0.7634018540910923 0.10008554319931566 0.12494961708988311
1 0.757199885942401 0.7474808544941556 0.14456800684345594 0.10681176944780331
3 0.49957228400342174 0.0679161628375655 0.9312802965497577 0.12615880693268844
3 0.5011405759908755 0.18057234985892787 0.941830624465355 0.14590890769850867
3 0.49358426005132594 0.3591293833131802 0.9586541203307671 0.2249093107617896
3 0.49358426005132594 0.5675130995566304 0.9409751924721985 0.19991938734381298
3 0.49458226404334193 0.8101571946795647 0.9349871685201028 0.3014913341394599
4 0.4769033361847734 0.18460298266827893 0.881950384944397 0.14590890769850867
6 0.4871685201026519 0.3681983071342201 0.9144568006843456 0.2180572349858928
5 0.47305389221556887 0.5675130995566304 0.8839463929284289 0.19750100765820236
