2 0.13416025092671802 0.11366384522370013 0.20045623039635016 0.11527609834744056
2 0.31608212147134307 0.09693671906489319 0.13373253493013973 0.1293833131801693
2 0.4941545480467637 0.08948004836759371 0.1317365269461078 0.12253123740427248
2 0.6455660108354719 0.0886739218057235 0.10607356715141147 0.12656187021362356
2 0.11405759908753922 0.3222490931076179 0.06786427145708583 0.07376058041112454
2 0.44011976047904194 0.2972591696896413 0.07670373538637013 0.06247480854494156
2 0.12589107499287142 0.4735993550987505 0.10692899914456802 0.0709391374445788
2 0.47647562018819506 0.4292623941958888 0.16139150270886798 0.10963321241434906
2 0.2005988023952096 0.6801692865779928 0.09723410322212718 0.06650544135429262
2 0.4674935842600514 0.6779524385328497 0.12004562303963502 0.0709391374445788
2 0.7118619903051041 0.6799677549375253 0.09723410322212718 0.07496977025392987
2 0.1495580268035358 0.8871422813381701 0.09153122326775022 0.06932688432083838
2 0.47291132021670945 0.8873438129786377 0.1092101511263188 0.07214832728738413
2 0.6710863986313088 0.9018540910923015 0.07499287140005703 0.07376058041112454
2 0.85642999714856 0.9081015719467956 0.06757912745936699 0.06932688432083838
1 0.15141146278870832 0.24365175332527209 0.16424294268605646 0.06972994760177348
1 0.47148560022811525 0.22349858927851673 0.18505845451953237 0.07940346634421605
1 0.29697747362418025 0.41737202740830315 0.12118619903051042 0.05844417573559049
1 0.1780724265754206 0.6064087061668683 0.14856002281151984 0.08343409915356712
1 0.46806387225548907 0.5945183393792826 0.13088109495295125 0.08464328899637244
1 0.7409466780724266 0.5973397823458283 0.14171656686626746 0.09028617492946393
1 0.14399771884801826 0.8141878274889158 0.16709438266324494 0.09028617492946393
1 0.501996007984032 0.8240628778718259 0.165098374679213 0.07376058041112454
1 0.6779298545765612 0.8335348649738009 0.04704875962360993 0.0709391374445788
1 0.8676931850584546 0.8315195485691254 0.05303678357570574 0.06690850463522774
3 0.4803250641573995 0.09008464328899637 0.9224408326204734 0.1487303506650544
3 0.4961505560307956 0.2652156388553003 0.9301397205588823 0.2071745264006449
3 0.5078414599372684 0.44236195082627977 0.9244368406045054 0.1777509068923821
3 0.5038494439692045 0.6404675534058848 0.9341317365269461 0.23780733575171303
3 0.4931565440547477 0.8587263200322451 0.9714856002281153 0.24304715840386942
5 0.4518106643855147 0.2569528415961306 0.8357570573139436 0.15437323659814592
4 0.46364414029084694 0.4349052801289803 0.8731109210151127 0.15719467956469166
6 0.5082691759338467 0.8498589278516727 0.960650128314799 0.24465941152760984
