2 0.14271457085828346 0.08524788391777509 0.14057599087539208 0.14469971785570335
2 0.3465925292272598 0.07839580814187828 0.17707442258340464 0.13341394598952036
2 0.741374394069005 0.26320032245062475 0.16823495865412033 0.1475211608222491
2 0.14513829483889365 0.5445384925433293 0.08839463929284289 0.08464328899637244
2 0.4164528086683776 0.5862555421201129 0.0943826632449387 0.08182184602982669
2 0.6646706586826348 0.601571946795647 0.12090105503279157 0.10116888351471182
2 0.8658397490732821 0.6064087061668683 0.10806957513544341 0.11406690850463523
2 0.27872825777017396 0.7551390568319226 0.14171656686626746 0.11648528819024587
2 0.5752780153977759 0.7426440951229343 0.1228970630168235 0.13341394598952036
2 0.8815226689478187 0.7815397017331721 0.10008554319931566 0.11688835147118098
1 0.2901340176789279 0.23679967754937525 0.3550042771599658 0.0947198710197501
1 0.183917878528657 0.4417573559048771 0.11919019104647847 0.07335751713018944
1 0.4469632164242943 0.4798468359532447 0.1377245508982036 0.13905683192261187
1 0.682919874536641 0.48770656993147926 0.11006558311947534 0.13220475614671504
1 0.890362132877103 0.503627569528416 0.10635871114913031 0.11406690850463523
1 0.14513829483889365 0.7309552599758162 0.09637867122897063 0.08182184602982669
1 0.45380667236954664 0.7426440951229343 0.08240661534074709 0.10278113663845224
1 0.7660393498716853 0.7537283353486498 0.09723410322212718 0.06932688432083838
3 0.4813230681494155 0.08524788391777509 0.8731109210151127 0.147118097541314
3 0.49258625605931 0.2756952841596131 0.9116053607071571 0.2587666263603386
3 0.5128314798973482 0.5147118097541314 0.9577986883376106 0.3450221684804514
3 0.5122611919019106 0.7912132204756147 0.9389791844881666 0.28617492946392586
4 0.4813230681494155 0.28133817009270456 0.853721129170231 0.2531237404272471
6 0.5250926717992587 0.5334542523176139 0.9429712004562305 0.3293027005239823
