2 0.13216424294268606 0.08605401047964531 0.13373253493013973 0.1124546553808948
2 0.3240661534074708 0.0886739218057235 0.15540347875677218 0.12091898428053205
2 0.515112631879099 0.07557436517533253 0.17992586256059312 0.12535268037081823
2 0.7198460222412318 0.0679161628375655 0.13088109495295125 0.13180169286577995
2 0.1568291987453664 0.32365981459089077 0.10436270316509838 0.0765820233776703
2 0.4188765326489878 0.35066505441354295 0.14086113487311094 0.09995969367190649
2 0.6405759908753921 0.3472390165255945 0.125748502994012 0.08504635227730754
2 0.8644140290846878 0.3694074969770254 0.10521813515825493 0.08746473196291818
2 0.16167664670658685 0.5578395808141878 0.09637867122897063 0.08061265618702136
2 0.5570287995437696 0.569528415961306 0.15939549472483605 0.0709391374445788
2 0.16467065868263475 0.7732769044740024 0.10236669518106645 0.08343409915356712
1 0.17850014257199887 0.23397823458282951 0.15739948674080412 0.09149536477226924
1 0.41345879669232966 0.24727932285368803 0.12375249500998005 0.1237404272470778
1 0.6469917308240662 0.23962112051592102 0.12660393498716854 0.13905683192261187
1 0.8638437410892501 0.2535268037081822 0.15141146278870832 0.1362353889560661
1 0.19133162246934704 0.46876259572752926 0.1750784145993727 0.07496977025392987
1 0.6293128029654976 0.4897218863361548 0.2566295979469632 0.09754131398629586
1 0.3196464214428287 0.7009270455461508 0.3963501568291988 0.06932688432083838
3 0.5064157399486742 0.08041112454655382 0.9272882805816939 0.15679161628375657
3 0.5226689478186485 0.2877871825876663 0.9540918163672656 0.3022974607013301
3 0.5092671799258626 0.5193470374848852 0.9803250641573996 0.2704554615074567
3 0.5098374679213002 0.7607819427650141 0.9461077844311377 0.27529222087867794
6 0.5176789278585686 0.2936316001612253 0.940119760479042 0.2833534864973801
5 0.4980039920159681 0.5181378476420798 0.8927858568577132 0.2349858927851673
4 0.49358426005132594 0.7579604997984684 0.8896492728828059 0.25594518339379285
