2 0.09980039920159682 0.08101571946795648 0.12603364699173084 0.1362353889560661
2 0.255203877958369 0.08242644095122935 0.14143142286854862 0.13905683192261187
2 0.4148845166809239 0.07758968158000806 0.12090105503279157 0.1293833131801693
2 0.595808383233533 0.08041112454655382 0.18790989449672085 0.1293833131801693
2 0.7620473339036213 0.08665860540104797 0.14057599087539208 0.1531640467553406
2 0.16124893071000856 0.31035872632003225 0.13886512688907898 0.07496977025392987
2 0.7305389221556887 0.28758565094719873 0.13287710293698318 0.1487303506650544
2 0.3068149415454805 0.45707376058041116 0.07984031936127745 0.09028617492946393
2 0.183917878528657 0.50906892382104 0.10721414314228686 0.06690850463522774
2 0.48531508411747937 0.5243853284965739 0.11405759908753922 0.08625554212011285
2 0.15483319076133448 0.6835953244659412 0.10037068719703451 0.09592906086255543
2 0.3879384088964928 0.7204756146715035 0.09837467921300258 0.09713825070536075
2 0.6154833190761335 0.7474808544941556 0.09723410322212718 0.09875050382910118
2 0.8467351012261193 0.7613865376864168 0.10521813515825493 0.0765820233776703
1 0.20259481037924154 0.22632003224506247 0.2272597661819219 0.08182184602982669
1 0.5373538637011691 0.2547359935509875 0.20045623039635016 0.16686819830713423
1 0.17607641859138867 0.42361950826279726 0.12688907898488738 0.09028617492946393
1 0.5240946678072427 0.4381297863764611 0.19560878243512975 0.08625554212011285
1 0.18434559452523525 0.6189036678758565 0.10635871114913031 0.044740024183796856
1 0.38494439692044485 0.6481257557436518 0.10835471913316226 0.055622732769044746
1 0.6313088109495295 0.6592099959693672 0.09523809523809525 0.06650544135429262
1 0.8435985172512119 0.7037484885126966 0.10122611919019106 0.03869407496977026
3 0.49215854006273174 0.08403869407496978 0.9164528086683776 0.15840386940749698
3 0.4857428001140576 0.2859733978234583 0.9349871685201028 0.27932285368802906
3 0.5064157399486742 0.4840790004030633 0.9153122326775022 0.2837565497783152
3 0.5166809238665526 0.7039500201531641 0.9654975762760195 0.30350665054413545
4 0.4857428001140576 0.29665457476823864 0.9093242087254064 0.2668278919790407
5 0.49301397205588826 0.47924224103184204 0.9084687767322499 0.24586860137041516
6 0.5128314798973482 0.7190648931882306 0.9281437125748504 0.3143893591293833
