2 0.058333333333333334 0.041666666666666664 0.0775 0.08333333333333333
2 0.13708333333333333 0.041666666666666664 0.0775 0.08333333333333333
2 0.21166666666666667 0.041666666666666664 0.0775 0.08333333333333333
2 0.29000000000000004 0.041666666666666664 0.0775 0.08333333333333333
2 0.06375 0.26920289855072466 0.08083333333333334 0.0644927536231884
2 0.5487500000000001 0.26992753623188404 0.060833333333333336 0.0644927536231884
2 0.06208333333333334 0.5655797101449276 0.07250000000000001 0.0644927536231884
2 0.31 0.5655797101449276 0.07250000000000001 0.0644927536231884
2 0.5493750000000001 0.5952898550724638 0.059583333333333335 0.0644927536231884
2 0.7952083333333334 0.5641304347826087 0.059583333333333335 0.0644927536231884
2 0.06583333333333334 0.8557971014492753 0.07916666666666668 0.07101449275362319
7 0.052083333333333336 0.15507246376811595 0.050833333333333335 0.06086956521739131
7 0.5541666666666667 0.161231884057971 0.05916666666666667 0.0572463768115942
7 0.05625 0.41992753623188406 0.05916666666666667 0.0572463768115942
7 0.29833333333333334 0.4235507246376812 0.05916666666666667 0.0572463768115942
7 0.5525 0.4235507246376812 0.05916666666666667 0.0572463768115942
7 0.7987500000000001 0.41992753623188406 0.05916666666666667 0.0572463768115942
7 0.05416666666666667 0.7402173913043478 0.05916666666666667 0.0572463768115942
1 0.1872916666666667 0.21485507246376812 0.32625000000000004 0.04420289855072464
1 0.6843750000000001 0.21268115942028987 0.32625000000000004 0.04420289855072464
1 0.114375 0.4916666666666667 0.18125000000000002 0.07753623188405798
1 0.3635416666666667 0.4923913043478261 0.18125000000000002 0.07753623188405798
1 0.5975 0.5068840579710145 0.15333333333333335 0.0963768115942029
1 0.8502083333333333 0.49420289855072463 0.1704166666666667 0.07971014492753624
1 0.18458333333333335 0.7920289855072464 0.3191666666666667 0.036231884057971016
5 0.2516666666666667 0.21666666666666667 0.48750000000000004 0.2594202898550725
5 0.7458333333333333 0.21231884057971015 0.48750000000000004 0.2594202898550725
6 0.12895833333333334 0.49492753623188407 0.24708333333333335 0.29130434782608694
6 0.3722916666666667 0.48985507246376814 0.24708333333333335 0.29130434782608694
6 0.6229166666666667 0.5083333333333333 0.24166666666666667 0.3094202898550725
6 0.8708333333333333 0.5010869565217392 0.24166666666666667 0.3094202898550725
4 0.5012500000000001 0.8018115942028986 0.9908333333333333 0.26014492753623186
3 0.49375 0.04855072463768116 0.9758333333333334 0.09710144927536232
3 0.5 0.2177536231884058 0.9866666666666667 0.26159420289855073
3 0.5004166666666667 0.5014492753623189 0.9925 0.30869565217391304
3 0.5014583333333333 0.7963768115942029 0.9945833333333334 0.25507246376811593
