2 0.05916666666666667 0.042753623188405795 0.08 0.08115942028985507
2 0.13041666666666668 0.043115942028985506 0.060000000000000005 0.08478260869565217
2 0.061875000000000006 0.27318840579710146 0.07125000000000001 0.07681159420289856
2 0.56125 0.2710144927536232 0.0775 0.07101449275362319
7 0.060625000000000005 0.16195652173913044 0.07125000000000001 0.05434782608695652
7 0.560625 0.15833333333333333 0.07125000000000001 0.05434782608695652
1 0.18395833333333333 0.21231884057971015 0.31625000000000003 0.0536231884057971
1 0.680625 0.213768115942029 0.31625000000000003 0.0536231884057971
5 0.2541666666666667 0.2217391304347826 0.48500000000000004 0.26521739130434785
5 0.7479166666666667 0.21884057971014492 0.48500000000000004 0.26521739130434785
3 0.5008333333333334 0.043478260869565216 0.9716666666666667 0.08695652173913043
3 0.5041666666666667 0.22210144927536232 0.9875 0.26304347826086955
