2 0.05666666666666667 0.042753623188405795 0.07916666666666668 0.08550724637681159
2 0.12604166666666666 0.042753623188405795 0.06625 0.08405797101449275
2 0.19770833333333335 0.042391304347826085 0.07291666666666667 0.08478260869565217
2 0.268125 0.04456521739130435 0.07125000000000001 0.08478260869565217
2 0.059375000000000004 0.3072463768115942 0.06708333333333334 0.06956521739130435
2 0.30041666666666667 0.3065217391304348 0.060833333333333336 0.06376811594202898
2 0.555 0.3355072463768116 0.07416666666666667 0.06956521739130435
2 0.8025000000000001 0.3079710144927536 0.06916666666666667 0.06811594202898551
2 0.05708333333333334 0.5960144927536232 0.06166666666666667 0.07028985507246377
2 0.06166666666666667 0.8532608695652174 0.07500000000000001 0.06739130434782609
2 0.5510416666666667 0.8557971014492753 0.06625 0.07681159420289856
7 0.05520833333333334 0.15978260869565217 0.04958333333333333 0.04565217391304348
7 0.3035416666666667 0.16159420289855073 0.06458333333333334 0.04927536231884058
7 0.5458333333333334 0.1673913043478261 0.05416666666666667 0.057971014492753624
7 0.8010416666666668 0.16884057971014493 0.06208333333333334 0.05507246376811594
7 0.0575 0.4818840579710145 0.060833333333333336 0.04492753623188406
7 0.05791666666666667 0.7445652173913043 0.05583333333333334 0.04565217391304348
7 0.55625 0.7427536231884058 0.06416666666666668 0.059420289855072465
1 0.12520833333333334 0.23333333333333334 0.19041666666666668 0.08840579710144927
1 0.3720833333333334 0.23369565217391305 0.20583333333333334 0.07753623188405798
1 0.6012500000000001 0.25217391304347825 0.16083333333333336 0.10434782608695653
1 0.8479166666666668 0.23550724637681159 0.16166666666666668 0.06811594202898551
1 0.18104166666666668 0.5384057971014493 0.30625 0.057971014492753624
1 0.19416666666666668 0.7960144927536232 0.3325 0.060144927536231886
1 0.6891666666666667 0.7934782608695652 0.3325 0.04782608695652174
6 0.12958333333333333 0.23695652173913043 0.25 0.2898550724637681
6 0.37520833333333337 0.2391304347826087 0.25125000000000003 0.3
6 0.6235416666666667 0.24855072463768116 0.25125000000000003 0.3
6 0.869375 0.2398550724637681 0.25125000000000003 0.3
4 0.4972916666666667 0.5416666666666666 0.9945833333333334 0.2572463768115942
5 0.25375000000000003 0.8036231884057972 0.49750000000000005 0.2768115942028986
5 0.7506250000000001 0.8144927536231884 0.4979166666666667 0.2768115942028986
3 0.5033333333333334 0.04782608695652174 0.9900000000000001 0.09565217391304348
3 0.4989583333333334 0.23731884057971014 0.98875 0.29347826086956524
3 0.5002083333333334 0.5344202898550725 0.98875 0.29347826086956524
3 0.5002083333333334 0.8101449275362319 0.98875 0.2942028985507246
