2 0.04895833333333334 0.042753623188405795 0.06625 0.08405797101449275
2 0.115625 0.040942028985507244 0.061250000000000006 0.0746376811594203
2 0.19062500000000002 0.042753623188405795 0.08125 0.08550724637681159
2 0.273125 0.042753623188405795 0.08375 0.08405797101449275
2 0.06229166666666667 0.2688405797101449 0.06791666666666667 0.06376811594202898
2 0.5583333333333333 0.2713768115942029 0.07416666666666667 0.06884057971014493
2 0.05916666666666667 0.5278985507246376 0.07666666666666667 0.06884057971014493
2 0.558125 0.5278985507246376 0.07375000000000001 0.06884057971014493
7 0.055625 0.15942028985507248 0.06541666666666666 0.059420289855072465
7 0.5570833333333334 0.161231884057971 0.06166666666666667 0.05289855072463768
7 0.06166666666666667 0.42282608695652174 0.0625 0.060144927536231886
7 0.555625 0.4170289855072464 0.07125000000000001 0.060144927536231886
1 0.19354166666666667 0.2141304347826087 0.3354166666666667 0.0572463768115942
1 0.685625 0.21159420289855072 0.3329166666666667 0.050724637681159424
1 0.19104166666666667 0.47391304347826085 0.3329166666666667 0.050724637681159424
1 0.6854166666666667 0.47210144927536235 0.33166666666666667 0.042753623188405795
5 0.254375 0.2144927536231884 0.4929166666666667 0.25507246376811593
5 0.753125 0.21666666666666667 0.4929166666666667 0.25507246376811593
5 0.25083333333333335 0.48043478260869565 0.49333333333333335 0.25507246376811593
5 0.7529166666666667 0.4826086956521739 0.49333333333333335 0.25507246376811593
3 0.5058333333333334 0.041666666666666664 0.9875 0.08333333333333333
3 0.5029166666666667 0.21920289855072464 0.9858333333333335 0.23695652173913043
3 0.5004166666666667 0.4786231884057971 0.9900000000000001 0.25144927536231887
