2 0.049375 0.03985507246376812 0.06541666666666666 0.07971014492753624
2 0.11229166666666668 0.03949275362318841 0.06541666666666666 0.07898550724637682
2 0.061250000000000006 0.26992753623188404 0.07166666666666667 0.06884057971014493
2 0.5566666666666668 0.26702898550724635 0.07166666666666667 0.06884057971014493
2 0.055 0.5626811594202898 0.058333333333333334 0.06739130434782609
2 0.30000000000000004 0.5648550724637681 0.058333333333333334 0.06739130434782609
2 0.555625 0.5652173913043478 0.07291666666666667 0.06956521739130435
2 0.796875 0.5659420289855073 0.06375 0.07101449275362319
2 0.06270833333333334 0.8260869565217391 0.07291666666666667 0.07391304347826087
7 0.05625 0.16485507246376813 0.05583333333333334 0.0644927536231884
7 0.5545833333333333 0.15760869565217392 0.05583333333333334 0.0644927536231884
7 0.05 0.425 0.05583333333333334 0.0644927536231884
7 0.30375 0.4192028985507246 0.05583333333333334 0.0644927536231884
7 0.5475 0.4213768115942029 0.05583333333333334 0.0644927536231884
7 0.7954166666666668 0.425 0.05583333333333334 0.0644927536231884
7 0.05666666666666667 0.7170289855072464 0.05583333333333334 0.0644927536231884
1 0.18125000000000002 0.21340579710144927 0.31083333333333335 0.041304347826086954
1 0.6839583333333333 0.21739130434782608 0.32208333333333333 0.043478260869565216
1 0.12125000000000001 0.4931159420289855 0.19416666666666668 0.06739130434782609
1 0.37583333333333335 0.4916666666666667 0.21166666666666667 0.07028985507246377
1 0.62375 0.4902173913043478 0.21166666666666667 0.07028985507246377
1 0.8679166666666667 0.49528985507246376 0.21166666666666667 0.07028985507246377
1 0.19 0.7702898550724637 0.325 0.0463768115942029
5 0.25270833333333337 0.22028985507246376 0.4879166666666667 0.25217391304347825
5 0.7468750000000001 0.2210144927536232 0.4879166666666667 0.25217391304347825
6 0.12833333333333335 0.49384057971014494 0.24833333333333335 0.2818840579710145
6 0.3754166666666667 0.49746376811594206 0.24833333333333335 0.2818840579710145
6 0.6208333333333333 0.4960144927536232 0.24833333333333335 0.2818840579710145
6 0.8700000000000001 0.4960144927536232 0.24833333333333335 0.2818840579710145
4 0.5022916666666667 0.7710144927536232 0.9945833333333334 0.25507246376811593
3 0.49750000000000005 0.04492753623188406 0.9816666666666667 0.08985507246376812
3 0.4997916666666667 0.2217391304347826 0.9895833333333334 0.2579710144927536
3 0.4995833333333334 0.4963768115942029 0.9900000000000001 0.28695652173913044
3 0.5012500000000001 0.7768115942028986 0.9900000000000001 0.28695652173913044
