2 0.05916666666666667 0.043115942028985506 0.08416666666666667 0.08478260869565217
2 0.14041666666666666 0.042391304347826085 0.08416666666666667 0.08478260869565217
2 0.06208333333333334 0.27318840579710146 0.08 0.07391304347826087
2 0.5583333333333333 0.2688405797101449 0.08 0.07391304347826087
2 0.05166666666666667 0.5681159420289855 0.058333333333333334 0.07681159420289856
2 0.30083333333333334 0.5666666666666667 0.058333333333333334 0.07681159420289856
2 0.5570833333333334 0.5644927536231884 0.07416666666666667 0.08115942028985507
2 0.8020833333333334 0.5673913043478261 0.07416666666666667 0.08115942028985507
2 0.06229166666666667 0.8246376811594203 0.07375000000000001 0.07391304347826087
7 0.5572916666666667 0.15688405797101448 0.06625 0.03840579710144928
7 0.3070833333333334 0.4315217391304348 0.06583333333333334 0.042753623188405795
7 0.5554166666666667 0.4271739130434783 0.06583333333333334 0.042753623188405795
7 0.801875 0.4300724637681159 0.06875 0.05579710144927536
7 0.058958333333333335 0.7199275362318841 0.06875 0.05579710144927536
1 0.17750000000000002 0.21340579710144927 0.2991666666666667 0.05434782608695652
7 0.05854166666666667 0.15615942028985508 0.06625 0.03840579710144928
7 0.06104166666666667 0.4192028985507246 0.07041666666666667 0.042753623188405795
1 0.6866666666666668 0.21304347826086956 0.3216666666666667 0.04782608695652174
1 0.11104166666666668 0.49094202898550726 0.18208333333333335 0.07608695652173914
1 0.364375 0.4916666666666667 0.18208333333333335 0.07608695652173914
1 0.6122916666666667 0.4923913043478261 0.18208333333333335 0.07608695652173914
1 0.8562500000000001 0.49384057971014494 0.18166666666666667 0.06739130434782609
1 0.185625 0.7684782608695653 0.31708333333333333 0.03695652173913044
5 0.25270833333333337 0.22028985507246376 0.48625 0.2492753623188406
5 0.7479166666666667 0.21884057971014492 0.4866666666666667 0.2492753623188406
6 0.12645833333333334 0.4920289855072464 0.24291666666666667 0.2826086956521739
6 0.37270833333333336 0.49130434782608695 0.24291666666666667 0.2826086956521739
6 0.6239583333333334 0.4956521739130435 0.24291666666666667 0.2826086956521739
6 0.8685416666666668 0.48985507246376814 0.24291666666666667 0.2826086956521739
4 0.5029166666666667 0.7742753623188406 0.9933333333333334 0.25869565217391305
3 0.500625 0.04565217391304348 0.9795833333333334 0.09130434782608696
3 0.5025000000000001 0.21956521739130436 0.9908333333333333 0.2536231884057971
3 0.4997916666666667 0.4902173913043478 0.9995833333333334 0.27753623188405796
3 0.4997916666666667 0.7782608695652175 0.9995833333333334 0.2782608695652174
