2 0.05604166666666667 0.042028985507246375 0.08041666666666668 0.08260869565217391
2 0.135625 0.040942028985507244 0.08041666666666668 0.08188405797101449
2 0.216875 0.042028985507246375 0.08041666666666668 0.08260869565217391
2 0.2985416666666667 0.041304347826086954 0.08041666666666668 0.08260869565217391
2 0.060625000000000005 0.3079710144927536 0.08041666666666668 0.08260869565217391
2 0.3085416666666667 0.3101449275362319 0.08041666666666668 0.08260869565217391
2 0.5552083333333334 0.3094202898550725 0.08041666666666668 0.08260869565217391
2 0.8022916666666667 0.30434782608695654 0.08041666666666668 0.08260869565217391
2 0.06291666666666668 0.5652173913043478 0.07916666666666668 0.06956521739130435
2 0.06291666666666668 0.8202898550724638 0.07916666666666668 0.06956521739130435
2 0.5579166666666667 0.8239130434782609 0.07916666666666668 0.06956521739130435
7 0.06541666666666666 0.16594202898550725 0.07 0.057971014492753624
7 0.3075 0.16159420289855073 0.07 0.057971014492753624
7 0.555 0.16231884057971013 0.07 0.057971014492753624
7 0.7975000000000001 0.16594202898550725 0.07 0.057971014492753624
7 0.05916666666666667 0.4565217391304348 0.07 0.057971014492753624
7 0.05541666666666667 0.717391304347826 0.07 0.057971014492753624
7 0.5516666666666667 0.7101449275362319 0.07 0.057971014492753624
1 0.12916666666666668 0.22644927536231885 0.2025 0.0644927536231884
1 0.37375 0.22717391304347825 0.2025 0.0644927536231884
1 0.6145833333333334 0.2322463768115942 0.2025 0.0644927536231884
1 0.8654166666666667 0.23442028985507246 0.2025 0.0644927536231884
1 0.18125000000000002 0.5105072463768116 0.3241666666666667 0.04710144927536232
1 0.18416666666666667 0.7641304347826087 0.3241666666666667 0.04710144927536232
1 0.6804166666666667 0.7641304347826087 0.3241666666666667 0.04710144927536232
6 0.12916666666666668 0.23297101449275362 0.24083333333333334 0.28043478260869564
6 0.37562500000000004 0.23079710144927537 0.24375000000000002 0.27753623188405796
6 0.6197916666666667 0.23297101449275362 0.24375000000000002 0.27753623188405796
6 0.8702083333333334 0.23297101449275362 0.24375000000000002 0.27753623188405796
4 0.49770833333333336 0.5086956521739131 0.9920833333333334 0.2565217391304348
5 0.24833333333333335 0.7728260869565218 0.4966666666666667 0.26594202898550723
5 0.7508333333333334 0.7757246376811594 0.49750000000000005 0.26594202898550723
3 0.50375 0.04818840579710145 0.9916666666666667 0.0963768115942029
3 0.4989583333333334 0.23333333333333334 0.9929166666666668 0.2942028985507246
3 0.503125 0.5090579710144928 0.9929166666666668 0.25869565217391305
3 0.4960416666666667 0.7655797101449275 0.9920833333333334 0.25869565217391305
