2 0.05416666666666667 0.041304347826086954 0.07416666666666667 0.08115942028985507
2 0.13625 0.0391304347826087 0.08833333333333333 0.0782608695652174
2 0.06708333333333334 0.2710144927536232 0.08833333333333333 0.0782608695652174
2 0.053125000000000006 0.532608695652174 0.053750000000000006 0.0782608695652174
2 0.5552083333333334 0.5322463768115943 0.06208333333333334 0.06304347826086956
2 0.06375 0.8271739130434783 0.0775 0.06884057971014493
2 0.3095833333333334 0.8278985507246377 0.0775 0.06884057971014493
2 0.5545833333333333 0.8286231884057971 0.0775 0.06884057971014493
2 0.8008333333333334 0.825 0.0775 0.06884057971014493
7 0.05854166666666667 0.1644927536231884 0.06875 0.0463768115942029
7 0.059583333333333335 0.4192028985507246 0.06666666666666667 0.04565217391304348
7 0.5527083333333334 0.425 0.06708333333333334 0.05289855072463768
7 0.058333333333333334 0.6797101449275362 0.060000000000000005 0.05507246376811594
7 0.3066666666666667 0.6880434782608695 0.07083333333333333 0.0572463768115942
7 0.5510416666666667 0.6833333333333333 0.06791666666666667 0.06231884057971015
7 0.8045833333333334 0.6869565217391305 0.0775 0.057971014492753624
1 0.19270833333333334 0.21956521739130436 0.33708333333333335 0.0463768115942029
1 0.1847916666666667 0.4746376811594203 0.31708333333333333 0.04782608695652174
1 0.696875 0.48043478260869565 0.3479166666666667 0.050724637681159424
1 0.13354166666666667 0.7481884057971014 0.21041666666666667 0.07753623188405798
1 0.3585416666666667 0.755072463768116 0.1729166666666667 0.06666666666666667
1 0.5989583333333334 0.755072463768116 0.15541666666666668 0.06811594202898551
1 0.8662500000000001 0.744927536231884 0.1991666666666667 0.06376811594202898
4 0.5016666666666667 0.21920289855072464 0.9958333333333333 0.26304347826086955
5 0.25270833333333337 0.47789855072463766 0.4979166666666667 0.2572463768115942
5 0.7506250000000001 0.48007246376811596 0.4979166666666667 0.2572463768115942
6 0.1275 0.7579710144927536 0.255 0.2956521739130435
6 0.37583333333333335 0.7601449275362319 0.24750000000000003 0.28405797101449276
6 0.6212500000000001 0.7543478260869565 0.24750000000000003 0.28405797101449276
6 0.869375 0.7579710144927536 0.24791666666666667 0.28405797101449276
3 0.5012500000000001 0.04927536231884058 0.9966666666666667 0.09855072463768116
3 0.5012500000000001 0.22246376811594204 0.9966666666666667 0.25217391304347825
3 0.4979166666666667 0.47391304347826085 0.9958333333333333 0.25217391304347825
3 0.5012500000000001 0.7590579710144928 0.9966666666666667 0.3065217391304348
