2 0.061250000000000006 0.041666666666666664 0.08666666666666667 0.08333333333333333
2 0.13854166666666667 0.040942028985507244 0.08208333333333334 0.08188405797101449
2 0.215625 0.040942028985507244 0.08208333333333334 0.08188405797101449
2 0.294375 0.040942028985507244 0.08208333333333334 0.08188405797101449
2 0.061875000000000006 0.2739130434782609 0.08208333333333334 0.08260869565217391
2 0.06520833333333334 0.5307971014492754 0.08041666666666668 0.07318840579710145
2 0.551875 0.5307971014492754 0.06041666666666667 0.06739130434782609
2 0.06270833333333334 0.8231884057971015 0.08125 0.07681159420289856
2 0.30020833333333335 0.8228260869565217 0.06541666666666666 0.07608695652173914
2 0.5472916666666667 0.825 0.06541666666666666 0.07608695652173914
2 0.7964583333333334 0.8568840579710145 0.06541666666666666 0.07608695652173914
7 0.05291666666666667 0.16485507246376813 0.05 0.04855072463768116
7 0.05 0.41557971014492756 0.05 0.04855072463768116
7 0.5608333333333334 0.4166666666666667 0.07083333333333333 0.052173913043478265
7 0.05708333333333334 0.6891304347826087 0.07083333333333333 0.052173913043478265
7 0.30583333333333335 0.6898550724637681 0.07083333333333333 0.052173913043478265
7 0.5508333333333334 0.6894927536231884 0.07083333333333333 0.06304347826086956
7 0.7954166666666668 0.6865942028985508 0.07083333333333333 0.06304347826086956
1 0.18208333333333335 0.21557971014492755 0.3141666666666667 0.04420289855072464
1 0.18520833333333334 0.47391304347826085 0.3304166666666667 0.050724637681159424
1 0.6852083333333334 0.47246376811594204 0.3304166666666667 0.050724637681159424
1 0.11729166666666667 0.7507246376811594 0.19791666666666669 0.07681159420289856
1 0.36520833333333336 0.7518115942028986 0.20208333333333334 0.0746376811594203
1 0.61875 0.7539855072463768 0.1991666666666667 0.06884057971014493
1 0.8672916666666667 0.7652173913043478 0.20791666666666667 0.09710144927536232
4 0.4991666666666667 0.21811594202898552 0.9983333333333334 0.2565217391304348
5 0.2504166666666667 0.47391304347826085 0.5008333333333334 0.2608695652173913
5 0.74875 0.47898550724637684 0.5016666666666667 0.2608695652173913
6 0.12625 0.7547101449275362 0.2525 0.29057971014492756
6 0.37395833333333334 0.7590579710144928 0.2529166666666667 0.29057971014492756
6 0.6204166666666667 0.7543478260869565 0.25 0.2797101449275362
6 0.8708333333333333 0.7724637681159421 0.2575 0.32318840579710145
3 0.5020833333333333 0.04818840579710145 0.9950000000000001 0.0963768115942029
3 0.5016666666666667 0.2246376811594203 0.9958333333333333 0.2594202898550725
3 0.4979166666666667 0.4855072463768116 0.9958333333333333 0.2594202898550725
3 0.4997916666666667 0.7706521739130435 0.9995833333333334 0.31956521739130433
