2 0.0575 0.04021739130434783 0.0825 0.08043478260869566
2 0.13583333333333333 0.04021739130434783 0.0825 0.08043478260869566
2 0.05916666666666667 0.2710144927536232 0.07416666666666667 0.07391304347826087
2 0.5541666666666667 0.2710144927536232 0.07416666666666667 0.07391304347826087
2 0.06395833333333334 0.5362318840579711 0.08541666666666667 0.07391304347826087
2 0.0575 0.8572463768115942 0.07166666666666667 0.07536231884057971
2 0.30291666666666667 0.8253623188405798 0.07166666666666667 0.07536231884057971
2 0.5520833333333334 0.8268115942028985 0.07166666666666667 0.07536231884057971
2 0.7954166666666668 0.8282608695652174 0.07166666666666667 0.07536231884057971
7 0.05437500000000001 0.16231884057971013 0.06708333333333334 0.057971014492753624
7 0.555625 0.16304347826086957 0.06708333333333334 0.057971014492753624
7 0.06270833333333334 0.42318840579710143 0.06708333333333334 0.057971014492753624
7 0.059375000000000004 0.6884057971014493 0.06708333333333334 0.057971014492753624
7 0.30645833333333333 0.6905797101449276 0.06708333333333334 0.057971014492753624
7 0.5510416666666667 0.6876811594202898 0.06708333333333334 0.057971014492753624
7 0.7960416666666668 0.682608695652174 0.06708333333333334 0.057971014492753624
1 0.18937500000000002 0.213768115942029 0.33625000000000005 0.04782608695652174
1 0.6860416666666667 0.213768115942029 0.33625000000000005 0.04782608695652174
1 0.19270833333333334 0.47753623188405797 0.33625000000000005 0.04782608695652174
1 0.1275 0.7634057971014493 0.20750000000000002 0.09202898550724638
1 0.364375 0.755072463768116 0.18875 0.07681159420289856
1 0.6085416666666668 0.7528985507246377 0.18875 0.07681159420289856
1 0.8577083333333334 0.7514492753623189 0.18875 0.07681159420289856
5 0.253125 0.21956521739130436 0.49125 0.2579710144927536
5 0.7468750000000001 0.2210144927536232 0.49125 0.2579710144927536
4 0.5016666666666667 0.4797101449275362 0.9958333333333333 0.2579710144927536
6 0.12916666666666668 0.769927536231884 0.24666666666666667 0.3239130434782609
6 0.3745833333333334 0.7655797101449275 0.24666666666666667 0.3239130434782609
6 0.6229166666666667 0.7742753623188406 0.24666666666666667 0.3239130434782609
6 0.86875 0.7692028985507247 0.24666666666666667 0.3239130434782609
3 0.5018750000000001 0.04456521739130435 0.9920833333333334 0.0891304347826087
3 0.5035416666666667 0.22028985507246376 0.9920833333333334 0.2608695652173913
3 0.49583333333333335 0.4811594202898551 0.9916666666666667 0.2608695652173913
3 0.4997916666666667 0.7757246376811594 0.9995833333333334 0.34420289855072467
