2 0.04854166666666667 0.041666666666666664 0.06708333333333334 0.08333333333333333
2 0.12312500000000001 0.041666666666666664 0.08208333333333334 0.08043478260869566
2 0.19187500000000002 0.036594202898550726 0.06625 0.07318840579710145
2 0.06395833333333334 0.2753623188405797 0.08125 0.07101449275362319
2 0.06354166666666668 0.5297101449275362 0.08125 0.07101449275362319
2 0.5487500000000001 0.5329710144927536 0.060833333333333336 0.07608695652173914
7 0.05 0.1641304347826087 0.05166666666666667 0.05434782608695652
7 0.05291666666666667 0.4257246376811594 0.05166666666666667 0.05434782608695652
7 0.5520833333333334 0.4242753623188406 0.060000000000000005 0.05
1 0.18041666666666667 0.21630434782608696 0.3091666666666667 0.042753623188405795
1 0.18166666666666667 0.47282608695652173 0.3091666666666667 0.042753623188405795
1 0.6914583333333334 0.4757246376811594 0.34458333333333335 0.04710144927536232
4 0.4997916666666667 0.2213768115942029 0.9995833333333334 0.25434782608695655
5 0.24916666666666668 0.4811594202898551 0.49500000000000005 0.26956521739130435
5 0.74875 0.4797101449275362 0.49500000000000005 0.26956521739130435
3 0.5035416666666667 0.04746376811594203 0.9920833333333334 0.09492753623188406
3 0.5014583333333333 0.22391304347826088 0.9962500000000001 0.2492753623188406
3 0.5014583333333333 0.47898550724637684 0.9962500000000001 0.2492753623188406
