2 0.05520833333333334 0.042028985507246375 0.07625 0.08260869565217391
2 0.13062500000000002 0.040942028985507244 0.07625 0.08188405797101449
2 0.20833333333333334 0.041666666666666664 0.08083333333333334 0.08333333333333333
2 0.28833333333333333 0.041666666666666664 0.08083333333333334 0.08333333333333333
2 0.3622916666666667 0.042753623188405795 0.07125000000000001 0.08550724637681159
2 0.06458333333333334 0.2782608695652174 0.07583333333333334 0.07971014492753624
7 0.061875000000000006 0.17427536231884058 0.06708333333333334 0.058695652173913045
1 0.19666666666666668 0.21956521739130436 0.33916666666666667 0.0463768115942029
3 0.5045833333333334 0.04891304347826087 0.9858333333333335 0.09782608695652174
3 0.4989583333333334 0.2177536231884058 0.9979166666666668 0.26159420289855073
