2 0.04979166666666667 0.040942028985507244 0.06708333333333334 0.08188405797101449
2 0.113125 0.040942028985507244 0.06541666666666666 0.07898550724637682
2 0.185625 0.041666666666666664 0.08375 0.08333333333333333
2 0.26666666666666666 0.040942028985507244 0.0775 0.08188405797101449
2 0.3429166666666667 0.040942028985507244 0.0775 0.08188405797101449
2 0.051875000000000004 0.2684782608695652 0.05458333333333334 0.07608695652173914
2 0.550625 0.2684782608695652 0.05458333333333334 0.07608695652173914
2 0.065 0.532608695652174 0.08083333333333334 0.0782608695652174
2 0.06208333333333334 0.8278985507246377 0.07083333333333333 0.0746376811594203
2 0.30583333333333335 0.825 0.07083333333333333 0.0746376811594203
2 0.5558333333333334 0.8235507246376812 0.07083333333333333 0.0746376811594203
2 0.7970833333333334 0.8206521739130435 0.07083333333333333 0.0746376811594203
7 0.06375 0.15833333333333333 0.07416666666666667 0.07028985507246377
7 0.5504166666666667 0.1532608695652174 0.07416666666666667 0.07028985507246377
7 0.05916666666666667 0.425 0.07166666666666667 0.06159420289855073
7 0.05666666666666667 0.6815217391304348 0.07166666666666667 0.06159420289855073
7 0.305 0.6865942028985508 0.07166666666666667 0.06159420289855073
7 0.5533333333333333 0.6829710144927537 0.07166666666666667 0.06159420289855073
7 0.7966666666666667 0.6815217391304348 0.07166666666666667 0.06159420289855073
1 0.179375 0.21340579710144927 0.3070833333333334 0.04855072463768116
1 0.676875 0.2141304347826087 0.3070833333333334 0.04855072463768116
1 0.17833333333333334 0.4811594202898551 0.3116666666666667 0.04492753623188406
1 0.12312500000000001 0.7532608695652174 0.19041666666666668 0.06304347826086956
1 0.37270833333333336 0.7518115942028986 0.19041666666666668 0.06304347826086956
1 0.6208333333333333 0.7547101449275362 0.2066666666666667 0.0644927536231884
1 0.8633333333333334 0.75 0.21166666666666667 0.07101449275362319
5 0.2516666666666667 0.21956521739130436 0.49000000000000005 0.2608695652173913
5 0.745 0.2217391304347826 0.49000000000000005 0.2608695652173913
4 0.499375 0.4811594202898551 0.99875 0.26231884057971017
6 0.12812500000000002 0.7525362318840579 0.24875000000000003 0.2920289855072464
6 0.37645833333333334 0.7583333333333333 0.24875000000000003 0.2920289855072464
6 0.6272916666666667 0.7597826086956522 0.24875000000000003 0.2920289855072464
6 0.8677083333333334 0.7496376811594203 0.24875000000000003 0.2920289855072464
3 0.5008333333333334 0.043478260869565216 0.9900000000000001 0.08695652173913043
3 0.4989583333333334 0.21992753623188407 0.98875 0.26159420289855073
3 0.5002083333333334 0.4786231884057971 0.98875 0.26159420289855073
3 0.4997916666666667 0.7528985507246377 0.9995833333333334 0.29130434782608694
