2 0.05395833333333334 0.042391304347826085 0.07375000000000001 0.08478260869565217
2 0.12604166666666666 0.042391304347826085 0.07958333333333334 0.08478260869565217
2 0.19875 0.041666666666666664 0.06916666666666667 0.08333333333333333
2 0.26458333333333334 0.041666666666666664 0.06916666666666667 0.08333333333333333
2 0.06354166666666668 0.27065217391304347 0.08375 0.06739130434782609
2 0.5622916666666667 0.26992753623188404 0.08375 0.06739130434782609
2 0.06229166666666667 0.5655797101449276 0.08375 0.06739130434782609
2 0.3072916666666667 0.5706521739130435 0.08375 0.06739130434782609
2 0.5483333333333333 0.5655797101449276 0.0675 0.0746376811594203
2 0.80125 0.5641304347826087 0.07333333333333333 0.07173913043478261
7 0.055625 0.15905797101449276 0.06208333333333334 0.05289855072463768
7 0.556875 0.15760869565217392 0.06208333333333334 0.05289855072463768
7 0.05729166666666667 0.425 0.06208333333333334 0.05289855072463768
7 0.31020833333333336 0.43079710144927535 0.06208333333333334 0.05289855072463768
7 0.5535416666666667 0.4257246376811594 0.06208333333333334 0.05289855072463768
7 0.7972916666666667 0.43876811594202897 0.06208333333333334 0.05289855072463768
1 0.18541666666666667 0.2141304347826087 0.3241666666666667 0.04565217391304348
1 0.6825 0.2105072463768116 0.3241666666666667 0.04565217391304348
1 0.12541666666666668 0.4920289855072464 0.1991666666666667 0.06666666666666667
1 0.3695833333333334 0.49420289855072463 0.1991666666666667 0.06666666666666667
1 0.61875 0.4963768115942029 0.1991666666666667 0.06666666666666667
1 0.86375 0.4934782608695652 0.1991666666666667 0.06666666666666667
5 0.25125000000000003 0.21666666666666667 0.49250000000000005 0.2565217391304348
5 0.7479166666666667 0.22028985507246376 0.49250000000000005 0.2565217391304348
6 0.13020833333333334 0.4894927536231884 0.24875000000000003 0.2876811594202899
6 0.37312500000000004 0.49094202898550726 0.24875000000000003 0.2876811594202899
6 0.624375 0.4923913043478261 0.24875000000000003 0.2876811594202899
6 0.869375 0.4996376811594203 0.24875000000000003 0.2876811594202899
3 0.5027083333333333 0.04420289855072464 0.99375 0.08840579710144927
3 0.5004166666666667 0.21992753623188407 0.9983333333333334 0.26014492753623186
3 0.4989583333333334 0.49927536231884057 0.9979166666666668 0.30289855072463767
