2 0.05458333333333334 0.042028985507246375 0.0825 0.08405797101449275
2 0.12875 0.041666666666666664 0.07666666666666667 0.08333333333333333
2 0.053125000000000006 0.3039855072463768 0.05791666666666667 0.07753623188405798
2 0.30250000000000005 0.30543478260869567 0.0625 0.07608695652173914
2 0.5558333333333334 0.3079710144927536 0.08 0.07536231884057971
2 0.794375 0.3068840579710145 0.06208333333333334 0.06884057971014493
2 0.05916666666666667 0.6297101449275362 0.07166666666666667 0.08115942028985507
2 0.29750000000000004 0.5927536231884059 0.060833333333333336 0.0782608695652174
2 0.5595833333333333 0.5894927536231884 0.0775 0.07173913043478261
2 0.8033333333333333 0.5945652173913043 0.0775 0.07173913043478261
2 0.060208333333333336 0.8873188405797101 0.06791666666666667 0.07173913043478261
7 0.05854166666666667 0.1572463768115942 0.06708333333333334 0.07246376811594203
7 0.30062500000000003 0.1572463768115942 0.06708333333333334 0.07246376811594203
7 0.5543750000000001 0.16014492753623188 0.06708333333333334 0.07246376811594203
7 0.7985416666666667 0.1572463768115942 0.06708333333333334 0.07246376811594203
7 0.060625000000000005 0.44565217391304346 0.06708333333333334 0.07246376811594203
7 0.3047916666666667 0.45072463768115945 0.06708333333333334 0.07246376811594203
7 0.5481250000000001 0.45 0.06708333333333334 0.07246376811594203
7 0.7972916666666667 0.4565217391304348 0.06708333333333334 0.07246376811594203
7 0.060625000000000005 0.7782608695652175 0.06708333333333334 0.07246376811594203
1 0.12375000000000001 0.22934782608695653 0.20916666666666667 0.06304347826086956
1 0.3741666666666667 0.2286231884057971 0.20916666666666667 0.06304347826086956
1 0.6170833333333334 0.2358695652173913 0.20916666666666667 0.06304347826086956
1 0.8539583333333334 0.2322463768115942 0.19375 0.06594202898550725
1 0.11625 0.5369565217391304 0.19166666666666668 0.09420289855072464
1 0.3760416666666667 0.5242753623188405 0.20458333333333334 0.06159420289855073
1 0.618125 0.5206521739130435 0.20458333333333334 0.06159420289855073
1 0.8602083333333334 0.5192028985507247 0.20458333333333334 0.06159420289855073
1 0.18625 0.8271739130434783 0.3216666666666667 0.03260869565217391
6 0.12770833333333334 0.23550724637681159 0.24875000000000003 0.2855072463768116
6 0.3747916666666667 0.23550724637681159 0.24875000000000003 0.2855072463768116
6 0.6247916666666667 0.23550724637681159 0.24875000000000003 0.2855072463768116
6 0.8689583333333334 0.23405797101449274 0.24875000000000003 0.2855072463768116
6 0.12583333333333335 0.5445652173913044 0.2516666666666667 0.31956521739130433
6 0.37333333333333335 0.5293478260869565 0.2541666666666667 0.3036231884057971
6 0.623125 0.5260869565217391 0.25458333333333333 0.29130434782608694
6 0.8720833333333334 0.5260869565217391 0.255 0.29130434782608694
4 0.4997916666666667 0.8286231884057971 0.9995833333333334 0.26594202898550723
3 0.5010416666666667 0.043115942028985506 0.9970833333333334 0.08623188405797101
3 0.49875 0.23405797101449274 0.9975 0.2797101449275362
3 0.5004166666666667 0.5235507246376812 0.9983333333333334 0.3007246376811594
3 0.5004166666666667 0.8402173913043478 0.9983333333333334 0.3007246376811594
