2 0.057708333333333334 0.042028985507246375 0.08958333333333333 0.08260869565217391
2 0.14166666666666666 0.040942028985507244 0.07833333333333334 0.08188405797101449
2 0.21416666666666667 0.040942028985507244 0.065 0.08188405797101449
2 0.28437500000000004 0.042028985507246375 0.07958333333333334 0.08405797101449275
2 0.36208333333333337 0.040942028985507244 0.08333333333333334 0.08188405797101449
2 0.06375 0.3050724637681159 0.08333333333333334 0.08260869565217391
2 0.2991666666666667 0.3065217391304348 0.060000000000000005 0.08115942028985507
2 0.5552083333333334 0.3351449275362319 0.07375000000000001 0.07318840579710145
2 0.8002083333333334 0.30543478260869567 0.07375000000000001 0.07318840579710145
2 0.05854166666666667 0.5880434782608696 0.07375000000000001 0.07318840579710145
2 0.5489583333333333 0.5894927536231884 0.06208333333333334 0.07173913043478261
2 0.06104166666666667 0.8554347826086957 0.07291666666666667 0.07173913043478261
7 0.051875000000000004 0.16159420289855073 0.05708333333333334 0.0536231884057971
7 0.30145833333333333 0.16666666666666666 0.05708333333333334 0.0536231884057971
7 0.5489583333333333 0.16521739130434782 0.05708333333333334 0.0536231884057971
7 0.7972916666666667 0.1681159420289855 0.05708333333333334 0.0536231884057971
7 0.051458333333333335 0.4891304347826087 0.06541666666666666 0.05652173913043478
7 0.550625 0.4826086956521739 0.06541666666666666 0.05652173913043478
7 0.055625 0.75 0.06541666666666666 0.05652173913043478
1 0.12250000000000001 0.23007246376811594 0.19416666666666668 0.07028985507246377
1 0.36583333333333334 0.2358695652173913 0.19416666666666668 0.07028985507246377
1 0.6120833333333334 0.24565217391304348 0.19666666666666668 0.08550724637681159
1 0.863125 0.23695652173913043 0.19791666666666669 0.07101449275362319
1 0.17979166666666668 0.5358695652173913 0.3254166666666667 0.035507246376811595
1 0.6810416666666667 0.5329710144927536 0.3254166666666667 0.035507246376811595
1 0.17333333333333334 0.7971014492753623 0.30333333333333334 0.03333333333333333
6 0.12791666666666668 0.23478260869565218 0.24833333333333335 0.28405797101449276
6 0.37375 0.23623188405797102 0.24833333333333335 0.28405797101449276
6 0.6235416666666667 0.24891304347826088 0.25125000000000003 0.31231884057971016
6 0.8710416666666667 0.2423913043478261 0.25125000000000003 0.31231884057971016
5 0.25083333333333335 0.5380434782608696 0.5016666666666667 0.2746376811594203
5 0.7485416666666667 0.5402173913043479 0.5020833333333333 0.24710144927536232
4 0.4997916666666667 0.7981884057971015 0.9995833333333334 0.2673913043478261
3 0.5016666666666667 0.042753623188405795 0.9958333333333333 0.08550724637681159
3 0.4997916666666667 0.24963768115942028 0.9995833333333334 0.31521739130434784
3 0.4997916666666667 0.5398550724637681 0.9995833333333334 0.26811594202898553
3 0.4997916666666667 0.8014492753623188 0.9995833333333334 0.26811594202898553
