2 0.05416666666666667 0.04456521739130435 0.08333333333333334 0.0891304347826087
2 0.13458333333333333 0.04456521739130435 0.08333333333333334 0.0891304347826087
2 0.05333333333333334 0.3065217391304348 0.06583333333333334 0.0782608695652174
2 0.30541666666666667 0.3036231884057971 0.07583333333333334 0.07536231884057971
2 0.5525 0.3072463768115942 0.07583333333333334 0.07536231884057971
2 0.8033333333333333 0.3050724637681159 0.07583333333333334 0.07536231884057971
7 0.05666666666666667 0.16956521739130434 0.07 0.06521739130434782
7 0.3091666666666667 0.16666666666666666 0.07 0.06521739130434782
7 0.5445833333333334 0.16521739130434782 0.07 0.06521739130434782
7 0.7987500000000001 0.16594202898550725 0.07 0.06521739130434782
1 0.13208333333333333 0.23876811594202899 0.21916666666666668 0.06739130434782609
1 0.37583333333333335 0.23731884057971014 0.21916666666666668 0.06739130434782609
1 0.6214583333333333 0.23043478260869565 0.20958333333333334 0.06666666666666667
1 0.8647916666666667 0.23043478260869565 0.20958333333333334 0.06666666666666667
6 0.12770833333333334 0.2322463768115942 0.24958333333333335 0.29057971014492756
6 0.3772916666666667 0.23079710144927537 0.24708333333333335 0.29347826086956524
6 0.6235416666666667 0.2423913043478261 0.24708333333333335 0.29347826086956524
6 0.8656250000000001 0.23731884057971014 0.24708333333333335 0.29347826086956524
3 0.499375 0.043115942028985506 0.9912500000000001 0.08623188405797101
3 0.5008333333333334 0.23442028985507246 0.9916666666666667 0.2876811594202899
