2 0.04833333333333334 0.040942028985507244 0.06833333333333334 0.08188405797101449
2 0.11666666666666667 0.040942028985507244 0.06833333333333334 0.08188405797101449
2 0.19104166666666667 0.03985507246376812 0.07458333333333333 0.07971014492753624
2 0.2652083333333333 0.03985507246376812 0.07458333333333333 0.07971014492753624
2 0.053750000000000006 0.30579710144927535 0.05916666666666667 0.07391304347826087
2 0.29875 0.30579710144927535 0.05916666666666667 0.07391304347826087
2 0.5510416666666667 0.3050724637681159 0.06958333333333334 0.07246376811594203
2 0.8027083333333334 0.30579710144927535 0.06958333333333334 0.07246376811594203
2 0.061875000000000006 0.566304347826087 0.07125000000000001 0.07028985507246377
2 0.061875000000000006 0.821376811594203 0.07125000000000001 0.07028985507246377
2 0.5560416666666667 0.8221014492753623 0.07125000000000001 0.07028985507246377
7 0.064375 0.16485507246376813 0.07875 0.05579710144927536
7 0.309375 0.16630434782608697 0.07875 0.05579710144927536
7 0.5522916666666667 0.16268115942028985 0.07875 0.05579710144927536
7 0.800625 0.16485507246376813 0.07875 0.05579710144927536
7 0.058958333333333335 0.4532608695652174 0.07875 0.05579710144927536
7 0.06104166666666667 0.7170289855072464 0.07875 0.05579710144927536
7 0.561875 0.7119565217391305 0.07875 0.05579710144927536
1 0.12604166666666666 0.22753623188405797 0.19875 0.07246376811594203
1 0.3697916666666667 0.23478260869565218 0.19875 0.07246376811594203
1 0.6127083333333334 0.23333333333333334 0.19875 0.07246376811594203
1 0.8606250000000001 0.2289855072463768 0.19875 0.07246376811594203
1 0.18041666666666667 0.5054347826086957 0.3041666666666667 0.04420289855072464
1 0.17125 0.7684782608695653 0.3041666666666667 0.04420289855072464
1 0.6725000000000001 0.7634057971014493 0.3041666666666667 0.04420289855072464
6 0.1275 0.23623188405797102 0.24666666666666667 0.2811594202898551
6 0.37875000000000003 0.23333333333333334 0.24666666666666667 0.2811594202898551
6 0.6208333333333333 0.22971014492753625 0.24666666666666667 0.2811594202898551
6 0.8716666666666667 0.2311594202898551 0.24666666666666667 0.2811594202898551
4 0.500625 0.5108695652173914 0.9979166666666668 0.26231884057971017
5 0.25395833333333334 0.7702898550724637 0.5020833333333333 0.263768115942029
5 0.7485416666666667 0.7673913043478261 0.5020833333333333 0.263768115942029
3 0.5020833333333333 0.04456521739130435 0.9791666666666667 0.0891304347826087
3 0.4997916666666667 0.23442028985507246 0.9995833333333334 0.29492753623188406
3 0.4997916666666667 0.5126811594202899 0.9995833333333334 0.26594202898550723
3 0.4997916666666667 0.7677536231884058 0.9995833333333334 0.26594202898550723
