2 0.04895833333333334 0.04057971014492753 0.06708333333333334 0.08115942028985507
2 0.11750000000000001 0.04057971014492753 0.07833333333333334 0.07971014492753624
2 0.19291666666666668 0.03949275362318841 0.07833333333333334 0.07898550724637682
2 0.060000000000000005 0.2746376811594203 0.07833333333333334 0.07971014492753624
2 0.061250000000000006 0.5992753623188406 0.07833333333333334 0.07971014492753624
2 0.29875 0.5630434782608695 0.06833333333333334 0.07536231884057971
2 0.5520833333333334 0.5681159420289855 0.06833333333333334 0.07536231884057971
2 0.7958333333333334 0.5695652173913044 0.06833333333333334 0.07536231884057971
2 0.05625 0.8543478260869566 0.06833333333333334 0.07536231884057971
2 0.5566666666666668 0.8528985507246377 0.06833333333333334 0.07536231884057971
7 0.063125 0.1641304347826087 0.07125000000000001 0.04420289855072464
7 0.059375000000000004 0.4322463768115942 0.07041666666666667 0.051449275362318844
7 0.30645833333333333 0.42934782608695654 0.07041666666666667 0.051449275362318844
7 0.551875 0.4344202898550725 0.07041666666666667 0.051449275362318844
7 0.7985416666666667 0.42644927536231886 0.07041666666666667 0.051449275362318844
7 0.060625000000000005 0.7431159420289856 0.07041666666666667 0.051449275362318844
7 0.550625 0.7489130434782609 0.07041666666666667 0.051449275362318844
1 0.1885416666666667 0.21521739130434783 0.3354166666666667 0.04492753623188406
1 0.09041666666666667 0.5076086956521739 0.14250000000000002 0.09927536231884058
1 0.3697916666666667 0.49492753623188407 0.19958333333333333 0.07536231884057971
1 0.6177083333333334 0.49927536231884057 0.19958333333333333 0.07536231884057971
1 0.8614583333333334 0.49420289855072463 0.19958333333333333 0.07536231884057971
1 0.18812500000000001 0.7960144927536232 0.3304166666666667 0.042753623188405795
1 0.6827083333333334 0.7934782608695652 0.32708333333333334 0.043478260869565216
4 0.494375 0.22536231884057972 0.98875 0.25217391304347825
6 0.12645833333333334 0.511231884057971 0.2529166666666667 0.31521739130434784
6 0.3770833333333334 0.5090579710144928 0.25333333333333335 0.31521739130434784
6 0.6208333333333333 0.5097826086956522 0.25333333333333335 0.31521739130434784
6 0.8727083333333334 0.4996376811594203 0.25375000000000003 0.31521739130434784
5 0.2485416666666667 0.8054347826086956 0.4970833333333334 0.2673913043478261
5 0.7506250000000001 0.8032608695652174 0.4979166666666667 0.2673913043478261
3 0.49770833333333336 0.05 0.9879166666666668 0.1
3 0.5002083333333334 0.2286231884057971 0.9912500000000001 0.26159420289855073
3 0.503125 0.5036231884057971 0.9929166666666668 0.30144927536231886
3 0.4997916666666667 0.8014492753623188 0.9995833333333334 0.2782608695652174
