2 0.10550327915597378 0.08424022571543732 0.13857998289136014 0.14993954050785974
2 0.24493869404049046 0.08222490931076179 0.13857998289136014 0.14993954050785974
2 0.7088679783290562 0.08081418782748892 0.15625891074992873 0.16162837565497784
2 0.8465925292272598 0.08041112454655382 0.12945537496435702 0.16082224909310763
2 0.8135158254918735 0.30995566303909716 0.2634730538922156 0.17815397017331722
2 0.13016823495865412 0.5939137444578799 0.14627887082976904 0.0939137444578799
2 0.37025948103792417 0.6189036678758565 0.165098374679213 0.1003627569528416
2 0.6103507271171942 0.620515920999597 0.1536926147704591 0.09310761789600967
2 0.8309096093527232 0.6406690850463523 0.1448531508411748 0.07376058041112454
2 0.1810664385514685 0.8952035469568723 0.14884516680923868 0.10479645304312778
2 0.5945252352437982 0.8843208383716243 0.14884516680923868 0.10479645304312778
1 0.3334759053321928 0.2821442966545748 0.49814656401482754 0.14913341394598953
1 0.16139150270886798 0.4987908101571947 0.1454234388366125 0.11890366787585652
1 0.39207299686341607 0.501813784764208 0.2035928143712575 0.15074566706972994
1 0.6429997148560024 0.5124949617089883 0.1899059024807528 0.1237404272470778
1 0.8691189050470488 0.5286174929463926 0.1899059024807528 0.1237404272470778
1 0.19332763045337897 0.77347843611447 0.21613915027088682 0.11769447803305119
1 0.6820644425434845 0.7736799677549375 0.2651839178785287 0.10842402257154374
1 0.8254918733960651 0.8806932688432084 0.25377815796977476 0.12253123740427248
4 0.5162532078699744 0.3101571946795647 0.9669232962646137 0.26803708182184605
6 0.15412033076703738 0.5431277710600565 0.2409466780724266 0.2785167271261588
6 0.389364128885087 0.5511890366787586 0.2643284858853721 0.2889963724304716
6 0.6288850869689193 0.5596533655783958 0.2643284858853721 0.2889963724304716
6 0.8675506130595951 0.5656993147924224 0.2643284858853721 0.2889963724304716
5 0.2533504419731965 0.8313180169286578 0.506700883946393 0.29141475211608225
5 0.7349586541203308 0.835751713018944 0.5072711719418307 0.29141475211608225
3 0.49543769603649845 0.08605401047964531 0.9566581123467351 0.1713018943974204
3 0.5069860279441119 0.30189439742039503 0.9854576561163388 0.23941958887545345
3 0.5044197319646422 0.5401047964530431 0.9854576561163388 0.3071342200725514
3 0.5069860279441119 0.841596130592503 0.9854576561163388 0.3071342200725514
