2 0.14827487881380097 0.15175332527206772 0.2748788138009695 0.2769044740024184
2 0.3672654690618763 0.14852881902458687 0.22013116623895068 0.26803708182184605
2 0.5355004277159966 0.3492543329302701 0.13686911890504705 0.12454655380894801
2 0.14627887082976904 0.4820636839983878 0.14884516680923868 0.09592906086255543
2 0.11619617907043057 0.7370012091898428 0.08867978329056174 0.09713825070536075
2 0.29327060165383523 0.741434905280129 0.07499287140005703 0.09149536477226924
2 0.520815511833476 0.747279322853688 0.08126603934987169 0.08948004836759371
2 0.760906757912746 0.7376058041112455 0.08126603934987169 0.08948004836759371
1 0.24664955802680355 0.37001209189842804 0.4088964927288281 0.12978637646110439
1 0.7429426860564585 0.4089076985086659 0.29227259766181923 0.2309552599758162
1 0.3592814371257485 0.47118097541313986 0.21385799828913604 0.07496977025392987
1 0.13629883090960937 0.6185006045949214 0.15112631879098945 0.10278113663845224
1 0.3465925292272598 0.6291817815397017 0.17251211861990307 0.13301088270858524
1 0.3869404049044768 0.7311567916162838 0.09980039920159682 0.09270455461507457
1 0.5747077274023382 0.6352277307537284 0.16966067864271459 0.13220475614671504
1 0.6170516110635872 0.728335348649738 0.10037068719703451 0.07819427650141073
1 0.7857142857142858 0.6424828698105602 0.15141146278870832 0.1064087061668682
4 0.4942971200456231 0.4117291414752116 0.9885942400912462 0.3123740427247078
4 0.34987168520102657 0.6795646916565901 0.23438836612489308 0.2926239419588876
6 0.13629883090960937 0.6745264006449013 0.2338180781294554 0.3043127771060057
4 0.5662959794696322 0.6819830713422007 0.23438836612489308 0.2926239419588876
4 0.8209295694325635 0.7039500201531641 0.2805816937553465 0.3043127771060057
3 0.5021385799828914 0.13321241434905282 0.9860279441117765 0.26320032245062475
3 0.4984317080125464 0.4153567110036276 0.9968634160250928 0.2898024989923418
3 0.500998003992016 0.6979040709391374 0.9974337040205304 0.3139862958484482
