2 0.12917023096663816 0.218863361547763 0.15454804676361564 0.09834744054816606
2 0.40490447676076424 0.22390165255945185 0.12090105503279157 0.09310761789600967
2 0.1615340747077274 0.469770253929867 0.15483319076133448 0.10278113663845224
2 0.16538351867693185 0.8232567513099557 0.1899059024807528 0.1237404272470778
2 0.40148274878813806 0.8301088270858525 0.1899059024807528 0.1237404272470778
2 0.7516395779868834 0.8438129786376461 0.1899059024807528 0.1237404272470778
1 0.16481323068149417 0.10016122531237405 0.19731964642144284 0.0939137444578799
1 0.44453949244368407 0.11265618702136236 0.25548902195608786 0.14308746473196293
1 0.5721414314228686 0.4032648125755744 0.6498431708012546 0.1954856912535268
1 0.17265469061876249 0.6553808948004837 0.23866552609067582 0.12978637646110439
1 0.46107784431137727 0.6719064893188231 0.2035928143712575 0.22893994357114067
1 0.7814371257485031 0.6682789197904071 0.2090105503279156 0.16041918581217252
1 0.1940404904476761 0.3424022571543732 0.2130025662959795 0.050382910116888356
4 0.5041345879669233 0.411124546553809 0.9803250641573996 0.2910116888351471
3 0.5012831479897348 0.14570737605804113 0.9968634160250928 0.28174123337363965
3 0.5012831479897348 0.4070939137444579 0.9968634160250928 0.3047158403869408
3 0.5012831479897348 0.7436517533252721 0.9968634160250928 0.42160419185812176
