1 0.1940404904476761 0.1739218057234986 0.2432278300541774 0.18823055219669488
1 0.6598232107214144 0.1505441354292624 0.4682064442543485 0.21080209592906088
1 0.5192472198460223 0.44095122934300685 0.2315369261477046 0.17573559048770657
1 0.6749358426005133 0.7327690447400242 0.3792415169660679 0.16606207174526402
1 0.1632449386940405 0.6952841596130592 0.19076133447390933 0.10399032648125756
5 0.1928999144568007 0.17674324869004435 0.34873110921015116 0.30350665054413545
5 0.6696606786427146 0.18198307134220074 0.6019389791844882 0.3381700927045546
2 0.18790989449672085 0.44155582426440954 0.1465640148274879 0.11648528819024587
2 0.20844026233247792 0.535671100362757 0.22412318220701455 0.09834744054816606
2 0.8175078414599374 0.47642079806529625 0.16709438266324494 0.14993954050785974
2 0.2189905902480753 0.7871825876662636 0.21385799828913604 0.11527609834744056
5 0.20402053036783577 0.7440548166062072 0.3515825491873396 0.2845626763401854
5 0.6951810664385515 0.7434502216848046 0.5988023952095809 0.30995566303909716
3 0.5008554319931566 0.18158000806126562 0.9977188480182493 0.3534864973800887
3 0.5119760479041917 0.46614268440145107 0.9754776161961791 0.26642482869810563
3 0.5032791559737668 0.7575574365175333 0.9928714000570289 0.3365578395808142
