2 0.5829769033361848 0.23458282950423218 0.13544339891645282 0.10076582023377671
2 0.5925292272597662 0.4443772672309553 0.21442828628457372 0.18016928657799275
2 0.7512118619903052 0.7327690447400242 0.25976618192187056 0.18379685610640872
1 0.37111491303108074 0.15679161628375657 0.17593384659252925 0.19588875453446192
1 0.5849729113202168 0.1180975413139863 0.14114627887082978 0.13865376864167675
1 0.7909894496720845 0.14550584441757355 0.15511833475905334 0.16928657799274488
1 0.2606216139150271 0.4512293430068521 0.330196749358426 0.19387343812978639
1 0.7917023096663816 0.47178557033454255 0.1964642144282863 0.18581217251108426
1 0.3853721129170231 0.7120112857718662 0.4433989164528087 0.21160822249093109
5 0.24009124607927004 0.45002015316404675 0.4379811804961506 0.2809351068117695
5 0.7070145423438837 0.46795646916565903 0.4941545480467637 0.31035872632003225
4 0.505702879954377 0.7482869810560259 0.9600798403193613 0.3381700927045546
3 0.49472483604220135 0.17412333736396615 0.956943256344454 0.3248690044336961
3 0.4783290561733676 0.46795646916565903 0.9566581123467351 0.3248690044336961
3 0.5152552038779584 0.7509068923821041 0.956943256344454 0.3248690044336961
