2 0.21613915027088682 0.12051592099959695 0.3256344453949245 0.15558242644095124
2 0.6763615625891075 0.27488915759774285 0.3604220131166239 0.1700927045546151
2 0.6455660108354719 0.6968964127367997 0.3934987168520103 0.19266424828698106
2 0.20402053036783577 0.5933091495364773 0.30710008554319934 0.15558242644095124
1 0.2261191901910465 0.28496573962112054 0.32791559737667525 0.16122531237404272
1 0.6785001425719989 0.11708988311164853 0.3550042771599658 0.15679161628375657
1 0.6372968349016254 0.5116888351471182 0.2868548617051611 0.15114873035066506
1 0.5829769033361848 0.8004836759371221 0.33048189335614486 0.07980652962515115
1 0.2094382663244939 0.7507053607416365 0.3025377815796978 0.1833937928254736
5 0.2332477901340177 0.21644498186215236 0.44026233247790136 0.4328899637243047
5 0.6678072426575421 0.21644498186215236 0.44026233247790136 0.4328899637243047
5 0.2137154262902766 0.6503426037887948 0.4274308525805532 0.4961708988311165
5 0.6452808668377531 0.660217654171705 0.5372112917023097 0.494155582426441
3 0.49586541203307677 0.2079806529625151 0.9780439121756488 0.4159613059250302
3 0.4948674080410608 0.6807738814993954 0.9897348160821215 0.5409109230149134
