2 0.3905047048759624 0.1271664651350262 0.26375819788993443 0.20596533655783958
2 0.8071000855431993 0.10761789600967352 0.2842885657256915 0.2071745264006449
2 0.727972626176219 0.3655783958081419 0.25719988594240095 0.19669488109633212
1 0.22341032221271745 0.5413139862958485 0.26204733390362134 0.10318419991938735
1 0.504704875962361 0.5630794034663442 0.13857998289136014 0.13301088270858524
1 0.70544625035643 0.5816203143893591 0.12204163102366695 0.1120515920999597
1 0.9101796407185629 0.5860540104796453 0.12432278300541774 0.13462313583232569
1 0.16709438266324494 0.7315598548972189 0.12432278300541774 0.10076582023377671
1 0.3972055888223553 0.7406287787182588 0.1300256629597947 0.08746473196291818
1 0.612631879098945 0.7652156388553003 0.13316224693470202 0.13905683192261187
1 0.8282007413743941 0.7781136638452237 0.1536926147704591 0.1309955663039097
1 0.3947818648417451 0.9068923821039904 0.609923011120616 0.12172511084240226
4 0.49472483604220135 0.3573155985489722 0.9375534644995723 0.2656187021362354
6 0.20715711434274311 0.5423216444981862 0.3800969489592244 0.21483272873841194
6 0.504704875962361 0.5669085046352278 0.2634730538922156 0.21563885530028215
6 0.7082976903336186 0.5785973397823458 0.2047333903621329 0.20435308343409916
6 0.8956372968349017 0.5777912132204757 0.2047333903621329 0.20435308343409916
6 0.16566866267465072 0.7382103990326482 0.25434844596521244 0.19064893188230553
6 0.39378386084972916 0.7513099556630392 0.2321072141431423 0.19830713422007257
6 0.6057884231536926 0.7720677146311972 0.23581408611348734 0.2172511084240226
6 0.8242087254063303 0.786981056025796 0.23581408611348734 0.2172511084240226
4 0.5101226119190192 0.909310761789601 0.9558026803535786 0.18057234985892787
3 0.5059880239520959 0.11406690850463523 0.9874536641003707 0.22813381700927046
3 0.5059880239520959 0.356509471987102 0.9874536641003707 0.26239419588875457
3 0.5049900199600799 0.5691253526803708 0.9854576561163388 0.24586860137041516
3 0.5059880239520959 0.7652156388553003 0.9874536641003707 0.27529222087867794
3 0.5039920159680639 0.9109230149133415 0.9914456800684346 0.177347843611447
