2 0.5557456515540349 0.11023780733575171 0.24237239806102084 0.17452640064490127
2 0.1394354148845167 0.31459089076985086 0.18477331052181353 0.1309955663039097
2 0.5216709438266325 0.30733575171301897 0.2107214143142287 0.17452640064490127
2 0.13629883090960937 0.5227730753728336 0.13401767892785857 0.13784764207980654
2 0.8210721414314229 0.5614671503426039 0.14741944682064445 0.14590890769850867
2 0.2887082976903336 0.8480451430874648 0.2107214143142287 0.10076582023377671
2 0.5905332192757343 0.8347440548166063 0.2805816937553465 0.11850060459492141
1 0.3354719133162247 0.3095525997581621 0.1822070145423439 0.1588069326884321
1 0.7640433418876533 0.3202337767029424 0.31679498146564017 0.1600161225312374
1 0.2891360136869119 0.5306328093510682 0.16880524664955804 0.16243450221684805
1 0.6063587111491303 0.5407093913744458 0.2837182777302538 0.16243450221684805
1 0.224265754205874 0.7478839177750907 0.30025662959794697 0.08182184602982669
1 0.12917023096663816 0.8508665860540106 0.13401767892785857 0.08383716243450222
1 0.5929569432563445 0.743248690044337 0.27573424579412603 0.1064087061668682
1 0.7976903336184774 0.8234582829504232 0.1400057028799544 0.18379685610640872
4 0.5061305959509552 0.3212414349052801 0.9734816082121472 0.24989923417976623
5 0.21585400627316798 0.5318419991938734 0.3992015968063873 0.2583635630794035
5 0.6816367265469062 0.5491737202740831 0.5511833475905332 0.264006449012495
5 0.21114913031080698 0.7992744860943168 0.4120330767037354 0.2652156388553003
5 0.676504134587967 0.7998790810157195 0.544339891645281 0.30028214429665456
3 0.5044197319646422 0.3115679161628376 0.9905902480752781 0.26844014510278114
3 0.5015682919874537 0.5425231761386538 0.9905902480752781 0.26844014510278114
3 0.49985742800114064 0.807335751713019 0.9997148560022813 0.3232567513099557
3 0.5002851439977188 0.10197501007658202 0.9646421442828629 0.19830713422007257
