2 0.4760479041916168 0.15336557839580814 0.10065583119475335 0.08424022571543732
2 0.8443113772455091 0.16505441354292624 0.09580838323353294 0.0939137444578799
2 0.6930424864556601 0.36436920596533656 0.0943826632449387 0.10076582023377671
2 0.9431137724550899 0.3841193067311568 0.11092101511263189 0.11527609834744056
2 0.4617907043056744 0.356509471987102 0.14970059880239522 0.11890366787585652
2 0.2000285143997719 0.3681983071342201 0.12061591103507271 0.10197501007658202
2 0.389364128885087 0.6096332124143491 0.18848018249215856 0.09875050382910118
2 0.8126603934987169 0.6068117694478034 0.1910464784716282 0.09068923821039904
2 0.1632449386940405 0.8851269649334946 0.12917023096663816 0.10963321241434906
2 0.3949244368406045 0.8839177750906893 0.142571998859424 0.10963321241434906
2 0.6364414029084688 0.8621523579201935 0.10778443113772455 0.1241434905280129
2 0.8273453093812376 0.8442160419185812 0.0949529512403764 0.14469971785570335
1 0.16566866267465072 0.2900040306328094 0.18306244653550044 0.09310761789600967
1 0.09709153122326776 0.3762595727529222 0.08069575135443399 0.0882708585247884
1 0.2721699458226405 0.5199516324062878 0.3293413173652695 0.08303103587263201
1 0.19846022241231823 0.5979443772672309 0.18192187054462505 0.11326078194276502
1 0.72526375819789 0.5233776702942362 0.2534930139720559 0.0826279725916969
1 0.6508411747932706 0.5894800483675937 0.1394354148845167 0.06489318823055219
1 0.4424009124607927 0.7668278919790408 0.15825491873396066 0.11970979443772672
1 0.6827773025377817 0.7573559048770657 0.14171656686626746 0.08948004836759371
1 0.7128599942971201 0.8347440548166063 0.08155118334759054 0.08061265618702136
1 0.8685486170516111 0.7428456267634019 0.15055603079555177 0.06287787182587666
1 0.917593384659253 0.8502619911326078 0.09352723125178215 0.1479242241031842
1 0.17265469061876249 0.7791213220475615 0.14342743085258056 0.0951229343006852
1 0.3826632449386941 0.11769447803305119 0.05132591958939265 0.07496977025392987
1 0.4706301682349587 0.0856509471987102 0.09267179925862562 0.044740024183796856
1 0.7814371257485031 0.07496977025392987 0.1092101511263188 0.03466344216041919
1 0.7450812660393499 0.147118097541314 0.09181636726546907 0.11850060459492141
1 0.3876532648987739 0.26924627166465137 0.15996578272027376 0.051592099959693674
1 0.34530938123752497 0.3444175735590488 0.07356715141146279 0.10519951632406288
1 0.8906472768748218 0.2928254735993551 0.13145138294838896 0.05602579604997985
1 0.8484459652124323 0.37061668681983073 0.07214143142286855 0.0882708585247884
1 0.659395494724836 0.28496573962112054 0.11890504704875964 0.04030632809351068
1 0.6360136869118905 0.3291011688835147 0.09096093527231253 0.03909713825070536
6 0.4309951525520388 0.12978637646110439 0.24950099800399203 0.17331721080209594
6 0.8072426575420588 0.12918178153970175 0.25263758197889935 0.2172511084240226
6 0.16010835471913318 0.3319226118500605 0.2557741659538067 0.23740427247077792
6 0.42030225263758203 0.32688432083837166 0.29769033361847735 0.2410318419991939
6 0.6720844026233248 0.345223700120919 0.22355289421157687 0.25755743651753327
6 0.8905047048759624 0.33413945989520355 0.2184203022526376 0.23941958887545345
5 0.30025662959794697 0.5652962515114873 0.48702594810379246 0.23417976622329706
5 0.734673510122612 0.5614671503426039 0.42457941260336474 0.2418379685610641
6 0.18263473053892218 0.8347440548166063 0.24379811804961507 0.2821442966545748
6 0.4345594525235244 0.8224506247480855 0.26917593384659255 0.27529222087867794
6 0.6733675506130596 0.826682789197904 0.22269746221842032 0.2910116888351471
6 0.8776732249786142 0.826682789197904 0.22868548617051612 0.27327690447400244
3 0.50741374394069 0.11890366787585652 0.9726261762189906 0.23780733575171303
3 0.5079840319361277 0.3327287384119307 0.9834616481323069 0.26642482869810563
3 0.5088394639292844 0.5600564288593309 0.9817507841459938 0.2478839177750907
3 0.5079840319361277 0.8403869407496978 0.9834616481323069 0.31519548569125355
