2 0.11377245508982037 0.07718661829907296 0.12033076703735388 0.08424022571543732
2 0.3015397775876818 0.06267634018540912 0.17422298260621616 0.07940346634421605
2 0.5584545195323639 0.0705360741636437 0.12745936698032506 0.1064087061668682
2 0.7763045337895638 0.07718661829907296 0.21471343028229256 0.14469971785570335
2 0.14699173082406616 0.37444578798871425 0.09039064727687483 0.06932688432083838
2 0.41944682064442546 0.3593309149536477 0.15055603079555177 0.10439338976219267
2 0.7714570858283434 0.37182587666263606 0.14970059880239522 0.11084240225715437
2 0.21442828628457372 0.579403466344216 0.11405759908753922 0.0939137444578799
2 0.44796122041631026 0.5787988714228134 0.0872540633019675 0.07255139056831923
2 0.7117194183062447 0.5900846432889963 0.103222127174223 0.06610237807335752
2 0.8808098089535216 0.6068117694478034 0.07984031936127745 0.08585247883917775
2 0.15654405474764757 0.847037484885127 0.0872540633019675 0.05844417573559049
2 0.5637296834901626 0.8804917372027409 0.142571998859424 0.09633212414349053
1 0.39606501283147993 0.23740427247077792 0.6010835471913317 0.09270455461507457
1 0.6725121186199031 0.5126964933494559 0.12118619903051042 0.0886739218057235
1 0.8769603649843172 0.5447400241837969 0.056173367550613064 0.04232164449818622
1 0.41431422868548623 0.5028214429665457 0.18306244653550044 0.07940346634421605
1 0.13430282292557744 0.5122934300685208 0.06330196749358427 0.08303103587263201
1 0.16395779868833762 0.7583635630794034 0.12432278300541774 0.11648528819024587
1 0.5564585115483319 0.768037081821846 0.12061591103507271 0.1309955663039097
2 0.7754491017964072 0.8016928657799275 0.16224693470202453 0.1894397420395002
2 0.29826062161391503 0.7692462716646514 0.1157684630738523 0.1422813381700927
4 0.500998003992016 0.28819024586860137 0.9170230966638153 0.29343006852075776
6 0.17351012261191903 0.5413139862958485 0.2540633019674936 0.2241031841999194
6 0.42101511263187913 0.5413139862958485 0.2534930139720559 0.21926642482869813
6 0.6689478186484175 0.5485691253526804 0.2549187339606501 0.23861346231358324
6 0.8930710008554321 0.5620717452640065 0.1899059024807528 0.2293430068520758
5 0.24080410607356717 0.8004836759371221 0.40633019674935844 0.294236195082628
5 0.6713715426290278 0.7994760177347844 0.45138294838893644 0.2898024989923418
3 0.4975762760193898 0.08444175735590488 0.9734816082121472 0.1656590084643289
3 0.5049900199600799 0.2928254735993551 0.9774736241802111 0.324465941152761
3 0.508411747932706 0.5407093913744458 0.9826062161391503 0.2583635630794035
3 0.5072711719418307 0.7914147521160823 0.9848873681209012 0.3075372833534865
