2 0.7714570858283434 0.11426844014510279 0.2415169660678643 0.16243450221684805
2 0.1619617907043057 0.300080612656187 0.19161676646706588 0.12454655380894801
2 0.8098089535215285 0.2926239419588876 0.1710863986313088 0.1725110842402257
2 0.8589962931280297 0.5598548972188634 0.18848018249215856 0.17331721080209594
2 0.3628457370972341 0.5161225312374043 0.13715426290276592 0.1535671100362757
2 0.1632449386940405 0.8252720677146312 0.1827773025377816 0.24062877871825877
2 0.5276589677787283 0.814993954050786 0.14970059880239522 0.17573559048770657
1 0.33390362132877105 0.816807738814994 0.11861990305104078 0.18823055219669488
1 0.7547761619617908 0.8004836759371221 0.2606216139150271 0.2007255139056832
1 0.6266039349871686 0.5358726320032245 0.2512118619903051 0.14550584441757355
1 0.5038494439692045 0.2962515114873035 0.4174508126603935 0.1523579201934704
1 0.17222697462218423 0.5151148730350665 0.19960079840319364 0.15558242644095124
4 0.49230111206159116 0.3022974607013301 0.9173082406615342 0.24506247480854496
5 0.2403763900769889 0.5239822652156388 0.4197319646421443 0.27650141072148327
5 0.7105788423153693 0.5491737202740831 0.5377815796977474 0.3067311567916163
5 0.21870544625035646 0.8139862958484483 0.4174508126603935 0.3212414349052801
5 0.6936127744510978 0.8246674727932286 0.5449101796407186 0.27327690447400244
3 0.5049900199600799 0.10419185812172511 0.9712004562303964 0.19145505844417574
3 0.5072711719418307 0.294236195082628 0.9848873681209012 0.23780733575171303
3 0.5049900199600799 0.5445384925433293 0.9694895922440834 0.3111648528819025
3 0.5052751639577987 0.8031035872632003 0.988879384088965 0.29705763804917373
