2 0.6693755346449958 0.10761789600967352 0.197034502423724 0.17573559048770657
2 0.8558597091531224 0.10620717452640065 0.1947533504419732 0.21160822249093109
2 0.2510692899914457 0.46392583635630796 0.20844026233247792 0.1120515920999597
2 0.5014257199885943 0.44276501410721486 0.23866552609067582 0.11890366787585652
2 0.7691759338465926 0.44276501410721486 0.23068149415454806 0.1116485288190246
2 0.2748788138009695 0.8391777509068924 0.2463644140290847 0.12978637646110439
2 0.7038779583689764 0.8464328899637243 0.24721984602224126 0.15800080612656187
1 0.43056743655546054 0.6694881096332125 0.5782720273738238 0.20959290608625555
1 0.5062731679498147 0.3293027005239823 0.7707442258340462 0.1064087061668682
4 0.5228115198175078 0.3873438129786377 0.9258625605930996 0.31680773881499397
4 0.5193897918448817 0.7587666263603386 0.947533504419732 0.45264006449012495
3 0.5064157399486742 0.12172511084240226 0.9865982321072142 0.2426440951229343
3 0.5111206159110351 0.3730350665054414 0.9771884801824923 0.32849657396211207
3 0.5162532078699744 0.7670294236195083 0.9669232962646137 0.437726723095526
