2 0.25263758197889935 0.1942765014107215 0.1305959509552324 0.12333736396614269
2 0.5466210436270317 0.1803708182184603 0.10835471913316226 0.09955663039097139
2 0.15768463073852296 0.43833131801692865 0.19731964642144284 0.1301894397420395
2 0.8681209010550328 0.6108424022571544 0.14513829483889365 0.12777106005642885
2 0.5508982035928144 0.6864167674324869 0.1899059024807528 0.10399032648125756
2 0.2676076418591389 0.718863361547763 0.17251211861990307 0.10197501007658202
1 0.30781294553749644 0.0912938331318017 0.2124322783005418 0.05844417573559049
1 0.3793840889649273 0.15497783151954858 0.1086398631308811 0.15437323659814592
1 0.6558311947533505 0.06428859330914954 0.2623324779013402 0.0826279725916969
1 0.6879098944967209 0.15215638855300284 0.1981750784145994 0.11084240225715437
1 0.5829769033361848 0.4052801289802499 0.6407185628742516 0.1648528819024587
1 0.19846022241231823 0.635832325675131 0.20758483033932137 0.11084240225715437
1 0.5846877673224979 0.5900846432889963 0.3128029654975763 0.11527609834744056
1 0.7718848018249217 0.6902458686013705 0.2184203022526376 0.08504635227730754
4 0.5064157399486742 0.3948004836759371 0.9848873681209012 0.2785167271261588
5 0.2013116623895067 0.6779524385328497 0.380952380952381 0.35630794034663443
5 0.6926147704590819 0.6775493752519146 0.6142001710863987 0.3619508262797259
3 0.5055603079555175 0.14852881902458687 0.9865982321072142 0.29705763804917373
3 0.5039920159680639 0.4044740024183797 0.9914456800684346 0.28174123337363965
3 0.5004277159965783 0.6813784764207981 0.9985742800114058 0.3671906489318823
