2 0.3323353293413174 0.1354292623941959 0.11548331907613346 0.13784764207980654
2 0.4931565440547477 0.23518742442563484 0.10293698317650414 0.1309955663039097
2 0.42229826062161396 0.3958081418782749 0.21157684630738524 0.13462313583232569
2 0.696321642429427 0.42099959693671907 0.18135158254918735 0.1309955663039097
2 0.1370116909039065 0.41072148327287383 0.13373253493013973 0.11366384522370013
1 0.17065868263473055 0.15558242644095124 0.2124322783005418 0.20475614671503428
1 0.2971200456230397 0.23740427247077792 0.12432278300541774 0.05481660620717453
1 0.5965212432278301 0.10963321241434906 0.25434844596521244 0.09754131398629586
1 0.6417165668662675 0.20818218460298268 0.17194183062446536 0.14469971785570335
1 0.4424009124607927 0.5151148730350665 0.7713145138294839 0.13301088270858524
1 0.1311662389506701 0.7642079806529626 0.16652409466780727 0.08061265618702136
1 0.3766752209865983 0.7333736396614269 0.15511833475905334 0.2293430068520758
1 0.5976618192187055 0.7394195888754534 0.11405759908753922 0.16324062877871826
1 0.8400342172797264 0.7934300685207578 0.15055603079555177 0.1713018943974204
5 0.22184203022526378 0.17634018540910923 0.4077559167379527 0.3067311567916163
5 0.5925292272597662 0.1829907295445385 0.37639007698887944 0.31600161225312373
4 0.4546621043627032 0.4897218863361548 0.9036213287710294 0.3313180169286578
6 0.14414029084687768 0.7478839177750907 0.27630453378956377 0.32769044740024184
6 0.38309096093527234 0.7513099556630392 0.2090105503279156 0.3369609028617493
6 0.6063587111491303 0.7726723095525998 0.26318790989449675 0.328093510681177
6 0.8428856572569148 0.7988714228133817 0.23838038209295695 0.26844014510278114
3 0.48403193612774453 0.1708988311164853 0.9481037924151697 0.32245062474808545
3 0.47390932420872545 0.475211608222491 0.9478186484174509 0.32245062474808545
3 0.5035642999714857 0.8008867392180573 0.9923011120615912 0.36920596533655786
