2 0.12432278300541774 0.10802095929060863 0.16709438266324494 0.15477629987908104
2 0.44282862845737103 0.3847239016525595 0.11633875106929 0.09633212414349053
2 0.8656971770744226 0.41253526803708185 0.09751924721984603 0.0826279725916969
2 0.8340461933276305 0.71664651350262 0.1448531508411748 0.11769447803305119
2 0.5881094952951241 0.7009270455461508 0.14570858283433136 0.09754131398629586
2 0.35714285714285715 0.7154373236598146 0.14970059880239522 0.12172511084240226
1 0.17864271457085829 0.3079403466344216 0.18848018249215856 0.15558242644095124
1 0.4526660963786713 0.27972591696896415 0.1536926147704591 0.11527609834744056
1 0.6720844026233248 0.3353486497380089 0.11405759908753922 0.21926642482869813
1 0.8783860849729114 0.2932285368802902 0.09894496720844027 0.12212817412333737
1 0.14228685486170517 0.5816203143893591 0.16310236669518108 0.1588069326884321
1 0.3568577131451383 0.5804111245465539 0.13316224693470202 0.16122531237404272
1 0.6019389791844882 0.586658605401048 0.1750784145993727 0.16888351471180976
1 0.859424009124608 0.5979443772672309 0.1910464784716282 0.1422813381700927
1 0.25377815796977476 0.856509471987102 0.3136583974907328 0.07255139056831923
6 0.19261477045908185 0.3196291817815397 0.30025662959794697 0.26844014510278114
6 0.4466780724265755 0.32466747279322855 0.2432278300541774 0.2833534864973801
6 0.6776447105788423 0.3270858524788392 0.23296264613629886 0.3123740427247078
6 0.8685486170516111 0.3478436114469972 0.22184203022526378 0.2998790810157195
6 0.14228685486170517 0.6146715034260379 0.2298260621613915 0.3014913341394599
6 0.3517251211861991 0.6338170092704555 0.228970630168235 0.3301088270858525
6 0.5956658112346735 0.6219266424828699 0.25263758197889935 0.31600161225312373
6 0.8485885372112918 0.6487303506650545 0.29597946963216426 0.3043127771060057
4 0.5099800399201597 0.8829101168883515 0.979469632164243 0.22853688029020558
3 0.5079840319361277 0.0912938331318017 0.9817507841459938 0.18097541313986296
3 0.5065583119475335 0.33897621926642485 0.9863130881094954 0.3264812575574365
3 0.5048474479612205 0.6267634018540911 0.9863130881094954 0.34421604191858124
3 0.5012831479897348 0.8837162434502217 0.9968634160250928 0.19629181781539703
