2 0.1287425149700599 0.11527609834744056 0.17593384659252925 0.17331721080209594
2 0.29669232962646136 0.11124546553808949 0.16167664670658685 0.14993954050785974
2 0.7469347020245224 0.11185006045949214 0.14798973481608213 0.1713018943974204
2 0.8986313088109495 0.12777106005642885 0.17764471057884232 0.19588875453446192
2 0.20715711434274311 0.3095525997581621 0.09324208725406331 0.1120515920999597
2 0.4622184203022527 0.3117694478033051 0.07584830339321358 0.11648528819024587
2 0.6722269746221843 0.3101571946795647 0.09666381522668949 0.13341394598952036
2 0.9237239806102082 0.35590487706569934 0.08468776732249787 0.14429665457476826
2 0.4225834046193328 0.5568319226118501 0.16481323068149417 0.15679161628375657
2 0.823781009409752 0.5878677952438534 0.15283718277730254 0.1422813381700927
2 0.3679783290561734 0.7875856509471988 0.13487311092101512 0.15477629987908104
2 0.801254633589963 0.8133817009270455 0.22355289421157687 0.14993954050785974
1 0.12489307100085544 0.30511890366787586 0.09352723125178215 0.10721483272873841
1 0.3664100370687197 0.29766223297057637 0.11405759908753922 0.1535671100362757
1 0.5869689193042487 0.30511890366787586 0.08468776732249787 0.14349052801289802
1 0.8309096093527232 0.33575171301894396 0.09409751924721986 0.16444981862152358
1 0.19019104647847165 0.5479645304312777 0.21157684630738524 0.13663845223700122
1 0.6471343028229256 0.5725513905683193 0.20844026233247792 0.13422007255139057
1 0.18890789848873682 0.7932285368802903 0.2090105503279156 0.13865376864167675
1 0.6096378671228971 0.8335348649738009 0.19960079840319364 0.1765417170495768
6 0.15925292272597663 0.3123740427247078 0.2432278300541774 0.22087867795243854
6 0.3929284288565726 0.30733575171301897 0.24294268605645852 0.24143490528012898
6 0.626746506986028 0.31096332124143494 0.24294268605645852 0.24143490528012898
6 0.8664100370687198 0.33857315598548976 0.24493869404049046 0.2821442966545748
4 0.5119760479041917 0.5729544538492544 0.9754776161961791 0.26964933494558646
5 0.2480752780153978 0.8079403466344216 0.4414029084687768 0.2785167271261588
5 0.7125748502994013 0.8172108020959291 0.4927288280581694 0.2519145505844418
3 0.487881380096949 0.11124546553808949 0.975762760193898 0.22249093107617898
3 0.5007128599942972 0.3335348649738009 0.9980039920159681 0.2946392583635631
3 0.5007128599942972 0.5600564288593309 0.9980039920159681 0.2946392583635631
3 0.5007128599942972 0.8123740427247078 0.9980039920159681 0.2946392583635631
