2 0.11605360707157115 0.11487303506650545 0.1300256629597947 0.1700927045546151
2 0.27530652979754777 0.10016122531237405 0.17422298260621616 0.15679161628375657
2 0.4582264043341888 0.08383716243450222 0.13458796692329628 0.1354292623941959
2 0.5765611633875107 0.08162031438935913 0.12432278300541774 0.15114873035066506
2 0.6931850584545196 0.07940346634421605 0.1448531508411748 0.14429665457476826
2 0.8075278015397777 0.08282950423216445 0.13287710293698318 0.11729141475211609
2 0.673795266609638 0.2855703345425232 0.3341887653264899 0.1713018943974204
2 0.77972626176219 0.5344619105199516 0.14741944682064445 0.1588069326884321
2 0.40276589677787283 0.4947601773478436 0.11719418306244654 0.13986295848448208
2 0.2503564299971486 0.7746876259572754 0.10379241516966069 0.15558242644095124
2 0.48403193612774453 0.7797259169689642 0.09894496720844027 0.14308746473196293
2 0.9077559167379528 0.8307134220072552 0.07043056743655547 0.09270455461507457
1 0.2530652979754776 0.30572349858927855 0.31850584545195326 0.11084240225715437
1 0.22540633019674938 0.4965739621120516 0.2409466780724266 0.13462313583232569
1 0.5953806672369547 0.5128980249899234 0.18534359851725124 0.12212817412333737
1 0.1536926147704591 0.768037081821846 0.09923011120615911 0.1535671100362757
1 0.4161676646706587 0.7837565497783152 0.06016538351867694 0.1600161225312374
1 0.675506130595951 0.7762998790810157 0.142571998859424 0.14349052801289802
1 0.84901625320787 0.7853688029020557 0.0641573994867408 0.12535268037081823
4 0.48873681209010555 0.30451430874647323 0.9289991445680069 0.2470777912132205
4 0.49543769603649845 0.5245868601370416 0.915597376675221 0.2551390568319226
6 0.18819503849443972 0.7718661829907296 0.285143997718848 0.2531237404272471
6 0.447533504419732 0.7740830310358726 0.228970630168235 0.26642482869810563
6 0.6725121186199031 0.7815397017331721 0.2255489021956088 0.2652156388553003
6 0.8656971770744226 0.7954453849254334 0.18306244653550044 0.26642482869810563
3 0.5162532078699744 0.09613059250302299 0.9669232962646137 0.18661829907295446
3 0.49985742800114064 0.294236195082628 0.9997148560022813 0.24506247480854496
3 0.49985742800114064 0.5221684804514309 0.9997148560022813 0.26239419588875457
3 0.49985742800114064 0.8041112454655381 0.9997148560022813 0.3232567513099557
