2 0.11291702309666382 0.09794437726723096 0.13629883090960937 0.1362353889560661
2 0.23438836612489308 0.09028617492946393 0.13629883090960937 0.1362353889560661
2 0.3644140290846878 0.09028617492946393 0.13629883090960937 0.1362353889560661
2 0.4938694040490448 0.09310761789600967 0.13629883090960937 0.1362353889560661
2 0.318078129455375 0.2448609431680774 0.12688907898488738 0.12615880693268844
2 0.7972626176218991 0.24687625957275294 0.16652409466780727 0.1769447803305119
2 0.8075278015397777 0.7154373236598146 0.19161676646706588 0.14026602176541716
2 0.8122326775021387 0.8950020153164047 0.1822070145423439 0.12535268037081823
2 0.8090960935272313 0.5221684804514309 0.23752495009980043 0.12535268037081823
1 0.17707442258340464 0.44115276098347445 0.1585400627316795 0.09310761789600967
1 0.39207299686341607 0.4494155582426441 0.1448531508411748 0.13220475614671504
1 0.5965212432278301 0.4260378879484079 0.11976047904191618 0.08948004836759371
1 0.8066723695466211 0.42099959693671907 0.16481323068149417 0.05280128980249899
1 0.5789848873681209 0.23559048770656993 0.2842885657256915 0.12535268037081823
1 0.16709438266324494 0.22047561467150342 0.1591103507271172 0.06610237807335752
1 0.1953236384374109 0.6483272873841194 0.17564870259481039 0.0882708585247884
1 0.45081266039349877 0.6694881096332125 0.24465355004277162 0.12011285771866184
1 0.19731964642144284 0.8536880290205563 0.2035928143712575 0.13462313583232569
1 0.5330767037353864 0.8738411930673116 0.39207299686341607 0.09592906086255543
5 0.2094382663244939 0.2365981459089077 0.3818078129455375 0.20153164046755342
5 0.636869118905047 0.2434502216848045 0.5266609637867123 0.2079806529625151
6 0.17236954662104365 0.44961708988311166 0.2534930139720559 0.21483272873841194
6 0.3922155688622755 0.45284159613059255 0.2130025662959795 0.19709794437726724
6 0.5905332192757343 0.44155582426440954 0.19960079840319364 0.1946795646916566
6 0.8162246934702025 0.48024989923417977 0.28029654975762763 0.2656187021362354
4 0.5007128599942972 0.7053607416364369 0.9164528086683776 0.24989923417976623
4 0.4970059880239521 0.8710197501007658 0.9061876247504991 0.24506247480854496
3 0.5021385799828914 0.10016122531237405 0.9877388080980896 0.17936316001612254
3 0.5058454519532364 0.24687625957275294 0.9877388080980896 0.22853688029020558
3 0.5024237239806102 0.4742039500201532 0.9945822640433419 0.3067311567916163
3 0.508411747932706 0.6964933494558646 0.9826062161391503 0.2523176138653769
3 0.5211006558311948 0.8609431680773881 0.9572284003421728 0.23377670294236197
