2 0.13629883090960937 0.14046755340588474 0.18477331052181353 0.20838371624345023
2 0.31608212147134307 0.12978637646110439 0.16395779868833762 0.19588875453446192
2 0.5018534359851725 0.1237404272470778 0.19161676646706588 0.20395002015316405
2 0.6958939264328486 0.11870213623538896 0.17593384659252925 0.19790407093913745
2 0.7580553179355575 0.32426440951229346 0.2398061020815512 0.15679161628375657
2 0.8130881094952952 0.5570334542523177 0.15825491873396066 0.12736799677549376
2 0.29355574565155407 0.6029826682789198 0.183917878528657 0.10963321241434906
2 0.21585400627316798 0.8127771060056429 0.09352723125178215 0.0882708585247884
2 0.6305959509552325 0.7591696896412737 0.13544339891645282 0.1487303506650544
2 0.9041916167664671 0.7718661829907296 0.08098089535215285 0.12091898428053205
1 0.3283433133732535 0.3291011688835147 0.4433989164528087 0.11729141475211609
1 0.6139150270886798 0.5390971382507054 0.20017108639863132 0.13422007255139057
1 0.7663244938694042 0.48307134220072556 0.08867978329056174 0.03345425231761387
1 0.24593669803250642 0.5110842402257154 0.24721984602224126 0.04917372027408303
1 0.14328485885372114 0.775292220878678 0.12118619903051042 0.03829101168883515
1 0.44382663244938697 0.7448609431680774 0.20444824636441405 0.10076582023377671
1 0.8108069575135444 0.7484885126964934 0.1251782149985743 0.14993954050785974
5 0.23895067008839466 0.582627972591697 0.3929284288565726 0.2599758162031439
5 0.6996007984031937 0.5314389359129383 0.5357855717137154 0.22370012091898428
3 0.5105503279155974 0.7702539298669892 0.9441117764471059 0.26118500604594924
4 0.5059880239520959 0.3629584844820637 0.9412603364699174 0.26964933494558646
3 0.5028514399771885 0.11729141475211609 0.9937268320501854 0.23458282950423218
3 0.5028514399771885 0.3440145102781137 0.9937268320501854 0.2349858927851673
3 0.5012831479897348 0.5693268843208384 0.9968634160250928 0.3180169286577993
3 0.5012831479897348 0.7833534864973801 0.9968634160250928 0.3180169286577993
