2 0.1133447390932421 0.08504635227730754 0.10521813515825493 0.13301088270858524
2 0.2647562018819504 0.08444175735590488 0.1377245508982036 0.12535268037081823
2 0.4589392643284859 0.07678355501813786 0.14570858283433136 0.12535268037081823
2 0.7030225263758199 0.06811769447803305 0.16338751069289992 0.12656187021362356
2 0.8286284573709725 0.2859733978234583 0.11804961505560309 0.09633212414349053
2 0.14699173082406616 0.2821442966545748 0.11548331907613346 0.08625554212011285
2 0.3699743370402053 0.27932285368802906 0.10521813515825493 0.08303103587263201
2 0.6000855431993157 0.2789197904070939 0.10464784716281723 0.08383716243450222
2 0.35215283718277735 0.4478033051189037 0.12033076703735388 0.11769447803305119
2 0.8567151411462789 0.4723901652559452 0.1394354148845167 0.13301088270858524
2 0.23053892215568864 0.7063683998387748 0.09723410322212718 0.07940346634421605
2 0.447533504419732 0.8083434099153567 0.11491303108069575 0.07940346634421605
2 0.7667522098659824 0.7837565497783152 0.1323068149415455 0.09713825070536075
1 0.7892785856857714 0.6763401854091092 0.19960079840319364 0.12656187021362356
1 0.4836042201311663 0.6823861346231359 0.17907043056743657 0.1765417170495768
1 0.1822070145423439 0.6370415155179363 0.16880524664955804 0.07537283353486497
1 0.18006843455945254 0.41717049576783555 0.12175648702594812 0.07577589681580009
1 0.6411462788708299 0.42261185006045954 0.17422298260621616 0.09149536477226924
1 0.5960935272312519 0.20596533655783958 0.06986027944111776 0.07738814993954052
1 0.8138009694895924 0.21261588069326887 0.07927003136583975 0.030229746070133012
1 0.371542629027659 0.2071745264006449 0.09409751924721986 0.07255139056831923
1 0.14100370687197036 0.21765417170495768 0.09894496720844027 0.04917372027408303
6 0.16666666666666669 0.2531237404272471 0.2249786142001711 0.19830713422007257
6 0.384659252922726 0.24909310761789602 0.24237239806102084 0.22168480451430875
6 0.5979469632164244 0.2474808544941556 0.2178500142571999 0.2071745264006449
6 0.8290561733675507 0.2486900443369609 0.24550898203592816 0.2361950826279726
5 0.2745936698032507 0.45002015316404675 0.4357000285143998 0.19387343812978639
5 0.7429426860564585 0.4594921402660218 0.49814656401482754 0.24425634824667475
3 0.5089820359281437 0.7091898428053205 0.9284288565725692 0.3180169286577993
3 0.5088394639292844 0.4530431277710601 0.9817507841459938 0.22249093107617898
3 0.5099800399201597 0.25675130995566303 0.979469632164243 0.22168480451430875
3 0.502994011976048 0.07940346634421605 0.9877388080980896 0.13784764207980654
