2 0.13900769888793843 0.09673518742442563 0.1804961505560308 0.13220475614671504
2 0.3307670373538637 0.09552599758162032 0.1300256629597947 0.12091898428053205
2 0.5176789278585686 0.0916968964127368 0.11890504704875964 0.10842402257154374
2 0.658682634730539 0.08121725110842402 0.1157684630738523 0.10278113663845224
2 0.452238380382093 0.2910116888351471 0.06900484744796123 0.06852075775896817
2 0.1216139150270887 0.31076178960096734 0.07442258340461934 0.06932688432083838
2 0.13629883090960937 0.4594921402660218 0.11462788708297691 0.08061265618702136
2 0.49187339606501285 0.42422410318419995 0.1733675506130596 0.10842402257154374
2 0.4811804961505561 0.6694881096332125 0.1234673510122612 0.08383716243450222
1 0.3098089535215284 0.40689238210399037 0.1228970630168235 0.07859733978234583
1 0.48873681209010555 0.21785570334542523 0.20986598232107215 0.09633212414349053
1 0.17265469061876249 0.23780733575171303 0.1702309666381523 0.08061265618702136
1 0.1936127744510978 0.5933091495364773 0.13458796692329628 0.08625554212011285
1 0.5002851439977188 0.5844417573559049 0.1536926147704591 0.10882708585247884
1 0.7433704020530368 0.586658605401048 0.14713430282292558 0.09068923821039904
2 0.7275449101796407 0.6763401854091092 0.11719418306244654 0.08625554212011285
2 0.20715711434274311 0.6642482869810561 0.09666381522668949 0.07174526400644901
2 0.16010835471913318 0.8784764207980653 0.09894496720844027 0.0761789600967352
2 0.49030510407755923 0.8833131801692866 0.10065583119475335 0.06408706166868199
2 0.6847733105218136 0.894397420395002 0.07442258340461934 0.06610237807335752
2 0.8701169090390648 0.8968158000806127 0.08069575135443399 0.07255139056831923
1 0.14856002281151984 0.7982668278919791 0.142571998859424 0.07940346634421605
1 0.5156829198745366 0.8117694478033052 0.1542629027658968 0.07738814993954052
1 0.6874821785001426 0.8278919790407094 0.05930995152552039 0.08303103587263201
1 0.8721129170230967 0.8307134220072552 0.08468776732249787 0.08141878274889158
5 0.1846307385229541 0.26582023377670294 0.27972626176218995 0.1946795646916566
5 0.5096948959224409 0.24687625957275294 0.3738237810094098 0.1995163240628779
4 0.46621043627031655 0.4349052801289803 0.8651268890789849 0.18379685610640872
6 0.20459081836327347 0.8393792825473599 0.34702024522383806 0.22853688029020558
6 0.4938694040490448 0.8478436114469973 0.23609923011120618 0.2180572349858928
6 0.6891930424864557 0.8607416364369206 0.16367265469061879 0.23417976622329706
6 0.8838038209295696 0.8540910923014914 0.19589392643284861 0.23216444981862153
3 0.5139720558882236 0.08706166868198308 0.9686341602509267 0.14993954050785974
3 0.5092671799258626 0.2593712212817412 0.9808953521528373 0.2365981459089077
3 0.5068434559452524 0.44316807738814995 0.9857428001140577 0.1777509068923821
3 0.5126889078984888 0.6332124143490528 0.9740518962075849 0.23538895606610238
3 0.4992871400057029 0.8617492946392584 0.9945822640433419 0.2756952841596131
