2 0.1382948388936413 0.09068923821039904 0.142571998859424 0.11527609834744056
2 0.32449386940404906 0.08544941555824265 0.13629883090960937 0.12091898428053205
2 0.5105503279155974 0.08343409915356712 0.1536926147704591 0.11850060459492141
2 0.7343883661248931 0.08504635227730754 0.13544339891645282 0.1128577186618299
2 0.6412888508696892 0.3587263200322451 0.11405759908753922 0.08948004836759371
2 0.8625605930995153 0.3750503829101169 0.11633875106929 0.09068923821039904
2 0.4167379526660964 0.34542523176138656 0.13715426290276592 0.08706166868198308
2 0.15012831479897348 0.328093510681177 0.11719418306244654 0.08625554212011285
2 0.1512688907898489 0.5582426440951229 0.11491303108069575 0.07174526400644901
2 0.5473339036213288 0.5681176944780331 0.13373253493013973 0.08746473196291818
2 0.16595380667236956 0.775292220878678 0.09352723125178215 0.06731156791616284
1 0.1568291987453664 0.23901652559451836 0.1323068149415455 0.07174526400644901
1 0.40804106073567153 0.24244256348246676 0.08782435129740519 0.09633212414349053
1 0.6451382948388937 0.24465941152760984 0.13145138294838896 0.13462313583232569
1 0.8658397490732821 0.2519145505844418 0.16395779868833762 0.14429665457476826
1 0.613629883090961 0.4937525191455059 0.2566295979469632 0.08383716243450222
1 0.19019104647847165 0.4735993550987505 0.17678927858568577 0.08141878274889158
1 0.3196464214428287 0.7015316404675535 0.3929284288565726 0.06489318823055219
4 0.5014257199885943 0.7523176138653769 0.8751069289991447 0.24304715840386942
5 0.24123182207014543 0.5120918984280532 0.35471913316224696 0.21483272873841194
5 0.6803535785571714 0.5120918984280532 0.5092671799258626 0.2172511084240226
6 0.18420302252637583 0.2736799677549375 0.2771599657827203 0.23538895606610238
6 0.42301112061591106 0.27488915759774285 0.2398061020815512 0.2531237404272471
6 0.6462788708297691 0.27650141072148327 0.23524379811804963 0.26763401854091096
6 0.864128885086969 0.28698105602579604 0.24779013401767894 0.3071342200725514
3 0.500998003992016 0.07234985892785167 0.9409751924721985 0.13663845223700122
3 0.5091246079270032 0.2845626763401854 0.9811804961505561 0.29020556227327693
3 0.5017108639863131 0.5203546956872229 0.966353008269176 0.21765417170495768
3 0.49230111206159116 0.7593712212817413 0.9646421442828629 0.260378879484079
