2 0.1216139150270887 0.07496977025392987 0.15996578272027376 0.14026602176541716
2 0.34431137724550903 0.07900040306328093 0.2107214143142287 0.14349052801289802
2 0.567579127459367 0.08061265618702136 0.1964642144282863 0.1531640467553406
2 0.7256914741944682 0.2609834744054817 0.24180211006558314 0.1535671100362757
2 0.2035928143712575 0.5390971382507054 0.14029084687767324 0.0939137444578799
2 0.4693470202452239 0.5642885933091496 0.12204163102366695 0.12656187021362356
2 0.7941260336469917 0.605602579604998 0.1568291987453664 0.1535671100362757
2 0.792842885657257 0.7982668278919791 0.13544339891645282 0.20515920999596937
2 0.32962646136298834 0.7513099556630392 0.08326204733390363 0.1894397420395002
1 0.17265469061876249 0.7321644498186216 0.17650413458796693 0.15759774284562678
1 0.5189620758483035 0.7484885126964934 0.10379241516966069 0.1523579201934704
1 0.7583404619332763 0.46956872228939944 0.18848018249215856 0.10318419991938735
1 0.4218705446250357 0.4355098750503829 0.14570858283433136 0.09310761789600967
1 0.16909039064727688 0.4292623941958888 0.16937553464499575 0.08061265618702136
1 0.2919874536641004 0.24123337363966144 0.3992015968063873 0.08746473196291818
4 0.49044767607641865 0.26702942361950827 0.9227259766181922 0.25272067714631197
3 0.5266609637867123 0.5092704554615075 0.9369831765041347 0.35268037081821846
5 0.21471343028229256 0.7658202337767029 0.3843741089250072 0.3143893591293833
5 0.6578272027373824 0.7926239419588876 0.4944396920444825 0.32365981459089077
3 0.5018534359851725 0.0826279725916969 0.956943256344454 0.1652559451833938
3 0.4898773880809809 0.2803305118903668 0.956943256344454 0.22853688029020558
3 0.49401197604790426 0.7821442966545749 0.9880239520958085 0.35832325675131
