2 0.1287425149700599 0.06207174526400645 0.17251211861990307 0.094316807738815
2 0.3013972055888224 0.06711003627569528 0.13800969489592246 0.0882708585247884
2 0.4415454804676362 0.06005642885933092 0.151981750784146 0.10076582023377671
2 0.6736526946107785 0.06771463119709795 0.1822070145423439 0.12091898428053205
2 0.5176789278585686 0.3335348649738009 0.6971770744225835 0.0882708585247884
2 0.19931565440547477 0.6118500604594922 0.16310236669518108 0.08544941555824265
2 0.5263758197889935 0.628174123337364 0.10436270316509838 0.09068923821039904
2 0.8366124893071002 0.6301894397420396 0.1465640148274879 0.07537283353486497
2 0.41516966067864275 0.8407900040306329 0.11006558311947534 0.12172511084240226
2 0.8783860849729114 0.8458282950423217 0.09096093527231253 0.12293430068520758
1 0.3481608212147135 0.22853688029020558 0.44368406045052755 0.12656187021362356
1 0.18890789848873682 0.5139056831922612 0.15540347875677218 0.1064087061668682
1 0.525520387795837 0.5151148730350665 0.13458796692329628 0.0951229343006852
1 0.8146564014827489 0.5229746070133011 0.1727972626176219 0.11084240225715437
1 0.7239806102081552 0.8188230552196695 0.18135158254918735 0.12535268037081823
1 0.21271742229826063 0.814993954050786 0.12204163102366695 0.12656187021362356
4 0.5089820359281437 0.27589681580008063 0.936412888508697 0.2889963724304716
5 0.3066723695466211 0.8480451430874648 0.5061305959509552 0.2619911326078194
5 0.7828628457370973 0.8559048770656994 0.4337040205303679 0.27529222087867794
3 0.5202452238380383 0.5548166062071745 0.958939264328486 0.2938331318016929
3 0.4991445680068435 0.07557436517533253 0.9686341602509267 0.14550584441757355
3 0.5018534359851725 0.2783151954856913 0.9957228400342174 0.31076178960096734
3 0.5018534359851725 0.5697299476017735 0.9957228400342174 0.31076178960096734
3 0.5018534359851725 0.8442160419185812 0.9957228400342174 0.31076178960096734
