2 0.11291702309666382 0.08403869407496978 0.1442828628457371 0.1535671100362757
2 0.31608212147134307 0.08464328899637244 0.1685201026518392 0.12978637646110439
2 0.6320216709438267 0.08282950423216445 0.17194183062446536 0.12454655380894801
2 0.5544625035643 0.33474405481660624 0.17821499857428003 0.09310761789600967
2 0.7845737097234103 0.2777106005642886 0.19190191046478472 0.21604191858121727
2 0.14385514684915884 0.3391777509068924 0.151981750784146 0.08424022571543732
2 0.5429141716566867 0.5193470374848852 0.19332763045337897 0.1422813381700927
2 0.7516395779868834 0.526199113260782 0.18135158254918735 0.15759774284562678
2 0.7707442258340462 0.8621523579201935 0.12888508696891932 0.0886739218057235
2 0.5422013116623895 0.8407900040306329 0.14114627887082978 0.1064087061668682
2 0.31765041345879674 0.8166062071745265 0.11348731109210151 0.1120515920999597
2 0.13259195893926434 0.7926239419588876 0.11405759908753922 0.0882708585247884
1 0.24992871400057032 0.48186215235792024 0.3435985172512119 0.08746473196291818
1 0.1407185628742515 0.6874244256348246 0.1377245508982036 0.10439338976219267
1 0.30781294553749644 0.6979040709391374 0.05845451953236385 0.10519951632406288
1 0.5461933276304535 0.7116082224909311 0.13145138294838896 0.13180169286577995
1 0.8189335614485316 0.7474808544941556 0.16709438266324494 0.12535268037081823
1 0.5620188195038495 0.2267230955259976 0.19788993441688055 0.10519951632406288
1 0.1810664385514685 0.24727932285368803 0.20929569432563447 0.09552599758162032
5 0.21385799828913604 0.2877871825876663 0.3872255489021956 0.24506247480854496
5 0.6832050185343599 0.27267230955259975 0.5417735956658113 0.27529222087867794
4 0.4883090960935273 0.5306328093510682 0.9395494724836043 0.26320032245062475
6 0.12560593099515255 0.7573559048770657 0.22155688622754494 0.2885933091495365
6 0.33903621328771033 0.7573559048770657 0.22868548617051612 0.31600161225312373
6 0.5520387795836899 0.775292220878678 0.25263758197889935 0.3293027005239823
6 0.8031080695751355 0.796049979846836 0.29227259766181923 0.30310358726320036
3 0.5005702879954378 0.07779121322047562 0.9846022241231823 0.15477629987908104
3 0.4984317080125464 0.28053204353083433 0.9968634160250928 0.2773075372833535
3 0.4984317080125464 0.5175332527206772 0.9968634160250928 0.2773075372833535
3 0.500998003992016 0.7779121322047562 0.9974337040205304 0.3530834340991536
