2 0.11177644710578843 0.08162031438935913 0.1448531508411748 0.12212817412333737
2 0.31066438551468495 0.08121725110842402 0.13544339891645282 0.11890366787585652
2 0.6340176789278587 0.07879887142281339 0.1679498146564015 0.11406690850463523
2 0.1407185628742515 0.33313180169286577 0.13316224693470202 0.07376058041112454
2 0.5541773595665812 0.3353486497380089 0.17593384659252925 0.08948004836759371
2 0.5402053036783576 0.5155179363160016 0.1827773025377816 0.13462313583232569
2 0.7497861420017109 0.526199113260782 0.1804961505560308 0.1487303506650544
2 0.1323068149415455 0.7950423216444982 0.11348731109210151 0.08182184602982669
2 0.318078129455375 0.807335751713019 0.09039064727687483 0.09754131398629586
2 0.5346449957228401 0.8325272067714632 0.11633875106929 0.09633212414349053
2 0.7738808098089536 0.8593309149536478 0.11976047904191618 0.094316807738815
7 0.11177644710578843 0.22551390568319227 0.09124607927003137 0.04232164449818622
1 0.18890789848873682 0.27549375251914554 0.22326775021385803 0.03909713825070536
1 0.2574850299401198 0.4871019750100766 0.3541488451668093 0.09310761789600967
1 0.14342743085258056 0.6890366787585651 0.1323068149415455 0.10761789600967352
1 0.31736526946107785 0.6924627166465135 0.07755916737952667 0.10721483272873841
1 0.5426290276589678 0.7440548166062072 0.1323068149415455 0.04030632809351068
1 0.8193612774451099 0.7742845626763403 0.1662389506700884 0.04917372027408303
7 0.5466210436270317 0.6817815397017332 0.09409751924721986 0.050382910116888356
7 0.7754491017964072 0.7069729947601774 0.09267179925862562 0.06287787182587666
7 0.5382092956943256 0.1954856912535268 0.10122611919019106 0.07174526400644901
1 0.5845451953236385 0.25634824667472794 0.219560878243513 0.04836759371221282
3 0.48759623609923014 0.2736799677549375 0.8982035928143713 0.2555421201128577
4 0.4891645280866838 0.5211608222490931 0.8996293128029655 0.25070536074163646
3 0.47747362418021105 0.7773075372833536 0.9076133447390933 0.3147924224103184
3 0.4955802680353579 0.0739621120515921 0.9489592244083263 0.13986295848448208
5 0.2238380382092957 0.2773075372833535 0.41402908468776733 0.2773075372833535
3 0.48517251211861995 0.5268037081821846 0.9412603364699174 0.2523176138653769
6 0.12717422298260622 0.7638049173720275 0.22640433418876535 0.3022974607013301
5 0.6853435985172512 0.27186618299072957 0.5483319076133448 0.2720677146311971
6 0.3324779013401768 0.7589681580008062 0.22640433418876535 0.3022974607013301
6 0.5527516395779869 0.7656187021362354 0.2706016538351868 0.3059250302297461
6 0.8048189335614486 0.7861749294639259 0.2706016538351868 0.3059250302297461
