10 0.06686626746506986 0.06549778315195486 0.11092101511263189 0.11003627569528417
7 0.45309381237524954 0.17855703345425233 0.7978329056173368 0.042724707779121324
1 0.31722269746221843 0.25594518339379285 0.5118334759053322 0.10076582023377671
9 0.14342743085258056 0.35711406690850467 0.13401767892785857 0.09995969367190649
7 0.4130310806957514 0.47702539298669894 0.7159965782720275 0.07295445384925434
7 0.49900199600798406 0.6924627166465135 0.9067579127459368 0.07819427650141073
1 0.24607927003136587 0.5088673921805724 0.35642999714856005 0.0471584038694075
1 0.36170516110635875 0.7837565497783152 0.6224693470202453 0.11084240225715437
9 0.1287425149700599 0.5798065296251512 0.12974051896207586 0.08182184602982669
8 0.17864271457085829 0.06952841596130593 0.09837467921300258 0.11970979443772672
13 0.2737382378100941 0.06328093510681178 0.09808953521528373 0.12091898428053205
11 0.380952380952381 0.06428859330914954 0.11177644710578843 0.12535268037081823
4 0.4891645280866838 0.2926239419588876 0.9600798403193613 0.3313180169286578
4 0.4942971200456231 0.5513905683192262 0.9623609923011122 0.2531237404272471
4 0.49059024807527807 0.8198307134220073 0.9657827202737383 0.3369609028617493
2 0.1204733390362133 0.882708585247884 0.12118619903051042 0.10318419991938735
3 0.5008554319931566 0.073559048770657 0.9977188480182493 0.147118097541314
3 0.4967208440262333 0.29443772672309554 0.9751924721984603 0.33252720677146314
3 0.4994297120045623 0.5467553405884724 0.9903051040775592 0.25755743651753327
3 0.5044197319646422 0.8178153970173317 0.9905902480752781 0.3603385731559855
