7 0.3595665811234674 0.2037484885126965 0.5885372112917023 0.06408706166868199
7 0.18505845451953237 0.5028214429665457 0.19788993441688055 0.06811769447803305
7 0.43313373253493015 0.5435308343409916 0.19788993441688055 0.06811769447803305
7 0.6926147704590819 0.5652962515114873 0.19788993441688055 0.06811769447803305
7 0.8957798688337612 0.5765820233776703 0.13544339891645282 0.050382910116888356
1 0.37111491303108074 0.26481257557436516 0.591103507271172 0.07416364369205966
1 0.1917593384659253 0.6078194276501411 0.23068149415454806 0.12656187021362356
1 0.447533504419732 0.6380491737202741 0.19247219846022243 0.11769447803305119
1 0.6919019104647848 0.6745264006449013 0.14741944682064445 0.15679161628375657
1 0.8932135728542915 0.7031438935912938 0.1394354148845167 0.19145505844417574
11 0.14100370687197036 0.3655783958081419 0.1559737667522099 0.11446997178557033
8 0.10022811519817508 0.08282950423216445 0.1536926147704591 0.13744457879887143
8 0.6475620188195039 0.7972591696896413 0.12033076703735388 0.10399032648125756
10 0.25021385799828916 0.08544941555824265 0.13544339891645282 0.1410721483272874
10 0.13915027088679785 0.7339782345828295 0.13629883090960937 0.12091898428053205
12 0.4076133447390933 0.09109230149133414 0.15996578272027376 0.1523579201934704
9 0.4006273167949815 0.7412333736396615 0.13401767892785857 0.10399032648125756
13 0.8709723410322213 0.8542926239419589 0.12688907898488738 0.09713825070536075
4 0.5002851439977188 0.3319226118500605 0.9566581123467351 0.3647722692462717
6 0.1750784145993727 0.643087464731963 0.2971200456230397 0.37605804111245467
6 0.44382663244938697 0.6505441354292624 0.2677502138579983 0.39983877468762596
6 0.6832050185343599 0.7011285771866184 0.22013116623895068 0.3857315598548972
6 0.8887938408896493 0.7214832728738412 0.22184203022526378 0.4207980652962515
3 0.503706871970345 0.08806932688432084 0.9920159680638724 0.17613865376864168
3 0.503706871970345 0.3403869407496977 0.9920159680638724 0.38170092704554615
3 0.503706871970345 0.6979040709391374 0.9920159680638724 0.49778315195485695
