7 0.15483319076133448 0.23679967754937525 0.22811519817507844 0.06247480854494156
7 0.4059024807527802 0.22430471584038694 0.2090105503279156 0.044740024183796856
7 0.6491303108069576 0.23679967754937525 0.19190191046478472 0.053607416364369206
7 0.8714000570287996 0.23075372833534866 0.19731964642144284 0.050382910116888356
7 0.34174508126603936 0.48871422813381704 0.5654405474764757 0.0471584038694075
7 0.19375534644995723 0.6962918178153971 0.30424864556601083 0.06166868198307134
7 0.7175648702594811 0.705763804917372 0.2432278300541774 0.07174526400644901
1 0.15526090675791276 0.30451430874647323 0.23068149415454806 0.05925030229746071
1 0.41516966067864275 0.2920193470374849 0.21613915027088682 0.0705360741636437
1 0.6444254348445966 0.3022974607013301 0.19788993441688055 0.07255139056831923
1 0.7905617336755062 0.07879887142281339 0.17992586256059312 0.0939137444578799
1 0.8736812090105504 0.2912132204756147 0.20188195038494441 0.08182184602982669
1 0.4029084687767323 0.5620717452640065 0.6763615625891075 0.0882708585247884
1 0.29583689763330484 0.7591696896412737 0.48160821214713434 0.07940346634421605
1 0.7678927858568578 0.7803305118903668 0.38323353293413176 0.08625554212011285
1 0.8502994011976048 0.8621523579201935 0.2611919019104648 0.1064087061668682
12 0.11006558311947534 0.09068923821039904 0.19731964642144284 0.17331721080209594
12 0.6067864271457086 0.37444578798871425 0.11348731109210151 0.09834744054816606
8 0.2835757057313944 0.09633212414349053 0.16566866267465072 0.18460298266827893
8 0.11961790704305675 0.8720274083031037 0.16395779868833762 0.12212817412333737
10 0.4304248645566011 0.09653365578395809 0.14399771884801826 0.19306731156791618
13 0.10179640718562875 0.3756549778315196 0.10949529512403765 0.10318419991938735
9 0.8341887653264899 0.388553002821443 0.11320216709438267 0.10399032648125756
9 0.6411462788708299 0.8849254332930271 0.14741944682064445 0.12777106005642885
11 0.3639863130881095 0.38291011688835147 0.1092101511263188 0.1128577186618299
6 0.15540347875677218 0.3139862958484482 0.2748788138009695 0.2845626763401854
6 0.4131736526946108 0.31358323256751314 0.2532078699743371 0.28536880290205563
6 0.6447105788423154 0.31821846029826684 0.22925577416595383 0.2873841193067312
6 0.8659823210721415 0.31983071342200725 0.22925577416595383 0.2873841193067312
4 0.5095523239235814 0.56590084643289 0.9803250641573996 0.23297057638049173
5 0.2832905617336755 0.8071342200725514 0.5386370116909039 0.3301088270858525
5 0.7701739378386085 0.8186215235792019 0.45908183632734534 0.3345425231761387
3 0.5004277159965783 0.0947198710197501 0.9985742800114058 0.18863361547763
3 0.501996007984032 0.3184199919387344 0.9954376960364986 0.2885933091495365
3 0.5024237239806102 0.561870213623539 0.9945822640433419 0.22893994357114067
3 0.5027088679783291 0.8111648528819025 0.9940119760479043 0.3381700927045546
