7 0.2601938979184488 0.21664651350261993 0.4308525805531794 0.08746473196291818
7 0.6435700028514401 0.2323659814590891 0.23781009409751927 0.06247480854494156
7 0.13316224693470202 0.5038291011688836 0.19560878243512975 0.1064087061668682
7 0.39806102081551187 0.5038291011688836 0.2469347020245224 0.05481660620717453
7 0.6284573709723411 0.5570334542523177 0.19161676646706588 0.060459492140266025
7 0.8159395494724837 0.5759774284562676 0.11947533504419733 0.051592099959693674
1 0.24707727402338184 0.290608625554212 0.4017678927858569 0.10076582023377671
1 0.7246934702024523 0.31297863764611045 0.38408896492728833 0.08504635227730754
1 0.14057599087539208 0.5860540104796453 0.20758483033932137 0.04030632809351068
1 0.384659252922726 0.5775896815800081 0.2013116623895067 0.08625554212011285
1 0.6159110350727117 0.626360338573156 0.1727972626176219 0.07819427650141073
1 0.8324779013401769 0.6483272873841194 0.17650413458796693 0.06811769447803305
9 0.08796692329626463 0.35429262394195893 0.08183632734530939 0.08706166868198308
12 0.5691474194468207 0.3889560661023781 0.0872540633019675 0.06932688432083838
12 0.7825777017393785 0.7249093107617897 0.0801254633589963 0.0826279725916969
12 0.5771314513829484 0.6924627166465135 0.0872540633019675 0.06287787182587666
11 0.11020815511833477 0.6499395405078597 0.1086398631308811 0.0826279725916969
11 0.3430282292557742 0.6577992744860943 0.09751924721984603 0.08061265618702136
13 0.09395494724836043 0.0796049979846836 0.1679498146564015 0.1422813381700927
8 0.23253493013972057 0.09189842805320436 0.11092101511263189 0.1354292623941959
9 0.32877102936983177 0.08343409915356712 0.10037068719703451 0.1523579201934704
13 0.4388366124893071 0.08786779524385328 0.12432278300541774 0.15477629987908104
5 0.2523524379811805 0.3089480048367594 0.4944396920444825 0.3010882708585248
5 0.7348160821214714 0.3381700927045546 0.5132591958939264 0.33212414349052805
6 0.1330196749358426 0.5868601370415155 0.24664955802680355 0.3498589278516727
6 0.37710293698317654 0.5860540104796453 0.24664955802680355 0.3498589278516727
6 0.6100655831194753 0.6545747682386135 0.24664955802680355 0.3498589278516727
6 0.8390362132877104 0.6686819830713422 0.24664955802680355 0.3498589278516727
3 0.4978614200171087 0.09149536477226924 0.9934416880524666 0.1829907295445385
3 0.502994011976048 0.33252720677146314 0.9934416880524666 0.3417976622329706
3 0.49985742800114064 0.639862958484482 0.9997148560022813 0.4365175332527207
