7 0.15397775876817793 0.23800886739218058 0.21385799828913604 0.053607416364369206
7 0.4076133447390933 0.2335751713018944 0.17251211861990307 0.035872632003224506
7 0.6380096948959225 0.23216444981862153 0.18676931850584547 0.04917372027408303
7 0.8634160250926719 0.2557436517533253 0.19903051040775593 0.12535268037081823
7 0.22269746221842032 0.4937525191455059 0.3587111491303108 0.04353083434099154
7 0.25192472198460225 0.7652156388553003 0.3966353008269176 0.0471584038694075
7 0.6662389506700884 0.7535268037081823 0.3618477331052182 0.05280128980249899
1 0.16638152266894785 0.30290205562273276 0.2574850299401198 0.05844417573559049
1 0.4000570287995438 0.2916162837565498 0.17165668662674652 0.07376058041112454
1 0.6333048189335615 0.2962515114873035 0.19161676646706588 0.07174526400644901
1 0.8598517251211862 0.33252720677146314 0.1947533504419732 0.04353083434099154
1 0.49059024807527807 0.5566303909713826 0.915597376675221 0.08625554212011285
1 0.2385229540918164 0.8329302700523983 0.3983461648132307 0.07940346634421605
1 0.29355574565155407 0.8978234582829505 0.2723125178214999 0.05280128980249899
1 0.7014542343883662 0.8101571946795647 0.4180211006558312 0.06932688432083838
1 0.7490732820074139 0.8688029020556227 0.29940119760479045 0.10197501007658202
8 0.08682634730538923 0.09290608625554213 0.1377245508982036 0.1713018943974204
8 0.38565725691474195 0.37222893994357115 0.10692899914456802 0.0826279725916969
9 0.09509552323923583 0.38230552196694884 0.1103507271171942 0.0939137444578799
9 0.384659252922726 0.10459492140266022 0.1585400627316795 0.18823055219669488
10 0.5362132877102938 0.09552599758162032 0.14798973481608213 0.18137847642079807
10 0.5865412033076705 0.37001209189842804 0.09010550327915598 0.07819427650141073
11 0.6658112346735102 0.09028617492946393 0.13287710293698318 0.16122531237404272
11 0.8253493013972056 0.38351471180975416 0.09723410322212718 0.0826279725916969
13 0.228970630168235 0.10580411124546554 0.1465640148274879 0.17210802095929062
13 0.11605360707157115 0.6555824264409512 0.1283147989734816 0.09633212414349053
12 0.0960935272312518 0.9085046352277308 0.103222127174223 0.09834744054816606
12 0.5306529797547762 0.8984280532043531 0.10379241516966069 0.09834744054816606
6 0.16167664670658685 0.3117694478033051 0.28115198175078415 0.27287384119306735
6 0.40732820074137444 0.3153970173317211 0.23353293413173654 0.2704554615074567
6 0.6285999429712005 0.31257557436517536 0.23353293413173654 0.2704554615074567
6 0.8671228970630169 0.3170092704554615 0.2651839178785287 0.29222087867795243
4 0.49985742800114064 0.5896815800080613 0.9997148560022813 0.2724707779121322
5 0.2345309381237525 0.8508665860540106 0.4536641003706872 0.26763401854091096
5 0.7284003421727974 0.8522773075372834 0.5426290276589678 0.2873841193067312
3 0.5052751639577987 0.08585247883917775 0.988879384088965 0.16364369205965337
3 0.5039920159680639 0.3115679161628376 0.9914456800684346 0.2837565497783152
3 0.503706871970345 0.583031035872632 0.9920159680638724 0.2712615880693269
3 0.503706871970345 0.8542926239419589 0.9920159680638724 0.2712615880693269
