7 0.2082976903336185 0.2097944377267231 0.30481893356144857 0.044740024183796856
7 0.5775591673795267 0.21120515920999597 0.2557741659538067 0.060459492140266025
7 0.08867978329056174 0.4572752922208787 0.10379241516966069 0.053607416364369206
7 0.25905332192757347 0.4478033051189037 0.0960935272312518 0.06368399838774688
7 0.4847447961220417 0.4635227730753729 0.12432278300541774 0.05965336557839581
7 0.6511263187909895 0.47702539298669894 0.0658682634730539 0.04796453043127771
7 0.3802395209580839 0.7365981459089077 0.6327345309381238 0.07940346634421605
1 0.2677502138579983 0.28657799274486095 0.2731679498146564 0.1128577186618299
1 0.5814086113487311 0.300080612656187 0.25719988594240095 0.10842402257154374
1 0.10536070715711435 0.5060459492140266 0.13715426290276592 0.04796453043127771
1 0.26033646991730824 0.5048367593712213 0.09980039920159682 0.041515517936316006
1 0.4630738522954092 0.5278113663845224 0.1283147989734816 0.05844417573559049
1 0.6863416025092672 0.52801289802499 0.19332763045337897 0.02902055622732769
1 0.3922155688622755 0.847037484885127 0.6869118905047049 0.13905683192261187
8 0.8487311092101512 0.7900040306328094 0.16167664670658685 0.14993954050785974
8 0.16880524664955804 0.0800080612656187 0.09124607927003137 0.13663845223700122
9 0.33319076133447395 0.09048770656993148 0.08069575135443399 0.15114873035066506
9 0.7794411177644711 0.27650141072148327 0.13088109495295125 0.1128577186618299
10 0.2606216139150271 0.5878677952438534 0.10037068719703451 0.09310761789600967
11 0.6736526946107785 0.5951229343006852 0.1536926147704591 0.11406690850463523
11 0.415597376675221 0.08343409915356712 0.08867978329056174 0.1523579201934704
11 0.09224408326204735 0.3006852075775897 0.10464784716281723 0.10076582023377671
12 0.10179640718562875 0.5731559854897219 0.12033076703735388 0.10399032648125756
2 0.06700883946392928 0.08847239016525595 0.09980039920159682 0.1285771866182991
5 0.21870544625035646 0.2720677146311971 0.4077559167379527 0.2474808544941556
5 0.6548331907613345 0.28174123337363965 0.47647562018819506 0.2571543732365982
6 0.10179640718562875 0.5294236195082628 0.1727972626176219 0.26320032245062475
6 0.274023381807813 0.5185409109230149 0.1727972626176219 0.26320032245062475
6 0.466353008269176 0.532043530834341 0.20102651839178787 0.2756952841596131
6 0.6910464784716283 0.5491737202740831 0.255203877958369 0.29141475211608225
4 0.5044197319646422 0.8057234985892785 0.9763330481893356 0.32245062474808545
3 0.5028514399771885 0.09411527609834744 0.9937268320501854 0.18016928657799275
3 0.5007128599942972 0.2857718661829907 0.9980039920159681 0.282950423216445
3 0.5007128599942972 0.5388956066102378 0.9980039920159681 0.3297057638049174
3 0.5007128599942972 0.8347440548166063 0.9980039920159681 0.3297057638049174
