7 0.2392358140861135 0.21704957678355502 0.3222127174222983 0.08182184602982669
7 0.7050185343598517 0.22732769044740025 0.390362132877103 0.10399032648125756
7 0.3247790134017679 0.48911729141475213 0.521813515825492 0.07940346634421605
7 0.21157684630738524 0.7724707779121323 0.1323068149415455 0.0705360741636437
7 0.4951525520387796 0.7843611446997178 0.09894496720844027 0.05804111245465538
7 0.6753635585970916 0.7904070939137445 0.11890504704875964 0.05481660620717453
7 0.8654120330767038 0.7863764611043934 0.11861990305104078 0.06932688432083838
1 0.27174222982606216 0.31559854897218864 0.27944111776447106 0.13784764207980654
1 0.7418021100655832 0.33796856106408707 0.29455374964357 0.1713018943974204
1 0.3525805531793556 0.5995566303909714 0.5774165953806673 0.14550584441757355
1 0.21499857428001143 0.8821039903264813 0.16481323068149417 0.1422813381700927
1 0.49985742800114064 0.8665860540104797 0.11006558311947534 0.09754131398629586
1 0.6903336184773311 0.8643692059653366 0.0427715996578272 0.06408706166868199
1 0.904476760764186 0.8621523579201935 0.10379241516966069 0.1064087061668682
8 0.09652124322783007 0.08202337767029425 0.16281722269746224 0.15759774284562678
8 0.3916452808668378 0.8456267634018542 0.0949529512403764 0.13865376864167675
9 0.7611919019104648 0.6011688835147119 0.14798973481608213 0.13744457879887143
9 0.8008269175933848 0.8688029020556227 0.06871970345024238 0.11084240225715437
10 0.5417735956658113 0.36960902861749295 0.10835471913316226 0.1064087061668682
11 0.08440262332477902 0.34421604191858124 0.09181636726546907 0.09189842805320436
11 0.6321642429426861 0.8704151551793632 0.06900484744796123 0.10278113663845224
12 0.27530652979754777 0.08726320032245063 0.20615911035072712 0.1600161225312374
13 0.09067579127459367 0.8323256751309956 0.1015112631879099 0.1410721483272874
5 0.22939834616481325 0.3010882708585248 0.4405474764756202 0.294236195082628
5 0.6900484744796123 0.3097541313986296 0.48531508411747937 0.30834340991535675
4 0.4934416880524665 0.5787988714228134 0.9828913601368692 0.31680773881499397
6 0.15868263473053892 0.8460298266827893 0.31736526946107785 0.3071342200725514
6 0.4510978043912176 0.8460298266827893 0.26803535785571714 0.3071342200725514
6 0.6658112346735102 0.843006852075776 0.16937553464499575 0.3010882708585248
6 0.8705446250356431 0.848851269649335 0.2583404619332763 0.3006852075775897
3 0.503706871970345 0.08081418782748892 0.9920159680638724 0.1535671100362757
3 0.49985742800114064 0.3091495364772269 0.9997148560022813 0.32567513099556633
3 0.4991445680068435 0.562273276904474 0.9954376960364986 0.2885933091495365
3 0.49985742800114064 0.8417976622329706 0.9997148560022813 0.31559854897218864
