7 0.4198745366410037 0.23901652559451836 0.5044197319646422 0.07577589681580009
7 0.11762189905902481 0.47924224103184204 0.14114627887082978 0.04353083434099154
7 0.3976333048189336 0.5139056831922612 0.09894496720844027 0.08141878274889158
7 0.6199030510407756 0.4897218863361548 0.06501283147989735 0.04917372027408303
7 0.8614200171086399 0.5296251511487303 0.07470772740233819 0.05723498589278517
7 0.3022526375819789 0.7216848045143088 0.2771599657827203 0.06731156791616284
7 0.7322497861420018 0.7424425634824667 0.18363273453093815 0.07496977025392987
1 0.5315084117479327 0.3202337767029424 0.716852010265184 0.11326078194276502
1 0.17065868263473055 0.5608625554212011 0.07442258340461934 0.11729141475211609
1 0.39335614485315085 0.5951229343006852 0.11092101511263189 0.05844417573559049
1 0.6321642429426861 0.5806126561870214 0.07984031936127745 0.10519951632406288
1 0.8614200171086399 0.6084240225715437 0.0872540633019675 0.08504635227730754
1 0.3145138294838894 0.8184199919387344 0.30966638152266895 0.13744457879887143
1 0.7667522098659824 0.843006852075776 0.2480752780153978 0.11970979443772672
8 0.4820359281437126 0.08424022571543732 0.20102651839178787 0.16848045143087464
9 0.0836897633304819 0.5973397823458283 0.11092101511263189 0.11446997178557033
10 0.10051325919589393 0.08202337767029425 0.17650413458796693 0.1640467553405885
10 0.09837467921300258 0.7972591696896413 0.11804961505560309 0.13784764207980654
10 0.5738522954091817 0.8196291817815398 0.11263187909894498 0.1535671100362757
12 0.09994297120045624 0.3079403466344216 0.12917023096663816 0.14671503426037888
12 0.7715996578272027 0.5775896815800081 0.08953521528371829 0.13784764207980654
12 0.2962646136298831 0.5372833534864974 0.08497291132021671 0.10399032648125756
11 0.5414884516680925 0.5675130995566304 0.10778443113772455 0.11769447803305119
13 0.28400342172797266 0.08101571946795648 0.1710863986313088 0.16203143893591296
4 0.49301397205588826 0.3067311567916163 0.975762760193898 0.31680773881499397
6 0.11847733105218136 0.5435308343409916 0.2249786142001711 0.2551390568319226
6 0.3541488451668093 0.5403063280935108 0.25548902195608786 0.25755743651753327
6 0.5792700313658398 0.5544135429262395 0.2380952380952381 0.26481257557436516
6 0.8173652694610779 0.577186618299073 0.228970630168235 0.23538895606610238
5 0.24650698602794413 0.7904070939137445 0.4776161961790705 0.2652156388553003
5 0.7197034502423725 0.8172108020959291 0.4482463644140291 0.3010882708585248
3 0.501996007984032 0.09068923821039904 0.9954376960364986 0.18137847642079807
3 0.49985742800114064 0.3117694478033051 0.9997148560022813 0.3115679161628376
3 0.49985742800114064 0.545143087464732 0.9997148560022813 0.3115679161628376
3 0.49985742800114064 0.8268843208383717 0.9997148560022813 0.3115679161628376
