7 0.18177929854576563 0.19306731156791618 0.08069575135443399 0.051592099959693674
7 0.35058454519532367 0.20334542523176138 0.10464784716281723 0.05602579604997985
7 0.6800684345594525 0.22511084240225718 0.12033076703735388 0.04796453043127771
7 0.9070430567436556 0.26239419588875457 0.06729398346164814 0.051592099959693674
1 0.20487596236099231 0.2928254735993551 0.10464784716281723 0.12293430068520758
1 0.3608497291132022 0.2954453849254333 0.1092101511263188 0.11527609834744056
1 0.6747932706016538 0.31559854897218864 0.11320216709438267 0.11527609834744056
1 0.9101796407185629 0.35106811769447804 0.07698887938408897 0.10076582023377671
7 0.30652979754776166 0.4546553808948005 0.2686056458511549 0.06610237807335752
7 0.7643284858853722 0.5268037081821846 0.228970630168235 0.06690850463522774
1 0.32321072141431423 0.545143087464732 0.2956943256344454 0.11326078194276502
1 0.7738808098089536 0.6128577186618299 0.24465355004277162 0.09633212414349053
7 0.33504419731964646 0.7954453849254334 0.2954091816367266 0.07134220072551391
1 0.4593669803250642 0.865981459089077 0.5377815796977474 0.10278113663845224
8 0.830481893356145 0.3117694478033051 0.08069575135443399 0.10761789600967352
8 0.8324779013401769 0.8303103587263201 0.17365269461077845 0.13220475614671504
9 0.4630738522954092 0.2625957275292221 0.09980039920159682 0.12293430068520758
10 0.08639863130881095 0.08444175735590488 0.12774451097804393 0.14308746473196293
10 0.10578842315369262 0.5334542523176139 0.12033076703735388 0.15195485691253527
9 0.5806957513544341 0.5586457073760581 0.12118619903051042 0.14671503426037888
11 0.09352723125178215 0.2513099556630391 0.11804961505560309 0.1592099959693672
12 0.21228970630168237 0.07839580814187828 0.14342743085258056 0.1487303506650544
12 0.12204163102366695 0.8317210802095929 0.1305959509552324 0.13986295848448208
13 0.587396635300827 0.2625957275292221 0.09010550327915598 0.13905683192261187
6 0.15768463073852296 0.26481257557436516 0.28115198175078415 0.27972591696896415
6 0.4060450527516396 0.2833534864973801 0.2440832620473339 0.28536880290205563
6 0.6558311947533505 0.3027005239822652 0.2440832620473339 0.28536880290205563
6 0.8886512688907899 0.30874647319629184 0.22212717422298262 0.2885933091495365
5 0.26147704590818366 0.5419185812172511 0.4761904761904762 0.29222087867795243
5 0.737382378100941 0.5900846432889963 0.4807527801539778 0.28536880290205563
4 0.5005702879954378 0.835751713018944 0.9749073282007414 0.26642482869810563
3 0.501996007984032 0.07597742845626763 0.9954376960364986 0.15195485691253527
3 0.501996007984032 0.2916162837565498 0.9954376960364986 0.33333333333333337
3 0.501996007984032 0.5616686819830714 0.9954376960364986 0.33333333333333337
3 0.501996007984032 0.848851269649335 0.9954376960364986 0.29020556227327693
