7 0.18976333048189337 0.2323659814590891 0.25178214998574283 0.053607416364369206
7 0.4570858283433134 0.19931479242241032 0.16709438266324494 0.05925030229746071
7 0.6558311947533505 0.19407496977025393 0.11976047904191618 0.06489318823055219
7 0.8711149130310808 0.18661829907295446 0.15454804676361564 0.08625554212011285
7 0.30652979754776166 0.46795646916565903 0.2765896777872826 0.05481660620717453
7 0.3031080695751355 0.6924627166465135 0.29940119760479045 0.06690850463522774
7 0.7676076418591389 0.7065699314792423 0.25263758197889935 0.0951229343006852
8 0.26047904191616766 0.3395808141878275 0.10692899914456802 0.0939137444578799
8 0.09994297120045624 0.08383716243450222 0.18619903051040776 0.16686819830713423
9 0.11719418306244654 0.5475614671503426 0.1020815511833476 0.10197501007658202
9 0.5896777872825778 0.7670294236195083 0.09980039920159682 0.12656187021362356
10 0.6856287425149701 0.3264812575574365 0.1251782149985743 0.10076582023377671
10 0.44368406045052755 0.06993147924224104 0.15283718277730254 0.13663845223700122
10 0.8886512688907899 0.31680773881499397 0.12118619903051042 0.09995969367190649
13 0.28286284573709725 0.07557436517533253 0.17964071856287425 0.1479242241031842
13 0.48873681209010555 0.3180169286577993 0.10037068719703451 0.08625554212011285
11 0.8373253493013972 0.5316404675534059 0.125748502994012 0.1128577186618299
11 0.09780439121756487 0.764006449012495 0.12204163102366695 0.13663845223700122
1 0.12988309096093528 0.3387746876259573 0.14171656686626746 0.15437323659814592
1 0.3992015968063873 0.3067311567916163 0.06273167949814656 0.1354292623941959
1 0.455945252352438 0.24909310761789602 0.15055603079555177 0.0354695687222894
1 0.6653835186769319 0.26964933494558646 0.14513829483889365 0.05481660620717453
1 0.8796692329626462 0.2434502216848045 0.1585400627316795 0.037887948407900045
1 0.47405189620758487 0.5330511890366788 0.5893926432848589 0.11084240225715437
1 0.3022526375819789 0.7932285368802903 0.2754491017964072 0.13865376864167675
1 0.7791559737667523 0.816807738814994 0.28828058169375537 0.1592099959693672
6 0.1857713145138295 0.3010882708585248 0.3247790134017679 0.2990729544538493
6 0.4476760764185914 0.28133817009270456 0.22412318220701455 0.30310358726320036
6 0.6569717707442259 0.2769044740024184 0.22412318220701455 0.30310358726320036
6 0.8773880809808954 0.27287384119306735 0.22412318220701455 0.30310358726320036
4 0.4970059880239521 0.5437323659814591 0.9409751924721985 0.2482869810560258
5 0.24907328200741377 0.786981056025796 0.4753350441973197 0.31721080209592906
5 0.7306814941545481 0.7962515114873036 0.4753350441973197 0.31721080209592906
3 0.5028514399771885 0.06932688432083838 0.9846022241231823 0.13865376864167675
3 0.50741374394069 0.2859733978234583 0.9846022241231823 0.3067311567916163
3 0.50741374394069 0.5374848851269649 0.9846022241231823 0.2470777912132205
3 0.50741374394069 0.8002821442966546 0.9846022241231823 0.36235388956066106
