7 0.11919019104647847 0.20999596936719067 0.1283147989734816 0.06287787182587666
7 0.31765041345879674 0.19528415961305925 0.13686911890504705 0.06731156791616284
7 0.5466210436270317 0.20153164046755342 0.1591103507271172 0.05239822652156389
7 0.7670373538637012 0.17634018540910923 0.1568291987453664 0.06972994760177348
7 0.4593669803250642 0.45102781136638453 0.7818648417450813 0.05481660620717453
7 0.19560878243512975 0.7384119306731157 0.3033932135728543 0.08303103587263201
7 0.6285999429712005 0.7642079806529626 0.2694610778443114 0.08061265618702136
1 0.08867978329056174 0.29766223297057637 0.05930995152552039 0.11084240225715437
1 0.28714000570287995 0.2893994357114067 0.06957513544339892 0.10076582023377671
1 0.4931565440547477 0.31418782748891577 0.05560307955517537 0.15679161628375657
1 0.785429141716567 0.2323659814590891 0.15825491873396066 0.04232164449818622
1 0.40276589677787283 0.5642885933091496 0.6526946107784432 0.1531640467553406
1 0.1928999144568007 0.8587263200322451 0.27573424579412603 0.1422813381700927
1 0.38608497291132027 0.8968158000806127 0.07755916737952667 0.04353083434099154
1 0.6273167949814656 0.8597339782345829 0.28286284573709725 0.11527609834744056
1 0.7934131736526947 0.8952035469568723 0.11719418306244654 0.051592099959693674
10 0.25434844596521244 0.07900040306328093 0.1591103507271172 0.13865376864167675
10 0.8300541773595667 0.8027005239822652 0.11633875106929 0.1487303506650544
8 0.8016823495865413 0.30511890366787586 0.13715426290276592 0.12978637646110439
11 0.389364128885087 0.8095525997581621 0.11890504704875964 0.1285771866182991
12 0.5754205873966354 0.31459089076985086 0.12033076703735388 0.11326078194276502
12 0.7952666096378672 0.5842402257154373 0.12603364699173084 0.11084240225715437
12 0.1585400627316795 0.3234582829504232 0.09580838323353294 0.10197501007658202
12 0.3664100370687197 0.3089480048367594 0.09523809523809525 0.11326078194276502
9 0.4114627887082977 0.07718661829907296 0.1442828628457371 0.1422813381700927
13 0.5627316794981466 0.07779121322047562 0.17593384659252925 0.14993954050785974
11 0.1174793270601654 0.08444175735590488 0.1608212147134303 0.13422007255139057
6 0.12731679498146564 0.28133817009270456 0.1964642144282863 0.25634824667472794
6 0.32549187339606506 0.27408303103587267 0.1964642144282863 0.25634824667472794
6 0.546050755631594 0.28274889157597743 0.2189905902480753 0.26158806932688433
6 0.7767322497861421 0.26380491737202744 0.2189905902480753 0.26158806932688433
4 0.47134302822925583 0.5334542523176139 0.898773880809809 0.2712615880693269
5 0.2487881380096949 0.8158000806126562 0.44910179640718567 0.3022974607013301
5 0.696321642429427 0.8095525997581621 0.452238380382093 0.30350665054413545
3 0.49458226404334193 0.08605401047964531 0.9583689763330483 0.1713018943974204
3 0.4978614200171087 0.26924627166465137 0.9934416880524666 0.26844014510278114
3 0.503706871970345 0.5346634421604192 0.9920159680638724 0.2688432083837163
3 0.503706871970345 0.8230552196694881 0.9920159680638724 0.3345425231761387
