7 0.2925577416595381 0.20314389359129384 0.4009124607927003 0.10076582023377671
7 0.2704590818363274 0.4191858121725111 0.13145138294838896 0.05804111245465538
7 0.5508982035928144 0.40810157194679564 0.05702879954376961 0.08504635227730754
7 0.8828058169375536 0.4014510278113664 0.12660393498716854 0.10318419991938735
7 0.20587396635300828 0.7170495767835551 0.23838038209295695 0.051592099959693674
7 0.7469347020245224 0.6801692865779928 0.1685201026518392 0.044740024183796856
7 0.6978899344168806 0.4735993550987505 0.125748502994012 0.05723498589278517
1 0.23766752209865985 0.29826682789197906 0.3413173652694611 0.08061265618702136
1 0.6241802110065584 0.19306731156791618 0.2338180781294554 0.05804111245465538
1 0.5065583119475335 0.5368802902055623 0.17422298260621616 0.13865376864167675
1 0.701739378386085 0.5523982265215639 0.1305959509552324 0.07376058041112454
1 0.9255774165953807 0.5278113663845224 0.05702879954376961 0.11406690850463523
1 0.2931280296549758 0.5384925433293027 0.15283718277730254 0.1418782748891576
1 0.22583404619332764 0.5755743651753326 0.27944111776447106 0.07496977025392987
1 0.1940404904476761 0.8341394598952035 0.27972626176218995 0.1648528819024587
1 0.3947818648417451 0.8385731559854898 0.1394354148845167 0.09713825070536075
1 0.7972626176218991 0.8039097138250706 0.2817222697462219 0.1825876662636034
1 0.7482178500142572 0.8301088270858525 0.3912175648702595 0.12535268037081823
8 0.12360992301112063 0.0951229343006852 0.17194183062446536 0.1418782748891576
9 0.6107784431137725 0.06388553002821443 0.1323068149415455 0.11970979443772672
10 0.447533504419732 0.07275292220878678 0.14970059880239522 0.13744457879887143
10 0.14271457085828346 0.4681580008061266 0.14342743085258056 0.1309955663039097
10 0.5996578272027374 0.7170495767835551 0.10550327915597378 0.10076582023377671
12 0.8371827773025379 0.5177347843611447 0.1020815511833476 0.13905683192261187
12 0.6689478186484175 0.40084643288996374 0.1174793270601654 0.09713825070536075
13 0.46378671228970636 0.40870616686819833 0.10293698317650414 0.11769447803305119
13 0.28756772169945827 0.08383716243450222 0.14342743085258056 0.1241434905280129
13 0.4029084687767323 0.7384119306731157 0.10778443113772455 0.08948004836759371
11 0.8346164813230682 0.24687625957275294 0.19560878243512975 0.13905683192261187
4 0.5149700598802396 0.26058041112454655 0.9500998003992017 0.2777106005642886
6 0.20729968634160253 0.5038291011688836 0.3786712289706302 0.31680773881499397
6 0.5096948959224409 0.48085449415558246 0.21756487025948104 0.3095525997581621
6 0.6944682064442544 0.4832728738411931 0.21756487025948104 0.3095525997581621
6 0.8909324208725407 0.4901249496170899 0.21756487025948104 0.3095525997581621
5 0.26404334188765327 0.8022974607013301 0.5280866837753065 0.30189439742039503
5 0.7507841459937269 0.8016928657799275 0.4978614200171087 0.3143893591293833
3 0.5088394639292844 0.07819427650141073 0.9817507841459938 0.15638855300282145
3 0.5075563159395495 0.2400241837968561 0.9843170801254635 0.24627166465135028
3 0.5004277159965783 0.4836759371221282 0.9985742800114058 0.365981459089077
3 0.5012831479897348 0.8002821442966546 0.9968634160250928 0.32365981459089077
