7 0.14214428286284575 0.23740427247077792 0.1964642144282863 0.05723498589278517
7 0.3912175648702595 0.24909310761789602 0.2035928143712575 0.11446997178557033
7 0.6646706586826348 0.21664651350261993 0.20986598232107215 0.05844417573559049
7 0.8839463929284289 0.22390165255945185 0.187624750499002 0.07295445384925434
7 0.25905332192757347 0.567714631197098 0.4570858283433134 0.07295445384925434
7 0.6733675506130596 0.6017734784361145 0.2415169660678643 0.09592906086255543
1 0.1365839749073282 0.3313180169286578 0.18534359851725124 0.12656187021362356
1 0.39335614485315085 0.3466344216041919 0.1947533504419732 0.06932688432083838
1 0.6582549187339607 0.30290205562273276 0.20330767037353864 0.0939137444578799
1 0.8638437410892501 0.33031035872632003 0.16167664670658685 0.11970979443772672
1 0.7370972341032221 0.7418379685610641 0.3438836612489307 0.2172511084240226
1 0.2540633019674936 0.6626360338573156 0.44197319646421446 0.10157194679564692
11 0.08155118334759054 0.44216041918581217 0.1020815511833476 0.09754131398629586
10 0.3473053892215569 0.4181781539701733 0.11234673510122613 0.10761789600967352
8 0.592101511263188 0.4248286981056026 0.11092101511263189 0.10963321241434906
10 0.8089535215283719 0.4467956469165659 0.12033076703735388 0.10278113663845224
13 0.10108354719133163 0.8978234582829505 0.13316224693470202 0.1285771866182991
13 0.5940975192472199 0.903466344216042 0.12118619903051042 0.13744457879887143
12 0.20287995437696038 0.08968158000806127 0.1228970630168235 0.1713018943974204
12 0.31009409751924727 0.09673518742442563 0.11263187909894498 0.1902458686013704
9 0.41445680068434565 0.0951229343006852 0.12118619903051042 0.18460298266827893
9 0.08240661534074709 0.09008464328899637 0.14200171086398633 0.17936316001612254
6 0.14114627887082978 0.35167271261588073 0.25891074992871405 0.34945586457073763
6 0.3990590248075278 0.3430068520757759 0.2831479897348161 0.35147118097541313
6 0.6448531508411749 0.33333333333333337 0.2831479897348161 0.35147118097541313
6 0.8684060450527518 0.35368802902055624 0.2626176218990591 0.4091092301491334
5 0.2610493299116054 0.7454655380894801 0.5118334759053322 0.4735993550987505
5 0.7579127459366981 0.743248690044337 0.4836042201311663 0.4731962918178154
3 0.5004277159965783 0.10096735187424426 0.9985742800114058 0.2011285771866183
3 0.49900199600798406 0.34643288996372434 0.9980039920159681 0.38492543329302703
3 0.5004277159965783 0.7378073357517131 0.9985742800114058 0.5235792019347038
