7 0.20402053036783577 0.2591696896412737 0.10749928714000571 0.09834744054816606
7 0.43170801254633595 0.2519145505844418 0.12432278300541774 0.0951229343006852
7 0.6760764185913887 0.22108020959290609 0.10436270316509838 0.03829101168883515
7 0.9180211006558313 0.21563885530028215 0.10236669518106645 0.06932688432083838
7 0.17907043056743657 0.48125755743651755 0.2338180781294554 0.04594921402660218
7 0.7105788423153693 0.4836759371221282 0.3193612774451098 0.0886739218057235
7 0.14699173082406616 0.7519145505844418 0.19190191046478472 0.05602579604997985
7 0.3414599372683205 0.7428456267634019 0.11491303108069575 0.07174526400644901
7 0.6159110350727117 0.7289399435711407 0.11861990305104078 0.04796453043127771
7 0.8451668092386656 0.7424425634824667 0.11804961505560309 0.07496977025392987
1 0.22184203022526378 0.5800080612656188 0.2765896777872826 0.14429665457476826
1 0.1668092386655261 0.3615477629987908 0.15226689478186486 0.07496977025392987
1 0.41231822070145424 0.3391777509068924 0.1870544625035643 0.06408706166868199
1 0.6722269746221843 0.3240628778718259 0.13145138294838896 0.13462313583232569
1 0.6428571428571429 0.34542523176138656 0.1536926147704591 0.060459492140266025
1 0.9248645566010836 0.31680773881499397 0.1234673510122612 0.1064087061668682
1 0.8788138009694897 0.33514711809754133 0.1899059024807528 0.044740024183796856
1 0.6974622184203023 0.5882708585247884 0.3153692614770459 0.14550584441757355
1 0.8155118334759054 0.8424022571543732 0.09352723125178215 0.12978637646110439
1 0.8852295409181637 0.9072954453849255 0.07442258340461934 0.03143893591293833
1 0.5782720273738238 0.8278919790407094 0.08155118334759054 0.13220475614671504
1 0.6281722269746223 0.8923821039903265 0.08782435129740519 0.025796049979846837
1 0.32549187339606506 0.8385731559854898 0.08468776732249787 0.11729141475211609
1 0.11177644710578843 0.8385731559854898 0.06900484744796123 0.12212817412333737
10 0.10464784716281723 0.27186618299072957 0.08953521528371829 0.11084240225715437
10 0.5731394354148845 0.260378879484079 0.0855431993156544 0.12091898428053205
10 0.8317650413458797 0.08282950423216445 0.1591103507271172 0.14469971785570335
8 0.3294838893641289 0.08222490931076179 0.17821499857428003 0.13865376864167675
8 0.6579697747362419 0.07779121322047562 0.15996578272027376 0.14349052801289802
12 0.4357000285143998 0.5384925433293027 0.11804961505560309 0.15800080612656187
12 0.19133162246934704 0.8319226118500604 0.09523809523809525 0.11527609834744056
12 0.6666666666666667 0.8139862958484483 0.10607356715141147 0.1285771866182991
12 0.14171656686626746 0.09008464328899637 0.18135158254918735 0.15437323659814592
11 0.8253493013972056 0.24465941152760984 0.09096093527231253 0.13220475614671504
11 0.3239235814086114 0.2573559048770657 0.08326204733390363 0.09955663039097139
13 0.4154548046763616 0.8442160419185812 0.09352723125178215 0.1422813381700927
13 0.9077559167379528 0.5755743651753326 0.1103507271171942 0.15800080612656187
13 0.9073282007413744 0.8307134220072552 0.10949529512403765 0.13301088270858524
6 0.16039349871685202 0.2972591696896413 0.23752495009980043 0.2777106005642886
6 0.6372968349016254 0.2837565497783152 0.24864556601083548 0.27327690447400244
6 0.8753920729968635 0.27287384119306735 0.24864556601083548 0.27327690447400244
6 0.14371257485029942 0.8081418782748891 0.24864556601083548 0.27327690447400244
6 0.38066723695466215 0.803708182184603 0.24864556601083548 0.27327690447400244
6 0.6281722269746223 0.8129786376461104 0.24864556601083548 0.27327690447400244
6 0.8571428571428572 0.8153970173317211 0.24864556601083548 0.27327690447400244
5 0.2800114057599088 0.542926239419589 0.4864556601083548 0.25634824667472794
5 0.7564870259481038 0.5558242644095123 0.4864556601083548 0.25634824667472794
3 0.5146849158825207 0.07859733978234583 0.970059880239521 0.15719467956469166
3 0.5146849158825207 0.28657799274486095 0.970059880239521 0.2539298669891173
3 0.5146849158825207 0.5542120112857719 0.970059880239521 0.2539298669891173
3 0.5146849158825207 0.8065296251511488 0.970059880239521 0.2539298669891173
