7 0.16481323068149417 0.27871825876662637 0.1448531508411748 0.04796453043127771
7 0.6618192187054464 0.23559048770656993 0.2503564299971486 0.04232164449818622
7 0.1465640148274879 0.516727126158807 0.12888508696891932 0.04917372027408303
7 0.6123467351012262 0.4645304312777106 0.24493869404049046 0.041515517936316006
7 0.21114913031080698 0.7444578798871423 0.24893071000855435 0.04594921402660218
7 0.7794411177644711 0.7434502216848046 0.2591958939264329 0.0882708585247884
1 0.19617907043056745 0.3655783958081419 0.19960079840319364 0.10318419991938735
1 0.6673795266609638 0.31721080209592906 0.27858568577131454 0.08061265618702136
1 0.19689193042486458 0.6017734784361145 0.2107214143142287 0.09592906086255543
1 0.6395779868833762 0.535671100362757 0.27259766181921874 0.09834744054816606
1 0.18306244653550044 0.8436114469971786 0.187624750499002 0.12333736396614269
1 0.7010265183917879 0.8845223700120919 0.39378386084972916 0.1422813381700927
11 0.3708297690333619 0.3206368399838775 0.14171656686626746 0.13663845223700122
11 0.5791274593669804 0.7595727529222088 0.1323068149415455 0.11648528819024587
9 0.16438551468491588 0.1271664651350262 0.21870544625035646 0.18581217251108426
9 0.3508696891930425 0.8581217251108424 0.14970059880239522 0.15477629987908104
13 0.5343598517251212 0.09572752922208787 0.16310236669518108 0.15195485691253527
13 0.3587111491303108 0.11185006045949214 0.16310236669518108 0.15195485691253527
13 0.7131451382948389 0.09532446594115276 0.16310236669518108 0.15195485691253527
8 0.8785286569717708 0.2900040306328094 0.1591103507271172 0.15114873035066506
10 0.8701169090390648 0.5128980249899234 0.14399771884801826 0.13986295848448208
12 0.3628457370972341 0.5570334542523177 0.11947533504419733 0.13462313583232569
5 0.2634730538922156 0.32627972591696897 0.4277159965782721 0.2688432083837163
5 0.7271171941830625 0.30048367593712216 0.4967208440262333 0.24627166465135028
5 0.24565155403478758 0.5665054413542926 0.4268605645851155 0.2720677146311971
5 0.7228400342172798 0.5278113663845224 0.5355004277159966 0.2599758162031439
5 0.24351297405189623 0.8331318016928658 0.4214428286284574 0.2877871825876663
5 0.7244083262047335 0.8194276501410722 0.5146849158825207 0.3192261185006046
3 0.5068434559452524 0.10882708585247884 0.9857428001140577 0.21765417170495768
3 0.5068434559452524 0.29484079000403063 0.9857428001140577 0.24627166465135028
3 0.5068434559452524 0.548770656993148 0.9857428001140577 0.2760983474405482
3 0.5068434559452524 0.8198307134220073 0.9857428001140577 0.3184199919387344
