7 0.2492158540062732 0.2519145505844418 0.3073852295409182 0.05481660620717453
7 0.7311092101511264 0.23458282950423218 0.1608212147134303 0.11446997178557033
7 0.22882805816937554 0.5346634421604192 0.09267179925862562 0.06731156791616284
7 0.4974337040205304 0.5233776702942362 0.10065583119475335 0.06972994760177348
7 0.7161391502708868 0.545143087464732 0.0641573994867408 0.07295445384925434
7 0.3073852295409182 0.7652156388553003 0.22583404619332764 0.05118903667875857
7 0.7085828343313374 0.768037081821846 0.26917593384659255 0.06811769447803305
7 0.8886512688907899 0.6426844014510278 0.11491303108069575 0.03667875856509472
1 0.18862275449101798 0.3694074969770254 0.18619903051040776 0.14469971785570335
1 0.524522383803821 0.3806932688432084 0.16395779868833762 0.10197501007658202
1 0.8634160250926719 0.3365578395808142 0.1608212147134303 0.12978637646110439
1 0.1917593384659253 0.6380491737202741 0.20672939834616483 0.07496977025392987
1 0.4308525805531794 0.6449012494961709 0.16709438266324494 0.0886739218057235
1 0.6736526946107785 0.647118097541314 0.151981750784146 0.09713825070536075
1 0.9001996007984032 0.6924627166465135 0.13287710293698318 0.04030632809351068
1 0.697034502423724 0.8683998387746876 0.2654690618762475 0.11648528819024587
1 0.33504419731964646 0.867795243853285 0.3319076133447391 0.12656187021362356
11 0.1216139150270887 0.5626763401854091 0.10464784716281723 0.1410721483272874
11 0.11605360707157115 0.7932285368802903 0.1157684630738523 0.12091898428053205
11 0.7164242942686057 0.0761789600967352 0.17593384659252925 0.14913341394598953
12 0.8716852010265185 0.5542120112857719 0.11234673510122613 0.12011285771866184
12 0.8974907328200742 0.8518742442563483 0.14798973481608213 0.1309955663039097
12 0.37025948103792417 0.3524788391777509 0.151981750784146 0.15114873035066506
12 0.6891930424864557 0.37001209189842804 0.1591103507271172 0.16122531237404272
8 0.37197034502423726 0.08887545344619105 0.1804961505560308 0.15679161628375657
9 0.5466210436270317 0.07638049173720274 0.16253207869974337 0.15276098347440548
9 0.5347875677216996 0.2519145505844418 0.1844881665240947 0.1354292623941959
11 0.6333048189335615 0.5407093913744458 0.10436270316509838 0.12212817412333737
10 0.39364128885086974 0.54695687222894 0.09096093527231253 0.12333736396614269
13 0.1869118905047049 0.0951229343006852 0.18790989449672085 0.17331721080209594
4 0.5136869118905047 0.3123740427247078 0.9646421442828629 0.2990729544538493
6 0.17550613059595097 0.5878677952438534 0.2962646136298831 0.26320032245062475
6 0.44368406045052755 0.6003627569528416 0.2475049900199601 0.2785167271261588
6 0.6735101226119191 0.5971382507053608 0.2475049900199601 0.2785167271261588
6 0.8889364128885088 0.5916968964127368 0.22155688622754494 0.28698105602579604
5 0.28214998574280015 0.8492543329302701 0.5141146278870831 0.2708585247883918
5 0.7606216139150271 0.8550987505038291 0.47818648417450815 0.25272067714631197
3 0.5125463358996294 0.08686013704151552 0.9635015682919875 0.17372027408303103
3 0.5179640718562875 0.31076178960096734 0.9635015682919875 0.31358323256751314
3 0.5179640718562875 0.5933091495364773 0.9635015682919875 0.31358323256751314
3 0.5179640718562875 0.8426037887948409 0.9635015682919875 0.3139862958484482
