7 0.16951810664385517 0.24062877871825877 0.20844026233247792 0.05239822652156389
7 0.6074992871400058 0.23438129786376463 0.26375819788993443 0.06489318823055219
7 0.1596806387225549 0.5384925433293027 0.19788993441688055 0.06368399838774688
7 0.6147704590818364 0.5312374042724708 0.22583404619332764 0.06529625151148731
7 0.3354719133162247 0.7698508665860541 0.326489877388081 0.08061265618702136
1 0.1893356144853151 0.36436920596533656 0.20017108639863132 0.1700927045546151
1 0.3448816652409467 0.4185812172511084 0.24550898203592816 0.09068923821039904
1 0.607927003136584 0.37122128174123337 0.2298260621613915 0.1902458686013704
1 0.17351012261191903 0.6382507053607417 0.19247219846022243 0.12212817412333737
1 0.6241802110065584 0.6279725916968965 0.2480752780153978 0.0951229343006852
1 0.411890504704876 0.8617492946392584 0.4456800684345595 0.10076582023377671
12 0.11291702309666382 0.10358726320032245 0.12033076703735388 0.1523579201934704
12 0.7877102936983177 0.3671906489318823 0.1377245508982036 0.14671503426037888
12 0.810664385514685 0.5979443772672309 0.14884516680923868 0.13341394598952036
12 0.35386370116909044 0.5705360741636437 0.16139150270886798 0.09633212414349053
11 0.3857998289136014 0.3063280935106812 0.1608212147134303 0.16122531237404272
11 0.8293413173652695 0.8681983071342201 0.125748502994012 0.10721483272873841
9 0.4702024522383804 0.10519951632406288 0.1568291987453664 0.14429665457476826
10 0.3316224693470203 0.094316807738815 0.11405759908753922 0.15558242644095124
9 0.10892500712859995 0.8313180169286578 0.12375249500998005 0.12777106005642885
13 0.21984602224123184 0.10016122531237405 0.12033076703735388 0.1769447803305119
11 0.3438836612489307 0.6594115276098348 0.1465640148274879 0.10157194679564692
4 0.49116053607071575 0.3313180169286578 0.9292842885657258 0.3143893591293833
5 0.24679213002566297 0.5951229343006852 0.44967208440262335 0.2486900443369609
5 0.6903336184773311 0.6106408706166868 0.4516680923866553 0.2619911326078194
4 0.47405189620758487 0.8446191051995163 0.9458226404334189 0.2688432083837163
3 0.5069860279441119 0.0939137444578799 0.983176504134588 0.18702136235388958
3 0.5081266039349872 0.3343409915356711 0.983176504134588 0.3180169286577993
3 0.5081266039349872 0.6094316807738815 0.983176504134588 0.29181781539701734
3 0.5081266039349872 0.8536880290205563 0.983176504134588 0.29181781539701734
