7 0.15283718277730254 0.2097944377267231 0.1305959509552324 0.02700523982265216
7 0.17664670658682635 0.3945989520354696 0.19418306244653552 0.05804111245465538
7 0.5825491873396066 0.3788794840790004 0.22640433418876535 0.060459492140266025
7 0.11177644710578843 0.6235388956066102 0.09580838323353294 0.05723498589278517
7 0.33504419731964646 0.5993550987505039 0.06558311947533504 0.04030632809351068
7 0.5189620758483035 0.607416364369206 0.09580838323353294 0.05401047964530432
7 0.7865697177074423 0.6134623135832326 0.08183632734530939 0.06610237807335752
7 0.16752209865982323 0.8115679161628376 0.19019104647847165 0.03909713825070536
7 0.6096378671228971 0.7986698911729142 0.3073852295409182 0.06489318823055219
1 0.31679498146564017 0.2547359935509875 0.44425434844596523 0.060459492140266025
1 0.17550613059595097 0.4651350261991133 0.1679498146564015 0.05401047964530432
1 0.5727117194183063 0.45284159613059255 0.19589392643284861 0.07859733978234583
1 0.1283147989734816 0.6817815397017332 0.11006558311947534 0.06408706166868199
1 0.31836327345309384 0.6622329705763805 0.04362703165098375 0.055622732769044746
1 0.5220986598232108 0.666062071745264 0.10379241516966069 0.07295445384925434
1 0.7917023096663816 0.6942765014107215 0.10293698317650414 0.09068923821039904
1 0.18306244653550044 0.8665860540104797 0.11976047904191618 0.06126561870213624
1 0.6174793270601654 0.8688029020556227 0.274023381807813 0.056831922611850064
10 0.2493584260051326 0.07073760580411124 0.09894496720844027 0.09552599758162032
10 0.846307385229541 0.23297057638049173 0.11234673510122613 0.1064087061668682
11 0.37111491303108074 0.4191858121725111 0.11548331907613346 0.11850060459492141
12 0.8460222412318221 0.4735993550987505 0.10835471913316226 0.12656187021362356
12 0.8832335329341318 0.6700927045546151 0.09096093527231253 0.10278113663845224
12 0.8377530652979756 0.8810963321241435 0.1283147989734816 0.10399032648125756
12 0.35528942115768464 0.8452237001209191 0.15055603079555177 0.11769447803305119
10 0.4570858283433134 0.05925030229746071 0.10037068719703451 0.11527609834744056
10 0.1311662389506701 0.08061265618702136 0.09980039920159682 0.1128577186618299
13 0.2184203022526376 0.6874244256348246 0.09352723125178215 0.11084240225715437
13 0.6340176789278587 0.6622329705763805 0.11092101511263189 0.1120515920999597
13 0.35058454519532367 0.06650544135429262 0.10293698317650414 0.11850060459492141
4 0.4910179640718563 0.2400241837968561 0.93071000855432 0.22611850060459493
5 0.22882805816937554 0.43067311567916167 0.4314228685486171 0.24546553808948005
5 0.6936127744510978 0.4443772672309553 0.4970059880239521 0.2607819427650141
6 0.1608212147134303 0.6577992744860943 0.2606216139150271 0.2241031841999194
6 0.3679783290561734 0.6549778315195486 0.1822070145423439 0.21362353889560662
6 0.5771314513829484 0.6410721483272874 0.26575420587396636 0.22370012091898428
6 0.8403193612774452 0.6753325272067715 0.26575420587396636 0.22370012091898428
4 0.5081266039349872 0.8508665860540106 0.9329911605360708 0.2249093107617896
3 0.5038494439692045 0.07335751713018944 0.9717707442258341 0.14349052801289802
3 0.5082691759338467 0.24808544941555824 0.9737667522098661 0.2349858927851673
3 0.5128314798973482 0.42583635630794037 0.9737667522098661 0.3027005239822652
3 0.5128314798973482 0.6644498186215236 0.9737667522098661 0.27287384119306735
3 0.5128314798973482 0.8589278516727127 0.9737667522098661 0.23538895606610238
