7 0.17265469061876249 0.17795243853284967 0.24950099800399203 0.027811366384522373
7 0.7358140861134874 0.16787585650947198 0.44282862845737103 0.056831922611850064
7 0.285143997718848 0.45787988714228134 0.43170801254633595 0.03708182184602983
1 0.2931280296549758 0.539701733172108 0.48873681209010555 0.0886739218057235
1 0.17907043056743657 0.24304715840386942 0.28286284573709725 0.05481660620717453
1 0.6439977188480183 0.23397823458282951 0.21756487025948104 0.050382910116888356
12 0.5734245794126034 0.3335348649738009 0.09580838323353294 0.09310761789600967
12 0.07256914741944683 0.07940346634421605 0.12974051896207586 0.13301088270858524
9 0.08525805531793557 0.3291011688835147 0.10778443113772455 0.0882708585247884
11 0.11676646706586827 0.6632406287787183 0.09666381522668949 0.09633212414349053
8 0.3009694895922441 0.06207174526400645 0.11947533504419733 0.11850060459492141
13 0.18819503849443972 0.07335751713018944 0.13629883090960937 0.13865376864167675
5 0.25548902195608786 0.2503022974607013 0.4927288280581694 0.27327690447400244
5 0.7480752780153979 0.26058041112454655 0.5032791559737668 0.313180169286578
4 0.5108354719133162 0.5850463522773076 0.97775876817793 0.38089480048367597
3 0.5008554319931566 0.08061265618702136 0.9977188480182493 0.15800080612656187
3 0.5008554319931566 0.2688432083837163 0.9977188480182493 0.33212414349052805
3 0.5008554319931566 0.5775896815800081 0.9977188480182493 0.3909713825070536
