7 0.13273453093812376 0.19991938734381298 0.17593384659252925 0.04917372027408303
7 0.7065868263473054 0.18863361547763 0.42372398061020816 0.06287787182587666
7 0.13145138294838896 0.4915356711003628 0.18135158254918735 0.05925030229746071
7 0.41345879669232966 0.4540507859733978 0.16880524664955804 0.06247480854494156
7 0.6090675791274595 0.4657396211205159 0.14029084687767324 0.050382910116888356
7 0.8625605930995153 0.47642079806529625 0.1910464784716282 0.04030632809351068
7 0.2392358140861135 0.7714631197097944 0.3843741089250072 0.06368399838774688
1 0.23723980610208156 0.27589681580008063 0.38494439692044485 0.10278113663845224
1 0.7326775021385801 0.25796049979846836 0.47134302822925583 0.10076582023377671
1 0.1619617907043057 0.567714631197098 0.22811519817507844 0.0882708585247884
1 0.4171656686626747 0.5614671503426039 0.17735956658112348 0.12736799677549376
1 0.6348731109210152 0.561870213623539 0.18848018249215856 0.15558242644095124
1 0.8733960650128315 0.5519951632406288 0.20758483033932137 0.1309955663039097
1 0.3758197889934417 0.8206368399838775 0.671799258625606 0.039500201531640466
13 0.5489021956087825 0.34361144699717855 0.11976047904191618 0.0882708585247884
13 0.09794696321642431 0.37908101571946795 0.11092101511263189 0.08504635227730754
13 0.3905047048759624 0.6634421604191858 0.12118619903051042 0.07819427650141073
12 0.06843455945252352 0.0886739218057235 0.13686911890504705 0.177347843611447
12 0.18021100655831196 0.07758968158000806 0.10949529512403765 0.15517936316001613
12 0.10493299116053607 0.6622329705763805 0.142571998859424 0.10721483272873841
10 0.8163672654690619 0.6600161225312374 0.10607356715141147 0.08746473196291818
10 0.10336469917308241 0.8990326481257558 0.151981750784146 0.09552599758162032
9 0.2956943256344454 0.0769850866586054 0.11177644710578843 0.1539701733172108
9 0.4232962646136299 0.07799274486094317 0.1394354148845167 0.15598548972188633
11 0.5922440832620474 0.6644498186215236 0.11405759908753922 0.09875050382910118
5 0.2440832620473339 0.30350665054413545 0.45851154833190766 0.29665457476823864
5 0.7313943541488452 0.27871825876662637 0.5366410037068721 0.32365981459089077
6 0.16281722269746224 0.58484482063684 0.3102366695181067 0.31358323256751314
6 0.4164528086683776 0.5769850866586054 0.21984602224123184 0.347037484885127
6 0.6288850869689193 0.579403466344216 0.21984602224123184 0.347037484885127
6 0.8679783290561734 0.5846432889963724 0.2634730538922156 0.33413945989520355
4 0.5055603079555175 0.8524788391777509 0.9883090960935274 0.2619911326078194
3 0.5052751639577987 0.08383716243450222 0.988879384088965 0.15800080612656187
3 0.5025662959794697 0.2760983474405482 0.9942971200456231 0.3176138653768642
3 0.5025662959794697 0.5785973397823458 0.9942971200456231 0.3599355098750504
3 0.5025662959794697 0.8573155985489722 0.9942971200456231 0.2845626763401854
