7 0.2566295979469632 0.16545747682386136 0.4111776447105789 0.0705360741636437
1 0.3534359851725121 0.21664651350261993 0.5774165953806673 0.044740024183796856
7 0.13743940690048476 0.43329302700523986 0.1568291987453664 0.04836759371221282
7 0.4104647847162817 0.4091092301491334 0.16395779868833762 0.08303103587263201
7 0.6213287710293699 0.41979040709391374 0.13458796692329628 0.05925030229746071
7 0.8545765611633875 0.4516324062877872 0.15283718277730254 0.06731156791616284
7 0.2298260621613915 0.7031438935912938 0.3587111491303108 0.07295445384925434
7 0.747790134017679 0.7394195888754534 0.42058739663530087 0.10519951632406288
1 0.165098374679213 0.4909310761789601 0.22811519817507844 0.06287787182587666
1 0.41873396065012836 0.49717855703345426 0.1662389506700884 0.09955663039097139
1 0.6281722269746223 0.5054413542926239 0.1465640148274879 0.10076582023377671
1 0.8551468491588253 0.5332527206771464 0.1283147989734816 0.11527609834744056
1 0.20516110635871115 0.8158000806126562 0.3145138294838894 0.1410721483272874
1 0.7085828343313374 0.8284965739621121 0.35814086113487315 0.07940346634421605
8 0.12917023096663816 0.29766223297057637 0.1448531508411748 0.10197501007658202
8 0.09309951525520388 0.5888754534461911 0.09837467921300258 0.11769447803305119
9 0.07684630738522955 0.06489318823055219 0.13088109495295125 0.11769447803305119
12 0.20045623039635016 0.0618702136235389 0.1323068149415455 0.1237404272470778
12 0.13102366695181067 0.9201934703748489 0.12974051896207586 0.10963321241434906
13 0.3128029654975763 0.06307940346634422 0.11976047904191618 0.12615880693268844
10 0.5469061876247505 0.05844417573559049 0.13458796692329628 0.11688835147118098
10 0.37111491303108074 0.5860540104796453 0.08867978329056174 0.07819427650141073
10 0.8587111491303109 0.626360338573156 0.1086398631308811 0.07819427650141073
13 0.5798403193612774 0.9097138250705361 0.14627887082976904 0.08948004836759371
11 0.614627887082977 0.6062071745264007 0.14970059880239522 0.09834744054816606
11 0.43256344453949247 0.05844417573559049 0.12261191901910466 0.11688835147118098
4 0.5091246079270032 0.2660217654171705 0.9811804961505561 0.3200322450624748
6 0.16410037068719704 0.5020153164046756 0.3128029654975763 0.3067311567916163
6 0.4268605645851155 0.5145102781136639 0.24522383803820932 0.324465941152761
6 0.6535500427715997 0.5205562273276905 0.24522383803820932 0.324465941152761
6 0.8771029369831765 0.548770656993148 0.24522383803820932 0.324465941152761
5 0.25377815796977476 0.8180169286577993 0.4830339321357286 0.36316001612253124
5 0.7382378100940976 0.8286981056025796 0.5229540918163673 0.3417976622329706
3 0.4932991160536071 0.06569931479242241 0.9826062161391503 0.13139862958484483
3 0.508411747932706 0.25675130995566303 0.9826062161391503 0.29343006852075776
3 0.508411747932706 0.5209592906086256 0.9826062161391503 0.3567110036275695
3 0.508411747932706 0.8212414349052801 0.9826062161391503 0.3567110036275695
