7 0.1287425149700599 0.209391374445788 0.17251211861990307 0.05280128980249899
7 0.3810949529512404 0.18964127367996778 0.16566866267465072 0.044740024183796856
7 0.5739948674080411 0.1890366787585651 0.12033076703735388 0.04594921402660218
7 0.8222127174222983 0.2150342603788795 0.14342743085258056 0.07295445384925434
7 0.5054177359566582 0.4494155582426441 0.9098944967208441 0.04917372027408303
7 0.31408611348731114 0.6890366787585651 0.47818648417450815 0.07859733978234583
7 0.7754491017964072 0.6924627166465135 0.32877102936983177 0.06529625151148731
1 0.1382948388936413 0.2777106005642886 0.19960079840319364 0.08625554212011285
1 0.3882235528942116 0.25634824667472794 0.20844026233247792 0.10882708585247884
1 0.6027944111776448 0.26743248690044336 0.17165668662674652 0.11970979443772672
1 0.8538637011690905 0.2736799677549375 0.21471343028229256 0.08061265618702136
1 0.4788993441688053 0.5145102781136639 0.8505845451953237 0.0826279725916969
1 0.3006843455945253 0.7970576380491737 0.49586541203307677 0.12212817412333737
1 0.7774451097804392 0.7986698911729142 0.3550042771599658 0.1769447803305119
13 0.08525805531793557 0.3587263200322451 0.11234673510122613 0.06932688432083838
8 0.32449386940404906 0.3508665860540105 0.10607356715141147 0.08746473196291818
9 0.5682919874536642 0.3683998387746876 0.0855431993156544 0.07738814993954052
12 0.7687482178500143 0.36054010479645304 0.10778443113772455 0.10197501007658202
10 0.10635871114913031 0.5878677952438534 0.12660393498716854 0.0882708585247884
11 0.09865982321072142 0.9052801289802499 0.11861990305104078 0.12091898428053205
11 0.6310236669518107 0.9131398629584845 0.12204163102366695 0.08746473196291818
6 0.13373253493013973 0.28133817009270456 0.2566295979469632 0.27327690447400244
6 0.3800969489592244 0.28174123337363965 0.2566295979469632 0.27327690447400244
6 0.6036498431708013 0.27287384119306735 0.2566295979469632 0.27327690447400244
6 0.847305389221557 0.2708585247883918 0.30481893356144857 0.27488915759774285
4 0.5034217279726262 0.5368802902055623 0.9885942400912462 0.2531237404272471
5 0.2902765896777873 0.8065296251511488 0.5577416595380668 0.3426037887948408
5 0.7808668377530653 0.8133817009270455 0.43769603649843175 0.3651753325272068
11 0.07028799543769604 0.07476823861346232 0.11548331907613346 0.14953647722692465
10 0.16994582264043342 0.07879887142281339 0.12489307100085544 0.15437323659814592
3 0.49985742800114064 0.08041112454655382 0.9997148560022813 0.16082224909310763
3 0.49985742800114064 0.29484079000403063 0.9997148560022813 0.30028214429665456
3 0.49985742800114064 0.529826682789198 0.9997148560022813 0.2599758162031439
3 0.49985742800114064 0.8099556630390972 0.9997148560022813 0.37928254735993555
