7 0.2706016538351868 0.20656993147924224 0.46877673224978617 0.06247480854494156
1 0.4234388366124893 0.31136638452237003 0.763615625891075 0.1422813381700927
8 0.11177644710578843 0.43329302700523986 0.12432278300541774 0.0886739218057235
9 0.4640718562874252 0.06630390971382508 0.125748502994012 0.12293430068520758
13 0.5985172512118621 0.07114066908504635 0.1442828628457371 0.13422007255139057
10 0.335899629312803 0.07073760580411124 0.14029084687767324 0.1414752116082225
12 0.2047333903621329 0.07779121322047562 0.14086113487311094 0.14993954050785974
11 0.08041060735671515 0.0800080612656187 0.12660393498716854 0.14550584441757355
4 0.49230111206159116 0.3413945989520355 0.9771884801824923 0.388553002821443
3 0.5028514399771885 0.08544941555824265 0.9937268320501854 0.1708988311164853
3 0.5028514399771885 0.34804514308746476 0.9937268320501854 0.4091092301491334
