7 0.12917023096663816 0.22289399435711407 0.07698887938408897 0.03708182184602983
7 0.31009409751924727 0.2037484885126965 0.11263187909894498 0.03667875856509472
7 0.5410607356715141 0.20818218460298268 0.0943826632449387 0.04796453043127771
7 0.7869974337040206 0.19588875453446192 0.2155688622754491 0.06368399838774688
7 0.22825777017393786 0.48045143087464737 0.3128029654975763 0.11527609834744056
7 0.5992301112061592 0.4641273679967755 0.2392358140861135 0.06489318823055219
1 0.16481323068149417 0.26541717049576785 0.1608212147134303 0.030229746070133012
1 0.32905617336755066 0.269850866586054 0.142571998859424 0.04393389762192664
1 0.5668662674650699 0.2686416767432487 0.13629883090960937 0.06166868198307134
1 0.7790134017678928 0.2833534864973801 0.1899059024807528 0.11769447803305119
1 0.6776447105788423 0.5648931882305522 0.3578557171371543 0.13905683192261187
1 0.24365554605075565 0.637646110439339 0.30424864556601083 0.19266424828698106
9 0.10963786712289707 0.09230149133413947 0.1679498146564015 0.1523579201934704
9 0.4076133447390933 0.08605401047964531 0.1536926147704591 0.16243450221684805
8 0.3058169375534645 0.32365981459089077 0.08639863130881095 0.07496977025392987
9 0.5370687197034503 0.6779524385328497 0.08468776732249787 0.08706166868198308
12 0.528229255774166 0.3381700927045546 0.08411747932706017 0.09270455461507457
12 0.7358140861134874 0.3690044336960903 0.08639863130881095 0.08746473196291818
12 0.5580268035357856 0.06912535268037082 0.142571998859424 0.13825070536074163
11 0.14057599087539208 0.31519548569125355 0.0872540633019675 0.07174526400644901
11 0.15811234673510124 0.7289399435711407 0.08867978329056174 0.07940346634421605
12 0.25962360992301114 0.08363563079403467 0.14513829483889365 0.16727126158806935
6 0.1370116909039065 0.2821442966545748 0.19076133447390933 0.23377670294236197
6 0.3327630453378957 0.27932285368802906 0.22412318220701455 0.2482869810560258
6 0.5473339036213288 0.2910116888351471 0.20844026233247792 0.2652156388553003
6 0.7658967778728258 0.2972591696896413 0.2748788138009695 0.3043127771060057
5 0.22811519817507844 0.6068117694478034 0.4111776447105789 0.42200725513905685
5 0.6820644425434845 0.5733575171301895 0.46193327630453385 0.3615477629987908
3 0.5017108639863131 0.08948004836759371 0.9960079840319362 0.1708988311164853
3 0.5017108639863131 0.29020556227327693 0.9960079840319362 0.29181781539701734
3 0.5017108639863131 0.5991535671100363 0.9960079840319362 0.38814993954050786
