1 0.24123182207014543 0.21160822249093109 0.3946392928428857 0.04836759371221282
7 0.7023096663815227 0.19871019750100766 0.264613629883091 0.04030632809351068
7 0.17778728257770177 0.4719871019750101 0.26147704590818366 0.06287787182587666
7 0.41702309666381526 0.48871422813381704 0.1679498146564015 0.05844417573559049
7 0.6194753350441974 0.49133413945989524 0.15141146278870832 0.07980652962515115
7 0.8384659252922727 0.4931479242241032 0.21528371827773027 0.05602579604997985
1 0.24565155403478758 0.2777106005642886 0.40461933276304535 0.0886739218057235
1 0.7663244938694042 0.2783151954856913 0.40404904476760767 0.0939137444578799
1 0.17351012261191903 0.5681176944780331 0.2591958939264329 0.12535268037081823
1 0.4161676646706587 0.5681176944780331 0.1679498146564015 0.09875050382910118
1 0.6142001710863987 0.5733575171301895 0.142571998859424 0.11084240225715437
1 0.8522954091816368 0.5588472390165257 0.22583404619332764 0.09068923821039904
1 0.3015397775876818 0.8121725110842403 0.45309381237524954 0.04030632809351068
7 0.2619047619047619 0.7557436517533253 0.39435414884516684 0.05481660620717453
8 0.4000570287995438 0.08726320032245063 0.12603364699173084 0.1648528819024587
8 0.5694325634445395 0.6650544135429263 0.07527801539777589 0.07255139056831923
8 0.5972341032221272 0.3694074969770254 0.09267179925862562 0.09955663039097139
10 0.2539207299686342 0.08323256751309956 0.1679498146564015 0.1656590084643289
11 0.09865982321072142 0.08383716243450222 0.1442828628457371 0.16767432486900444
11 0.10507556315939551 0.886739218057235 0.08867978329056174 0.10399032648125756
9 0.7758768177929856 0.675534058847239 0.08383233532934133 0.08061265618702136
13 0.10336469917308241 0.37001209189842804 0.12688907898488738 0.09592906086255543
12 0.09267179925862562 0.6688835147118097 0.08782435129740519 0.0826279725916969
12 0.3758197889934417 0.6426844014510278 0.071285999429712 0.07295445384925434
5 0.2668947818648418 0.30552196694881095 0.5172512118619903 0.2990729544538493
5 0.7539207299686342 0.3016928657799275 0.491588252067294 0.30028214429665456
6 0.16595380667236956 0.5840386940749698 0.3216424294268606 0.32245062474808545
6 0.4174508126603935 0.5721483272873842 0.20986598232107215 0.29222087867795243
6 0.6133447390932422 0.5802095929060863 0.20986598232107215 0.29222087867795243
6 0.8515825491873397 0.6104393389762193 0.2962646136298831 0.3430068520757759
4 0.5079840319361277 0.8542926239419589 0.9834616481323069 0.2833534864973801
3 0.5075563159395495 0.08222490931076179 0.9843170801254635 0.16122531237404272
3 0.5075563159395495 0.2984683595324466 0.9843170801254635 0.29786376461104397
3 0.5075563159395495 0.586658605401048 0.9843170801254635 0.29786376461104397
3 0.5075563159395495 0.850665054413543 0.9843170801254635 0.29786376461104397
