7 0.19489592244083265 0.19709794437726724 0.29227259766181923 0.06368399838774688
7 0.4924436840604506 0.20052398226521564 0.19960079840319364 0.11970979443772672
7 0.7306814941545481 0.19871019750100766 0.1679498146564015 0.09592906086255543
7 0.9262902765896779 0.20656993147924224 0.11719418306244654 0.09875050382910118
7 0.1951810664385515 0.6352277307537284 0.2962646136298831 0.09189842805320436
7 0.4891645280866838 0.6112454655380896 0.20102651839178787 0.07940346634421605
7 0.712147134302823 0.6515517936316002 0.1702309666381523 0.12454655380894801
7 0.9006273167949815 0.6225312374042725 0.13202167094382664 0.05280128980249899
1 0.17664670658682635 0.3139862958484482 0.27630453378956377 0.1725110842402257
1 0.4970059880239521 0.3637646110439339 0.20758483033932137 0.1713018943974204
1 0.7335329341317366 0.32204756146715036 0.18790989449672085 0.1700927045546151
1 0.9315654405474766 0.337565497783152 0.11804961505560309 0.17049576783555018
1 0.19019104647847165 0.7591696896412737 0.30966638152266895 0.1825876662636034
1 0.4847447961220417 0.7519145505844418 0.21613915027088682 0.20596533655783958
1 0.6986027944111777 0.796049979846836 0.13401767892785857 0.1418782748891576
1 0.9026233247790135 0.7658202337767029 0.15825491873396066 0.2184602982668279
9 0.10022811519817508 0.46755340588472394 0.11092101511263189 0.10963321241434906
9 0.07684630738522955 0.9107214832728738 0.10521813515825493 0.11648528819024587
12 0.06814941545480468 0.07255139056831923 0.11804961505560309 0.14510278113663846
11 0.18819503849443972 0.07476823861346232 0.11234673510122613 0.14953647722692465
11 0.41873396065012836 0.4871019750100766 0.10293698317650414 0.11084240225715437
8 0.683917878528657 0.4814590890769851 0.11890504704875964 0.11729141475211609
13 0.8966353008269177 0.4806529625151149 0.10692899914456802 0.11084240225715437
11 0.43128029654975764 0.9169689641273681 0.11719418306244654 0.1064087061668682
10 0.6685201026518393 0.9201934703748489 0.10236669518106645 0.09754131398629586
12 0.854719133162247 0.9179766223297058 0.09723410322212718 0.07940346634421605
6 0.18021100655831196 0.34199919387343813 0.35471913316224696 0.441354292623942
6 0.48331907613344743 0.33313180169286577 0.2748788138009695 0.45183393792825477
6 0.7312517821499858 0.33333333333333337 0.23011120615911038 0.4611043933897622
6 0.9163102366695182 0.32889963724304716 0.1668092386655261 0.460298266827892
6 0.18819503849443972 0.7716646513502621 0.3467351012261192 0.45586457073760583
6 0.48688337610493304 0.7716646513502621 0.260906757912746 0.45586457073760583
6 0.7111491303108071 0.7716646513502621 0.219560878243513 0.45586457073760583
6 0.8993441688052467 0.7704554615074567 0.20074137439406903 0.4534461910519952
3 0.5017108639863131 0.07537283353486497 0.9960079840319362 0.15074566706972994
3 0.5017108639863131 0.333937928254736 0.9960079840319362 0.45264006449012495
3 0.5017108639863131 0.7698508665860541 0.9960079840319362 0.4594921402660218
