7 0.23723980610208156 0.18581217251108426 0.4054747647562019 0.05723498589278517
7 0.7148560022811521 0.16344216041918583 0.3974907328200742 0.041515517936316006
7 0.1454234388366125 0.6807738814993954 0.22640433418876535 0.08625554212011285
7 0.44710578842315374 0.6870213623538896 0.19332763045337897 0.0761789600967352
7 0.6281722269746223 0.6979040709391374 0.11633875106929 0.06489318823055219
7 0.8800969489592245 0.6829907295445385 0.1844881665240947 0.07940346634421605
1 0.5192472198460223 0.4798468359532447 0.9141716566866268 0.10761789600967352
1 0.18306244653550044 0.8010882708585249 0.2748788138009695 0.16807738814993956
1 0.4486740804106074 0.8022974607013301 0.1947533504419732 0.14550584441757355
1 0.6571143427430853 0.7809351068117695 0.15540347875677218 0.11648528819024587
1 0.8756772169945823 0.8010882708585249 0.18192187054462505 0.16324062877871826
1 0.24009124607927004 0.2444578798871423 0.40319361277445115 0.0761789600967352
1 0.7208440262332478 0.24062877871825877 0.3934987168520103 0.12656187021362356
12 0.09224408326204735 0.33373639661426846 0.11890504704875964 0.0951229343006852
12 0.5771314513829484 0.3218460298266828 0.11234673510122613 0.09875050382910118
9 0.09595095523239236 0.5669085046352278 0.13373253493013973 0.0761789600967352
11 0.09951525520387797 0.9201934703748489 0.11234673510122613 0.0951229343006852
13 0.3897918448816653 0.9173720274083031 0.10379241516966069 0.08948004836759371
9 0.6237524950099801 0.9159613059250302 0.09837467921300258 0.09068923821039904
12 0.8360422013116624 0.9270455461507457 0.11234673510122613 0.10399032648125756
10 0.44254348445965214 0.07255139056831923 0.13458796692329628 0.14510278113663846
13 0.31921870544625036 0.07033454252317614 0.14342743085258056 0.14066908504635228
11 0.19689193042486458 0.07416364369205966 0.11719418306244654 0.14832728738411932
12 0.08397490732820075 0.07033454252317614 0.12745936698032506 0.14066908504635228
5 0.2503564299971486 0.27267230955259975 0.48531508411747937 0.2777106005642886
5 0.7402338180781295 0.2783151954856913 0.5189620758483035 0.31076178960096734
4 0.5024237239806102 0.5235792019347038 0.9945822640433419 0.26924627166465137
6 0.44297120045623045 0.8083434099153567 0.24607927003136587 0.37928254735993555
6 0.6618192187054464 0.8099556630390972 0.19503849443969207 0.37928254735993555
6 0.8768177929854577 0.8087464731962919 0.245794126033647 0.3768641676743249
3 0.501996007984032 0.07134220072551391 0.9954376960364986 0.14268440145102781
3 0.501996007984032 0.2712615880693269 0.9954376960364986 0.3071342200725514
3 0.501996007984032 0.5282144296654575 0.9954376960364986 0.2365981459089077
3 0.501996007984032 0.8153970173317211 0.9954376960364986 0.3683998387746876
