7 0.10635871114913031 0.20133010882708585 0.15283718277730254 0.0705360741636437
7 0.43812375249501 0.21221281741233375 0.197034502423724 0.06489318823055219
7 0.6910464784716283 0.22893994357114067 0.1251782149985743 0.07174526400644901
7 0.8927858568577132 0.22551390568319227 0.14029084687767324 0.06247480854494156
7 0.3826632449386941 0.52801289802499 0.6660963786712291 0.10076582023377671
1 0.1585400627316795 0.2954453849254333 0.23838038209295695 0.1064087061668682
1 0.4625035642999715 0.29766223297057637 0.25263758197889935 0.12212817412333737
1 0.7003136583974908 0.31680773881499397 0.14029084687767324 0.10882708585247884
1 0.912888508696892 0.3202337767029424 0.17251211861990307 0.11729141475211609
1 0.4214428286284574 0.6582023377670294 0.7927003136583975 0.16444981862152358
1 0.4664955802680354 0.7239016525594518 0.4682064442543485 0.21926642482869813
12 0.09153122326775022 0.3857315598548972 0.12375249500998005 0.08706166868198308
12 0.3976333048189336 0.07416364369205966 0.11833475905332194 0.14832728738411932
9 0.2781579697747363 0.07476823861346232 0.11662389506700885 0.14953647722692465
9 0.10849729113202168 0.8016928657799275 0.16224693470202453 0.1354292623941959
11 0.05745651554034788 0.07134220072551391 0.11263187909894498 0.14268440145102781
10 0.16353008269175934 0.07255139056831923 0.11890504704875964 0.14510278113663846
11 0.3853721129170231 0.4040709391374446 0.12974051896207586 0.09068923821039904
10 0.6760764185913887 0.4137444578798872 0.11063587111491303 0.08504635227730754
11 0.8665526090675792 0.42321644498186217 0.12603364699173084 0.0951229343006852
6 0.156686626746507 0.3027005239822652 0.313373253493014 0.3264812575574365
6 0.45737097234103224 0.3147924224103184 0.3136583974907328 0.3264812575574365
6 0.7014542343883662 0.3252720677146312 0.20758483033932137 0.3426037887948408
6 0.8887938408896493 0.3297057638049174 0.20758483033932137 0.3426037887948408
4 0.501996007984032 0.6908504635227731 0.9954376960364986 0.471584038694075
3 0.4944396920444825 0.08041112454655382 0.988879384088965 0.16082224909310763
3 0.5049900199600799 0.3297057638049174 0.9894496720844027 0.36920596533655786
3 0.5049900199600799 0.7047561467150343 0.9894496720844027 0.5147118097541314
