1 0.2563444539492444 0.24465941152760984 0.4214428286284574 0.10721483272873841
1 0.7399486740804107 0.2222893994357114 0.4077559167379527 0.07859733978234583
1 0.15240946678072428 0.5177347843611447 0.2249786142001711 0.13663845223700122
1 0.40404904476760767 0.5199516324062878 0.19560878243512975 0.13865376864167675
1 0.6649558026803536 0.5048367593712213 0.18363273453093815 0.1422813381700927
1 0.8843741089250072 0.5447400241837969 0.14913031080695752 0.1769447803305119
1 0.5041345879669233 0.8303103587263201 0.8491588252067295 0.13220475614671504
7 0.4677787282577702 0.7513099556630392 0.8300541773595667 0.07255139056831923
7 0.8832335329341318 0.4276501410721483 0.16224693470202453 0.05965336557839581
7 0.6725121186199031 0.40810157194679564 0.19589392643284861 0.05602579604997985
7 0.4136013686911891 0.41938734381297865 0.23524379811804963 0.05602579604997985
7 0.7522098659823211 0.16162837565497784 0.44197319646421446 0.051592099959693674
8 0.07043056743655547 0.07779121322047562 0.12432278300541774 0.14349052801289802
11 0.08041060735671515 0.9304715840386941 0.0855431993156544 0.0705360741636437
13 0.3488736812090106 0.6420798065296252 0.09039064727687483 0.08303103587263201
10 0.5960935272312519 0.6320032245062475 0.09039064727687483 0.08948004836759371
12 0.833190761334474 0.6757355904877066 0.08953521528371829 0.0826279725916969
9 0.08083832335329343 0.6084240225715437 0.09894496720844027 0.08504635227730754
11 0.5508982035928144 0.300080612656187 0.09523809523809525 0.0705360741636437
12 0.07884231536926148 0.34643288996372434 0.0949529512403764 0.0761789600967352
9 0.27630453378956377 0.0679161628375655 0.09923011120615911 0.135832325675131
13 0.17850014257199887 0.07255139056831923 0.09238665526090677 0.14510278113663846
4 0.25434844596521244 0.2682386134623136 0.48702594810379246 0.27529222087867794
4 0.7449386940404905 0.2573559048770657 0.5095523239235814 0.2769044740024184
6 0.14927288280581694 0.5403063280935108 0.2820074137439407 0.3067311567916163
6 0.41345879669232966 0.5366787585650947 0.2651839178785287 0.34542523176138656
6 0.6569717707442259 0.5378879484079001 0.2651839178785287 0.34542523176138656
6 0.8870829769033363 0.5598548972188634 0.22526375819788996 0.3683998387746876
4 0.5048474479612205 0.8359532446594116 0.9897348160821215 0.31358323256751314
3 0.49957228400342174 0.07577589681580009 0.9991445680068435 0.15155179363160018
3 0.5001425719988595 0.2501007658202338 0.9991445680068435 0.29141475211608225
3 0.5001425719988595 0.542926239419589 0.9991445680068435 0.37968561064087064
3 0.5001425719988595 0.841193067311568 0.9991445680068435 0.28698105602579604
