7 0.1465640148274879 0.17472793228536881 0.2035928143712575 0.04796453043127771
7 0.39677787282577703 0.15276098347440548 0.19247219846022243 0.06690850463522774
7 0.6569717707442259 0.1523579201934704 0.16310236669518108 0.06368399838774688
7 0.8823781009409752 0.14550584441757355 0.1827773025377816 0.07980652962515115
7 0.17735956658112348 0.49596936719064894 0.2651839178785287 0.04796453043127771
1 0.13558597091531224 0.2686416767432487 0.18619903051040776 0.10842402257154374
1 0.39207299686341607 0.27267230955259975 0.1591103507271172 0.09875050382910118
1 0.6602509267179927 0.25534058847239016 0.17422298260621616 0.10197501007658202
1 0.8839463929284289 0.22954453849254333 0.1750784145993727 0.05925030229746071
1 0.42657542058739667 0.5642885933091496 0.7396635300826918 0.09270455461507457
11 0.08996293128029656 0.3746473196291818 0.08696891930424865 0.08504635227730754
10 0.8391787852865698 0.37001209189842804 0.1015112631879099 0.09592906086255543
10 0.3497291132021671 0.3633615477629988 0.0949529512403764 0.08504635227730754
8 0.1857713145138295 0.05965336557839581 0.11548331907613346 0.11930673115679162
9 0.06843455945252352 0.0743651753325272 0.11405759908753922 0.14308746473196293
13 0.6039349871685201 0.3667875856509472 0.09808953521528373 0.09189842805320436
11 0.09666381522668949 0.6823861346231359 0.11177644710578843 0.08948004836759371
6 0.13915027088679785 0.27287384119306735 0.27430852580553183 0.32728738411930675
6 0.41003706871970347 0.2678355501813785 0.26746506986027946 0.3567110036275695
6 0.6541203307670374 0.2690447400241838 0.23895067008839466 0.35832325675131
6 0.8802395209580839 0.26380491737202744 0.23895067008839466 0.35832325675131
4 0.5041345879669233 0.6134623135832326 0.9837467921300257 0.35066505441354295
3 0.501996007984032 0.06106408706166869 0.9920159680638724 0.12212817412333737
3 0.503706871970345 0.2815397017331721 0.9920159680638724 0.3921805723498589
3 0.503706871970345 0.6289802498992342 0.9920159680638724 0.3921805723498589
