7 0.12432278300541774 0.22390165255945185 0.16880524664955804 0.04554615074566707
7 0.3544339891645281 0.19971785570334544 0.08383233532934133 0.053607416364369206
7 0.5680068434559453 0.19709794437726724 0.15454804676361564 0.04594921402660218
7 0.7872825777017395 0.19649334945586458 0.187624750499002 0.05118903667875857
7 0.36056458511548334 0.49556630390971385 0.6344453949244369 0.05602579604997985
7 0.17907043056743657 0.7400241837968561 0.25263758197889935 0.06610237807335752
7 0.6246079270031366 0.7484885126964934 0.4006273167949815 0.07174526400644901
1 0.12090105503279157 0.28879484079000406 0.16310236669518108 0.08424022571543732
1 0.358426005132592 0.2912132204756147 0.16937553464499575 0.10197501007658202
1 0.5822640433418877 0.27650141072148327 0.14827487881380097 0.1064087061668682
1 0.7825777017393785 0.27871825876662637 0.1844881665240947 0.09955663039097139
1 0.4717707442258341 0.5497783151954857 0.8140861134873112 0.04836759371221282
1 0.201739378386085 0.8099556630390972 0.31052181351582553 0.09633212414349053
1 0.6546906187624751 0.8101571946795647 0.4528086683775307 0.09189842805320436
1 0.7177074422583405 0.8665860540104797 0.33818078129455376 0.12898024989923418
10 0.07499287140005703 0.08786779524385328 0.10607356715141147 0.1475211608222491
10 0.18862275449101798 0.08786779524385328 0.1228970630168235 0.1588069326884321
9 0.627744510978044 0.0743651753325272 0.11890504704875964 0.14308746473196293
9 0.3187909894496721 0.3794840790004031 0.09181636726546907 0.06408706166868199
9 0.47918448816652415 0.8778718258766627 0.12118619903051042 0.0951229343006852
12 0.5500427715996579 0.3671906489318823 0.10778443113772455 0.07738814993954052
12 0.7489307100085544 0.37001209189842804 0.10635871114913031 0.08948004836759371
12 0.5161106358711149 0.0739621120515921 0.1157684630738523 0.1422813381700927
11 0.09794696321642431 0.8923821039903265 0.1092101511263188 0.07496977025392987
9 0.11961790704305675 0.6320032245062475 0.13715426290276592 0.08706166868198308
8 0.10407755916737954 0.3778718258766626 0.1283147989734816 0.0939137444578799
13 0.4138865126889079 0.07557436517533253 0.10122611919019106 0.1479242241031842
11 0.2974051896207585 0.06952841596130593 0.12033076703735388 0.13744457879887143
6 0.13145138294838896 0.3127771060056429 0.23838038209295695 0.2821442966545748
6 0.35985172512118624 0.2950423216444982 0.22241231822070148 0.3063280935106812
6 0.572284003421728 0.2898024989923418 0.22241231822070148 0.3063280935106812
6 0.7922725976618192 0.2855703345425232 0.2534930139720559 0.3059250302297461
4 0.47804391217564873 0.5822249093107618 0.9361277445109781 0.2720677146311971
5 0.20159680638722557 0.8228536880290206 0.38494439692044485 0.3123740427247078
5 0.6730824066153408 0.8301088270858525 0.5557456515540349 0.28657799274486095
3 0.47932706016538357 0.08222490931076179 0.9449672084402624 0.15477629987908104
3 0.4814656401482749 0.2928254735993551 0.9577986883376106 0.3067311567916163
3 0.4797547761619618 0.5850463522773076 0.9595095523239237 0.2704554615074567
3 0.4814656401482749 0.8343409915356711 0.9629312802965498 0.3305118903667876
