7 0.16766467065868265 0.14893188230552198 0.23438836612489308 0.05925030229746071
7 0.6658112346735102 0.1392583635630794 0.2931280296549758 0.0761789600967352
7 0.130453378956373 0.4181781539701733 0.17422298260621616 0.08988311164852883
7 0.3525805531793556 0.4191858121725111 0.19418306244653552 0.12091898428053205
7 0.5878243512974053 0.4070939137444579 0.17821499857428003 0.09189842805320436
7 0.8565725691474195 0.4181781539701733 0.22811519817507844 0.08988311164852883
7 0.30424864556601083 0.7114066908504636 0.4790419161676647 0.06932688432083838
1 0.2487881380096949 0.7686416767432487 0.3413173652694611 0.08061265618702136
1 0.31494154548046766 0.4893188230552197 0.14741944682064445 0.06368399838774688
1 0.11291702309666382 0.4909310761789601 0.16652409466780727 0.06932688432083838
1 0.5856857713145138 0.4858927851672713 0.16310236669518108 0.055219669488109635
1 0.7979754776161962 0.5245868601370416 0.14570858283433136 0.11890366787585652
1 0.7311092101511264 0.20999596936719067 0.43341887653264904 0.060459492140266025
1 0.2415169660678643 0.20999596936719067 0.39520958083832336 0.051592099959693674
8 0.10892500712859995 0.2704554615074567 0.11861990305104078 0.10963321241434906
12 0.5747077274023382 0.29443772672309554 0.14399771884801826 0.09068923821039904
13 0.3025377815796978 0.5787988714228134 0.1020815511833476 0.07980652962515115
13 0.5203877958368976 0.5816203143893591 0.10550327915597378 0.09189842805320436
10 0.7678927858568578 0.6078194276501411 0.12033076703735388 0.07738814993954052
11 0.10222412318220703 0.5787988714228134 0.1086398631308811 0.07738814993954052
10 0.11961790704305675 0.865981459089077 0.13715426290276592 0.10761789600967352
9 0.3691189050470488 0.055219669488109635 0.14684915882520674 0.11043933897621927
8 0.21214713430282295 0.055622732769044746 0.14827487881380097 0.11124546553808949
11 0.07171371542629028 0.058645707376058044 0.13145138294838896 0.11406690850463523
5 0.2380952380952381 0.23679967754937525 0.4642144282862846 0.2599758162031439
5 0.7303963501568292 0.2335751713018944 0.5386370116909039 0.28174123337363965
6 0.11847733105218136 0.5060459492140266 0.23125178214998576 0.3147924224103184
6 0.3418876532648988 0.5062474808544942 0.24864556601083548 0.3232567513099557
6 0.5785571713715427 0.5137041515517936 0.26974622184203023 0.3309149536477227
6 0.8310521813515827 0.5211608222490931 0.33732534930139724 0.36920596533655786
4 0.5012831479897348 0.8087464731962919 0.9968634160250928 0.32688432083837166
3 0.5004277159965783 0.06529625151148731 0.9985742800114058 0.13059250302297462
3 0.5004277159965783 0.2349858927851673 0.9985742800114058 0.27650141072148327
3 0.5004277159965783 0.5183393792825474 0.9985742800114058 0.3619508262797259
3 0.5004277159965783 0.8186215235792019 0.9985742800114058 0.3619508262797259
