7 0.21514114627887085 0.20253929866989118 0.3550042771599658 0.10842402257154374
7 0.7801539777587683 0.2154373236598146 0.3604220131166239 0.08988311164852883
7 0.2887082976903336 0.4798468359532447 0.47989734816082125 0.07376058041112454
7 0.15640148274878815 0.7170495767835551 0.24721984602224126 0.06287787182587666
7 0.4076133447390933 0.7271261588069328 0.183917878528657 0.060459492140266025
7 0.6779298545765612 0.7412333736396615 0.22098659823210723 0.07738814993954052
7 0.9066153407470774 0.7535268037081823 0.1394354148845167 0.0769850866586054
1 0.23880809808953524 0.25634824667472794 0.3800969489592244 0.08625554212011285
1 0.7936983176504135 0.30612656187021364 0.32877102936983177 0.09633212414349053
1 0.3989164528086684 0.5530028214429665 0.6621043627031652 0.08625554212011285
1 0.14699173082406616 0.8071342200725514 0.23581408611348734 0.12212817412333737
1 0.41873396065012836 0.8115679161628376 0.2107214143142287 0.11970979443772672
1 0.6852010265183919 0.8238613462313583 0.2035928143712575 0.0951229343006852
1 0.9061876247504991 0.8010882708585249 0.15283718277730254 0.0471584038694075
8 0.08639863130881095 0.35328496573962115 0.11006558311947534 0.0826279725916969
8 0.6609637867122897 0.37283353486497384 0.12033076703735388 0.09270455461507457
11 0.09039064727687483 0.6051995163240629 0.11976047904191618 0.09633212414349053
11 0.09794696321642431 0.9185812172511084 0.13316224693470202 0.08706166868198308
13 0.36241802110065585 0.9107214832728738 0.1283147989734816 0.10519951632406288
13 0.6288850869689193 0.9320838371624346 0.14171656686626746 0.0939137444578799
12 0.8705446250356431 0.9179766223297058 0.09124607927003137 0.09068923821039904
12 0.4113202167094383 0.08202337767029425 0.12859994297120048 0.1640467553405885
9 0.5315084117479327 0.0882708585247884 0.11462788708297691 0.16686819830713423
13 0.28528656971770744 0.073559048770657 0.12917023096663816 0.147118097541314
12 0.17080125463358997 0.07295445384925434 0.12033076703735388 0.14590890769850867
9 0.06601083547191332 0.06972994760177348 0.11605360707157115 0.13945989520354696
5 0.29669232962646136 0.2900040306328094 0.5779868833761049 0.30995566303909716
5 0.78714000570288 0.31096332124143494 0.4251497005988024 0.324465941152761
4 0.5039920159680639 0.5679161628375655 0.9914456800684346 0.28617492946392586
6 0.15226689478186486 0.828093510681177 0.2748788138009695 0.3430068520757759
6 0.40205303678357573 0.828093510681177 0.2748788138009695 0.3430068520757759
6 0.6777872825777018 0.828093510681177 0.2748788138009695 0.3430068520757759
6 0.9000570287995439 0.828093510681177 0.19931565440547477 0.3430068520757759
3 0.49985742800114064 0.08988311164852883 0.9997148560022813 0.1765417170495768
3 0.5004277159965783 0.30088673921805725 0.9985742800114058 0.3607416364369206
3 0.5004277159965783 0.8309149536477227 0.9985742800114058 0.33736396614268443
