7 0.18776732249786143 0.20092704554615076 0.281437125748503 0.05602579604997985
7 0.6625320786997434 0.17291414752116083 0.5671514114627888 0.06690850463522774
7 0.21913316224693472 0.45787988714228134 0.3247790134017679 0.05723498589278517
7 0.15953806672369547 0.694074969770254 0.2249786142001711 0.06368399838774688
7 0.4111776447105789 0.6890366787585651 0.2035928143712575 0.05602579604997985
1 0.48873681209010555 0.48992341797662237 0.8468776732249786 0.05602579604997985
12 0.4337040205303679 0.3448206368399839 0.08383233532934133 0.09552599758162032
12 0.15882520672939837 0.7916162837565498 0.2184203022526376 0.1354292623941959
13 0.36598232107214146 0.8956066102378074 0.10521813515825493 0.08625554212011285
12 0.4087539207299687 0.06529625151148731 0.11320216709438267 0.13059250302297462
12 0.19418306244653552 0.06751309955663039 0.12888508696891932 0.13502619911326078
10 0.09309951525520388 0.9018540910923015 0.0949529512403764 0.09149536477226924
10 0.8530082691759339 0.9081015719467956 0.08982035928143713 0.08141878274889158
9 0.07884231536926148 0.073559048770657 0.13316224693470202 0.147118097541314
12 0.08696891930424865 0.32889963724304716 0.08155118334759054 0.08948004836759371
11 0.10065583119475335 0.5860540104796453 0.09580838323353294 0.09834744054816606
11 0.6047904191616766 0.8905683192261186 0.0855431993156544 0.09633212414349053
5 0.18890789848873682 0.2619911326078194 0.3567151411462789 0.27408303103587267
5 0.6720844026233248 0.2591696896412737 0.6273167949814656 0.2974607013301088
4 0.503706871970345 0.5227730753728336 0.9920159680638724 0.26763401854091096
6 0.15654405474764757 0.8117694478033052 0.2868548617051611 0.3708182184602983
6 0.40932420872540637 0.8141878274889158 0.2626176218990591 0.3708182184602983
6 0.6565440547476477 0.803305118903668 0.2626176218990591 0.3708182184602983
6 0.8889364128885088 0.8141878274889158 0.22155688622754494 0.3708182184602983
3 0.5012831479897348 0.07859733978234583 0.9968634160250928 0.15719467956469166
3 0.5012831479897348 0.2662232970576381 0.9968634160250928 0.31721080209592906
3 0.5012831479897348 0.51894397420395 0.9968634160250928 0.2486900443369609
3 0.5012831479897348 0.8065296251511488 0.9968634160250928 0.38613462313583236
