1 0.44282862845737103 0.22047561467150342 0.7105788423153693 0.04594921402660218
1 0.5822640433418877 0.30733575171301897 0.6455660108354719 0.09633212414349053
1 0.24009124607927004 0.44961708988311166 0.2668947818648418 0.05602579604997985
1 0.7132877102936984 0.4840790004030633 0.3515825491873396 0.04917372027408303
1 0.2207014542343884 0.7400241837968561 0.22811519817507844 0.05239822652156389
1 0.2345309381237525 0.5066505441354293 0.20672939834616483 0.04917372027408303
1 0.1810664385514685 0.8240628778718259 0.142571998859424 0.12212817412333737
1 0.7208440262332478 0.5294236195082628 0.362132877102937 0.06166868198307134
1 0.8645566010835473 0.5967351874244257 0.13800969489592246 0.0882708585247884
1 0.6479897348160821 0.7904070939137445 0.2574850299401198 0.15558242644095124
1 0.8404619332763046 0.7289399435711407 0.1844881665240947 0.05280128980249899
2 0.18947818648417453 0.3274889157597743 0.12118619903051042 0.08988311164852883
2 0.13287710293698318 0.08141878274889158 0.15625891074992873 0.16283756549778317
2 0.2835757057313944 0.07980652962515115 0.17194183062446536 0.1596130592503023
2 0.4492443684060451 0.08786779524385328 0.15483319076133448 0.17492946392583636
2 0.5988023952095809 0.10761789600967352 0.16424294268605646 0.20233776702942363
2 0.2493584260051326 0.5862555421201129 0.27858568577131454 0.1116485288190246
2 0.6573994867408042 0.6112454655380896 0.27858568577131454 0.1116485288190246
2 0.36498431708012546 0.8373639661426845 0.17678927858568577 0.147118097541314
2 0.8711149130310808 0.8232567513099557 0.17678927858568577 0.147118097541314
4 0.5166809238665526 0.2928254735993551 0.9660678642714572 0.28657799274486095
5 0.2677502138579983 0.5366787585650947 0.4414029084687768 0.2777106005642886
5 0.7412318220701455 0.5409109230149134 0.5169660678642715 0.26763401854091096
5 0.26447105788423153 0.8155985489721886 0.42058739663530087 0.3043127771060057
5 0.7365269461077845 0.8220475614671504 0.5263758197889935 0.290608625554212
3 0.5079840319361277 0.09451833937928256 0.9834616481323069 0.18823055219669488
3 0.5059880239520959 0.29665457476823864 0.9874536641003707 0.29020556227327693
3 0.5091246079270032 0.5370818218460298 0.9811804961505561 0.3139862958484482
3 0.5068434559452524 0.8309149536477227 0.9686341602509267 0.33736396614268443
