7 0.15839749073282008 0.19649334945586458 0.2557741659538067 0.09149536477226924
7 0.4214428286284574 0.1825876662636034 0.18477331052181353 0.06610237807335752
7 0.6375819788993442 0.20757758968158002 0.1608212147134303 0.07819427650141073
7 0.8595665811234674 0.24284562676340188 0.20672939834616483 0.0705360741636437
7 0.1710863986313088 0.5092704554615075 0.23838038209295695 0.0705360741636437
7 0.4131736526946108 0.48548972188633616 0.15511833475905334 0.05602579604997985
7 0.6392928428856574 0.5227730753728336 0.1893356144853151 0.07496977025392987
7 0.8217850014257201 0.5513905683192262 0.10436270316509838 0.07416364369205966
1 0.14927288280581694 0.27488915759774285 0.23125178214998576 0.10721483272873841
1 0.425007128599943 0.281136638452237 0.17764471057884232 0.11084240225715437
1 0.634160250926718 0.3006852075775897 0.13629883090960937 0.09834744054816606
1 0.8515825491873397 0.3240628778718259 0.19418306244653552 0.11850060459492141
1 0.17080125463358997 0.635429262394196 0.24864556601083548 0.1479242241031842
1 0.4198745366410037 0.6213220475614671 0.16224693470202453 0.22047561467150342
1 0.6238950670088396 0.6386537686416768 0.1710863986313088 0.19709794437726724
1 0.8692614770459083 0.6533655783958082 0.21699458226404336 0.14993954050785974
13 0.10136869118905048 0.3873438129786377 0.09096093527231253 0.08625554212011285
13 0.7878528656971772 0.4254332930270053 0.071285999429712 0.07537283353486497
8 0.5795551753635586 0.3901652559451834 0.06016538351867694 0.06529625151148731
8 0.07584830339321358 0.07255139056831923 0.12774451097804393 0.14510278113663846
8 0.5615911035072713 0.7855703345425232 0.07043056743655547 0.08061265618702136
11 0.7877102936983177 0.7948407900040306 0.06643855146849159 0.07255139056831923
9 0.08041060735671515 0.7730753728335349 0.10607356715141147 0.08061265618702136
11 0.37624750499001997 0.38008867392180573 0.0801254633589963 0.08061265618702136
11 0.33504419731964646 0.07537283353486497 0.1465640148274879 0.15074566706972994
9 0.2005988023952096 0.06972994760177348 0.12232677502138581 0.13945989520354696
10 0.3497291132021671 0.7736799677549375 0.06643855146849159 0.07295445384925434
6 0.16181921870544627 0.29967754937525193 0.31052181351582553 0.3180169286577993
6 0.4292842885657257 0.29081015719467956 0.23068149415454806 0.31076178960096734
6 0.6353008269175935 0.30552196694881095 0.21442828628457372 0.31680773881499397
6 0.8571428571428572 0.34320838371624346 0.285143997718848 0.3422007255139057
6 0.1561163387510693 0.6656590084643289 0.30652979754776166 0.42523176138653773
6 0.41516966067864275 0.6612253123740428 0.22583404619332764 0.456670697299476
6 0.6328771029369832 0.6739218057234986 0.23524379811804963 0.437726723095526
6 0.8704020530367836 0.6922611850060459 0.25862560593099515 0.42039500201531643
3 0.49985742800114064 0.08424022571543732 0.9997148560022813 0.16848045143087464
3 0.49985742800114064 0.3123740427247078 0.9997148560022813 0.3708182184602983
3 0.49985742800114064 0.682789197904071 0.9997148560022813 0.47642079806529625
