7 0.07641859138865127 0.16606207174526402 0.071285999429712 0.060459492140266025
7 0.3699743370402053 0.1320032245062475 0.19076133447390933 0.050382910116888356
7 0.6016538351867694 0.14288593309149536 0.19503849443969207 0.05602579604997985
7 0.7988309096093528 0.15376864167674326 0.13316224693470202 0.05602579604997985
7 0.12560593099515255 0.4361144699717856 0.15825491873396066 0.05401047964530432
7 0.3802395209580839 0.43208383716243454 0.1827773025377816 0.07738814993954052
7 0.6134873110921015 0.43833131801692865 0.1964642144282863 0.07134220072551391
7 0.8622754491017964 0.42986698911729143 0.22013116623895068 0.06811769447803305
7 0.1335899629312803 0.7353889560661024 0.1964642144282863 0.0705360741636437
7 0.3679783290561734 0.7535268037081823 0.17764471057884232 0.07940346634421605
7 0.6179070430567437 0.7474808544941556 0.20986598232107215 0.05602579604997985
7 0.850014257199886 0.7378073357517131 0.15283718277730254 0.06811769447803305
1 0.12988309096093528 0.23962112051592102 0.17650413458796693 0.10197501007658202
1 0.3646991730824066 0.22168480451430875 0.19161676646706588 0.1128577186618299
1 0.605218135158255 0.2361950826279726 0.197034502423724 0.13301088270858524
1 0.8578557171371544 0.21946795646916567 0.2130025662959795 0.09068923821039904
1 0.142571998859424 0.5205562273276905 0.20986598232107215 0.10439338976219267
1 0.3882235528942116 0.5183393792825474 0.17992586256059312 0.09754131398629586
1 0.6210436270316511 0.5425231761386538 0.19560878243512975 0.14993954050785974
1 0.8591388651268892 0.5255945183393793 0.21385799828913604 0.10963321241434906
1 0.15240946678072428 0.8067311567916163 0.18848018249215856 0.053607416364369206
1 0.3722554890219561 0.8188230552196695 0.17194183062446536 0.11648528819024587
1 0.609923011120616 0.8246674727932286 0.17165668662674652 0.08948004836759371
1 0.8313373253493015 0.8039097138250706 0.08240661534074709 0.05280128980249899
8 0.33675506130595956 0.3176138653768642 0.13401767892785857 0.09270455461507457
8 0.8170801254633591 0.8849254332930271 0.08696891930424865 0.08504635227730754
9 0.1015112631879099 0.33313180169286577 0.08782435129740519 0.08746473196291818
9 0.206444254348446 0.055219669488109635 0.10778443113772455 0.11043933897621927
13 0.8090960935272313 0.31076178960096734 0.0949529512403764 0.10076582023377671
13 0.08511548331907615 0.06287787182587666 0.12688907898488738 0.12575574365175332
13 0.31722269746221843 0.6481257557436518 0.09837467921300258 0.10399032648125756
11 0.09780439121756487 0.6320032245062475 0.1283147989734816 0.10318419991938735
12 0.09067579127459367 0.8996372430471584 0.0872540633019675 0.09189842805320436
10 0.5506130595950955 0.9091092301491335 0.08326204733390363 0.09068923821039904
10 0.327487881380097 0.9173720274083031 0.08867978329056174 0.08061265618702136
9 0.5627316794981466 0.6521563885530028 0.10293698317650414 0.07819427650141073
12 0.7877102936983177 0.6307940346634422 0.07613344739093243 0.08948004836759371
12 0.5553179355574566 0.3258766626360339 0.10065583119475335 0.07940346634421605
6 0.12560593099515255 0.25151148730350664 0.24379811804961507 0.28536880290205563
6 0.362132877102937 0.23780733575171303 0.2634730538922156 0.29343006852075776
6 0.6053607071571144 0.25070536074163646 0.2634730538922156 0.29343006852075776
6 0.8591388651268892 0.24224103184199922 0.28115198175078415 0.29826682789197906
6 0.13915027088679785 0.5441354292623942 0.2566295979469632 0.32567513099556633
6 0.3786712289706302 0.5435308343409916 0.23838038209295695 0.33333333333333337
6 0.611633875106929 0.5491737202740831 0.25719988594240095 0.3317210802095929
6 0.8542914171656687 0.5403063280935108 0.25719988594240095 0.3317210802095929
6 0.142571998859424 0.8337363966142685 0.25719988594240095 0.3317210802095929
6 0.3741089250071286 0.8337363966142685 0.25719988594240095 0.3317210802095929
6 0.613629883090961 0.8337363966142685 0.25719988594240095 0.3317210802095929
6 0.8711149130310808 0.8337363966142685 0.25719988594240095 0.3317210802095929
3 0.5004277159965783 0.0739621120515921 0.9985742800114058 0.1479242241031842
3 0.5004277159965783 0.2384119306731157 0.9985742800114058 0.30995566303909716
3 0.5004277159965783 0.54695687222894 0.9985742800114058 0.3450221684804514
3 0.5004277159965783 0.8270858524788393 0.9985742800114058 0.3450221684804514
