7 0.19689193042486458 0.17110036275695284 0.34530938123752497 0.046352277307537285
7 0.7147134302822926 0.1700927045546151 0.4439692044482464 0.05481660620717453
7 0.0795551753635586 0.3996372430471584 0.10778443113772455 0.050382910116888356
7 0.30111206159110354 0.40346634421604194 0.1465640148274879 0.051592099959693674
7 0.549757627601939 0.407496977025393 0.1465640148274879 0.041112454655380895
7 0.7972626176218991 0.4175735590487707 0.13629883090960937 0.05239822652156389
7 0.3810949529512404 0.6577992744860943 0.6772169945822641 0.07174526400644901
1 0.20031365839749074 0.2198710197501008 0.36355859709153127 0.044740024183796856
1 0.6914741944682065 0.21704957678355502 0.380952380952381 0.06166868198307134
1 0.08796692329626463 0.47924224103184204 0.11662389506700885 0.09754131398629586
1 0.31608212147134307 0.4635227730753729 0.1542629027658968 0.08383716243450222
1 0.547761619617907 0.4524385328496574 0.15226689478186486 0.06166868198307134
1 0.8043912175648703 0.4723901652559452 0.16652409466780727 0.07255139056831923
1 0.44126033646991736 0.7367996775493753 0.7912745936698033 0.11527609834744056
5 0.2219846022241232 0.22632003224506247 0.4439692044482464 0.21160822249093109
5 0.7234103222127175 0.23155985489721886 0.530938123752495 0.22289399435711407
6 0.09466780724265755 0.4798468359532447 0.18078129455374967 0.2551390568319226
6 0.31921870544625036 0.4780330511890367 0.228970630168235 0.2426440951229343
6 0.5650128314798973 0.48085449415558246 0.228970630168235 0.2426440951229343
6 0.807670373538637 0.48125755743651755 0.228970630168235 0.2426440951229343
4 0.4693470202452239 0.7686416767432487 0.9187339606501284 0.32889963724304716
12 0.07100085543199317 0.05542120112857719 0.12033076703735388 0.10278113663845224
12 0.5383518676931851 0.26803708182184605 0.12033076703735388 0.07819427650141073
11 0.3247790134017679 0.04776299879081016 0.10037068719703451 0.09552599758162032
11 0.28400342172797266 0.5257960499798469 0.09980039920159682 0.06489318823055219
11 0.08041060735671515 0.8688029020556227 0.10607356715141147 0.08182184602982669
9 0.06144853150841175 0.5646916565900847 0.07442258340461934 0.06932688432083838
9 0.20915312232677505 0.04957678355501814 0.12118619903051042 0.09915356711003628
13 0.07485029940119761 0.2821442966545748 0.11890504704875964 0.0886739218057235
8 0.5259481037924152 0.5183393792825474 0.10065583119475335 0.06852075775896817
9 0.7482178500142572 0.5390971382507054 0.07927003136583975 0.06972994760177348
3 0.5012831479897348 0.05542120112857719 0.9968634160250928 0.11084240225715437
3 0.501996007984032 0.22511084240225718 0.9954376960364986 0.23417976622329706
3 0.5001425719988595 0.4862958484482064 0.9991445680068435 0.29786376461104397
3 0.49030510407755923 0.7642079806529626 0.9783290561733676 0.32245062474808545
