7 0.16096378671228972 0.18641676743248692 0.2506415739948674 0.0471584038694075
7 0.6973196464214428 0.17634018540910923 0.29170230966638155 0.03829101168883515
7 0.14157399486740804 0.43833131801692865 0.22269746221842032 0.04232164449818622
7 0.40034217279726264 0.43933897621926643 0.1585400627316795 0.05804111245465538
7 0.614627887082977 0.4254332930270053 0.1702309666381523 0.06569931479242241
7 0.8605645851154834 0.42039500201531643 0.19332763045337897 0.060459492140266025
1 0.23823781009409753 0.23297057638049173 0.40975192472198463 0.07496977025392987
1 0.7432278300541774 0.22893994357114067 0.3835186769318506 0.06287787182587666
1 0.1531223267750214 0.5834340991535671 0.22526375819788996 0.24304715840386942
1 0.40504704875962366 0.5800080612656188 0.1536926147704591 0.19347037484885127
1 0.617336755061306 0.5519951632406288 0.20929569432563447 0.18016928657799275
1 0.8608497291132022 0.6156791616283757 0.2035928143712575 0.30995566303909716
10 0.09566581123467352 0.06549778315195486 0.16110635871114914 0.12535268037081823
10 0.0872540633019675 0.30451430874647323 0.09352723125178215 0.06811769447803305
10 0.7897063016823497 0.861950826279726 0.11491303108069575 0.11084240225715437
9 0.24950099800399203 0.055622732769044746 0.1477045908183633 0.11124546553808949
9 0.5641573994867408 0.8720274083031037 0.10293698317650414 0.09068923821039904
9 0.10835471913316226 0.8984280532043531 0.11976047904191618 0.1120515920999597
11 0.3749643570002852 0.882708585247884 0.11234673510122613 0.10076582023377671
11 0.5966638152266895 0.2962515114873035 0.11890504704875964 0.08061265618702136
11 0.3897918448816653 0.06025796049979847 0.10949529512403765 0.12051592099959695
5 0.2516395779868834 0.2529222087867795 0.4987168520102652 0.23417976622329706
5 0.7418021100655832 0.24727932285368803 0.4673510122611919 0.24062877871825877
6 0.1525520387795837 0.6856106408706167 0.28628457370972343 0.6158806932688432
6 0.40205303678357573 0.6817815397017332 0.20872540633019676 0.6283756549778315
6 0.6218990590248076 0.6801692865779928 0.245794126033647 0.6291817815397017
6 0.8560022811519818 0.673317210802096 0.28742514970059885 0.6525594518339379
3 0.4997148560022812 0.06307940346634422 0.9988594240091246 0.12615880693268844
3 0.5002851439977188 0.24727932285368803 0.9988594240091246 0.24062877871825877
3 0.5002851439977188 0.6739218057234986 0.9988594240091246 0.6513502619911327
