7 0.10037068719703451 0.17896009673518742 0.12603364699173084 0.025796049979846837
7 0.6910464784716283 0.18359532446594115 0.30424864556601083 0.055219669488109635
7 0.3376104932991161 0.4149536477226925 0.6056458511548333 0.035872632003224506
7 0.17080125463358997 0.7204756146715035 0.272027373823781 0.03829101168883515
7 0.6387225548902196 0.7239016525594518 0.2532078699743371 0.060459492140266025
1 0.250499001996008 0.23176138653768644 0.4183062446535501 0.07738814993954052
1 0.7449386940404905 0.23297057638049173 0.39606501283147993 0.08383716243450222
1 0.48417450812660395 0.4858927851672713 0.8605645851154834 0.09955663039097139
1 0.25135443398916457 0.8061265618702137 0.40575990875392076 0.1064087061668682
1 0.7155688622754491 0.8093510681176945 0.37724550898203596 0.1064087061668682
9 0.08896492728828059 0.30290205562273276 0.11919019104647847 0.09875050382910118
9 0.06686626746506986 0.05783958081418783 0.11206159110350727 0.11567916162837566
11 0.09224408326204735 0.9113260781942766 0.09096093527231253 0.08141878274889158
11 0.4562303963501569 0.06025796049979847 0.11291702309666382 0.12051592099959695
11 0.5651554034787568 0.30128980249899234 0.071285999429712 0.09955663039097139
13 0.5674365554605076 0.9052801289802499 0.10607356715141147 0.09189842805320436
13 0.3343313373253493 0.055219669488109635 0.11149130310806958 0.11043933897621927
8 0.21100655831194756 0.05904877065699315 0.12375249500998005 0.1180975413139863
8 0.09352723125178215 0.6174929463925837 0.11120615911035074 0.094316807738815
5 0.24736241802110068 0.2519145505844418 0.4850299401197605 0.2410318419991939
5 0.7362418021100656 0.24989923417976623 0.4847447961220417 0.2410318419991939
4 0.4917308240661534 0.5205562273276905 0.9800399201596807 0.3188230552196695
5 0.2469347020245224 0.8244659411527611 0.46535500427716 0.31559854897218864
5 0.7306814941545481 0.8224506247480855 0.506700883946393 0.3180169286577993
3 0.5014257199885943 0.06469165659008465 0.9965782720273739 0.1293833131801693
3 0.5014257199885943 0.2573559048770657 0.9965782720273739 0.2519145505844418
3 0.5014257199885943 0.5209592906086256 0.9965782720273739 0.29786376461104397
3 0.5014257199885943 0.8274889157597743 0.9965782720273739 0.32083837162434503
