7 0.08867978329056174 0.21382507053607416 0.071285999429712 0.03909713825070536
7 0.7111491303108071 0.20697299476017736 0.3051040775591674 0.06166868198307134
7 0.1720844026233248 0.5894800483675937 0.2409466780724266 0.07376058041112454
1 0.26675220986598236 0.31136638452237003 0.4319931565440548 0.13986295848448208
1 0.7492158540062732 0.3079403466344216 0.37952666096378673 0.11769447803305119
1 0.5086968919304249 0.6841999193873438 0.91588252067294 0.22289399435711407
5 0.27872825777017396 0.32849657396211207 0.5078414599372684 0.34744054816606207
5 0.7630453378956373 0.3313180169286578 0.47333903621328777 0.34582829504232165
4 0.5101226119190192 0.7247077791213221 0.9791844881665241 0.43369609028617495
12 0.08882235528942116 0.0761789600967352 0.14285714285714288 0.11769447803305119
8 0.22455089820359284 0.06751309955663039 0.1394354148845167 0.13502619911326078
11 0.3853721129170231 0.07496977025392987 0.1536926147704591 0.12656187021362356
12 0.11320216709438267 0.4445787988714228 0.14371257485029942 0.09754131398629586
8 0.6311662389506701 0.43591293833131806 0.15768463073852296 0.11648528819024587
11 0.11705161106358712 0.8681983071342201 0.14057599087539208 0.10963321241434906
3 0.5041345879669233 0.0765820233776703 0.9911605360707157 0.1531640467553406
3 0.5041345879669233 0.36497380088673925 0.9911605360707157 0.4308746473196292
3 0.5041345879669233 0.7047561467150343 0.9911605360707157 0.4308746473196292
