7 0.27345309381237526 0.20314389359129384 0.41859138865126894 0.07174526400644901
7 0.17878528656971773 0.494155582426441 0.21499857428001143 0.04917372027408303
7 0.1353008269175934 0.7428456267634019 0.1531223267750214 0.06529625151148731
7 0.3614200171086399 0.7390165255945184 0.1377245508982036 0.06811769447803305
7 0.5839749073282008 0.7708585247883918 0.12204163102366695 0.06731156791616284
7 0.8140861134873112 0.7730753728335349 0.1305959509552324 0.06690850463522774
1 0.24137439406900488 0.5570334542523177 0.3464499572284004 0.06287787182587666
1 0.1400057028799544 0.8162031438935913 0.14827487881380097 0.06126561870213624
1 0.38480182492158543 0.8083434099153567 0.18619903051040776 0.06811769447803305
1 0.6035072711719419 0.8452237001209191 0.15939549472483605 0.05239822652156389
1 0.8186484174508127 0.8536880290205563 0.142571998859424 0.060459492140266025
1 0.31665240946678075 0.2859733978234583 0.5078414599372684 0.06489318823055219
10 0.09324208725406331 0.0739621120515921 0.14371257485029942 0.1285771866182991
10 0.10393498716852011 0.3788794840790004 0.12061591103507271 0.10963321241434906
10 0.7828628457370973 0.9214026602176542 0.10635871114913031 0.10157194679564692
9 0.23552894211576847 0.07879887142281339 0.1442828628457371 0.15437323659814592
8 0.6365839749073282 0.07940346634421605 0.12631879098944968 0.12898024989923418
8 0.3319076133447391 0.9056831922611851 0.09580838323353294 0.10399032648125756
13 0.5089820359281437 0.07678355501813786 0.12375249500998005 0.14550584441757355
12 0.38366124893071 0.08282950423216445 0.14570858283433136 0.13986295848448208
12 0.11149130310806958 0.6253526803708183 0.11348731109210151 0.10278113663845224
13 0.10906757912745937 0.8978234582829505 0.0943826632449387 0.11326078194276502
11 0.5705731394354149 0.9191858121725112 0.12204163102366695 0.11084240225715437
4 0.5062731679498147 0.3006852075775897 0.9823210721414315 0.3200322450624748
4 0.50741374394069 0.5757758968158001 0.9846022241231823 0.27932285368802906
6 0.14984317080125464 0.8313180169286578 0.2380952380952381 0.3043127771060057
6 0.38608497291132027 0.8301088270858525 0.2503564299971486 0.30028214429665456
6 0.6083547191331623 0.8460298266827893 0.21642429426860565 0.3071342200725514
6 0.8595665811234674 0.8480451430874648 0.28029654975762763 0.2910116888351471
3 0.5014257199885943 0.07517130189439743 0.9965782720273739 0.14953647722692465
3 0.5014257199885943 0.29443772672309554 0.9965782720273739 0.30350665054413545
3 0.5014257199885943 0.5777912132204757 0.9965782720273739 0.30350665054413545
3 0.5014257199885943 0.8478436114469973 0.9965782720273739 0.30350665054413545
