7 0.16538351867693185 0.19568722289399437 0.2178500142571999 0.08182184602982669
7 0.14870259481037926 0.5211608222490931 0.20558882235528944 0.04514308746473197
7 0.6288850869689193 0.5372833534864974 0.22098659823210723 0.08625554212011285
7 0.11462788708297691 0.7891979040709391 0.13572854291417166 0.06368399838774688
7 0.35742800114057605 0.7922208786779524 0.13145138294838896 0.06731156791616284
7 0.5896777872825778 0.7988714228133817 0.1283147989734816 0.05804111245465538
7 0.8485885372112918 0.7966545747682386 0.13287710293698318 0.04232164449818622
1 0.3895067008839464 0.27811366384522374 0.6472768748217851 0.08061265618702136
1 0.19589392643284861 0.5967351874244257 0.2885657256914742 0.06569931479242241
1 0.7211291702309667 0.6011688835147119 0.4231536926147705 0.0769850866586054
1 0.15297975477616196 0.8520757758968158 0.1936127744510978 0.05481660620717453
1 0.3833761049329912 0.8593309149536478 0.14970059880239522 0.05804111245465538
1 0.6273167949814656 0.863764611043934 0.18306244653550044 0.05401047964530432
1 0.857428001140576 0.8698105602579606 0.15055603079555177 0.05481660620717453
13 0.12303963501568294 0.38230552196694884 0.1365839749073282 0.09875050382910118
12 0.08796692329626463 0.06952841596130593 0.10749928714000571 0.11084240225715437
11 0.20501853435985173 0.05461507456670697 0.14371257485029942 0.10923014913341395
11 0.5741374394069005 0.9332930270052399 0.08468776732249787 0.06489318823055219
10 0.3441688052466496 0.05965336557839581 0.13287710293698318 0.11930673115679162
10 0.5662959794696322 0.6789600967351874 0.10550327915597378 0.09633212414349053
10 0.8193612774451099 0.9326884320838372 0.10122611919019106 0.07255139056831923
8 0.10749928714000571 0.9236195082627973 0.12147134302822926 0.0769850866586054
9 0.4861705161106359 0.07114066908504635 0.13857998289136014 0.13905683192261187
8 0.10279441117764472 0.6644498186215236 0.09780439121756487 0.07859733978234583
9 0.32777302537781583 0.9292623941958887 0.09096093527231253 0.08585247883917775
4 0.49714856002281155 0.2954453849254333 0.9595095523239237 0.3482466747279323
5 0.25206729398346167 0.5939137444578799 0.4693470202452239 0.26642482869810563
5 0.742087254063302 0.6045949214026602 0.5152552038779584 0.28536880290205563
6 0.15027088679783293 0.8553002821442967 0.24978614200171087 0.27650141072148327
6 0.37553464499572287 0.8617492946392584 0.23895067008839466 0.2756952841596131
6 0.6177644710578842 0.8706166868198307 0.24950099800399203 0.25796049979846836
6 0.8617051611063588 0.8694074969770255 0.23039635015682922 0.25957275292220877
3 0.5065583119475335 0.07678355501813786 0.9863130881094954 0.1535671100362757
3 0.5065583119475335 0.3006852075775897 0.9863130881094954 0.36275695284159615
3 0.5065583119475335 0.5953244659411527 0.9863130881094954 0.30874647319629184
3 0.5065583119475335 0.8667875856509473 0.9863130881094954 0.2656187021362354
