7 0.21086398631308811 0.18581217251108426 0.2962646136298831 0.04594921402660218
7 0.1561163387510693 0.5098750503829101 0.20615911035072712 0.05804111245465538
7 0.7239806102081552 0.5278113663845224 0.33818078129455376 0.07859733978234583
7 0.12204163102366695 0.8067311567916163 0.1602509267179926 0.04232164449818622
7 0.5899629312802966 0.7887948407900041 0.13401767892785857 0.037887948407900045
7 0.855717137154263 0.7932285368802903 0.17907043056743657 0.04514308746473197
1 0.5158254918733961 0.25634824667472794 0.8873681209010551 0.09754131398629586
1 0.24721984602224126 0.5721483272873842 0.3741089250071286 0.0882708585247884
1 0.7428001140575992 0.5904877065699315 0.40319361277445115 0.08303103587263201
1 0.6186199030510409 0.847037484885127 0.18619903051040776 0.0826279725916969
1 0.881950384944397 0.8480451430874648 0.2013116623895067 0.06287787182587666
1 0.36341602509267185 0.8178153970173317 0.16566866267465072 0.10318419991938735
1 0.1311662389506701 0.8621523579201935 0.16424294268605646 0.05723498589278517
9 0.09923011120615911 0.06650544135429262 0.14143142286854862 0.12333736396614269
9 0.08197889934416881 0.9393389762192664 0.07670373538637013 0.0882708585247884
9 0.8283433133732535 0.9157597742845627 0.09751924721984603 0.07738814993954052
12 0.5745651554034789 0.9308746473196292 0.09523809523809525 0.08504635227730754
12 0.3639863130881095 0.06207174526400645 0.1103507271171942 0.11608222490931076
12 0.1407185628742515 0.37726723095526 0.1673795266609638 0.11769447803305119
8 0.08682634730538923 0.6789600967351874 0.08639863130881095 0.08504635227730754
8 0.33974907328200743 0.9288593309149537 0.09267179925862562 0.09633212414349053
8 0.2462218420302253 0.06731156791616284 0.12917023096663816 0.12656187021362356
4 0.5027088679783291 0.29967754937525193 0.9940119760479043 0.38089480048367597
5 0.2547761619617907 0.6068117694478034 0.4890219560878244 0.2720677146311971
5 0.7331052181351583 0.6080209592906086 0.48873681209010555 0.2720677146311971
6 0.1400057028799544 0.8718258766626361 0.24009124607927004 0.2555421201128577
6 0.3716852010265184 0.8673921805723499 0.2398061020815512 0.2555421201128577
6 0.6189050470487597 0.8698105602579606 0.2398061020815512 0.2555421201128577
6 0.8733960650128315 0.8698105602579606 0.24009124607927004 0.2555421201128577
3 0.5032791559737668 0.07799274486094317 0.9928714000570289 0.15598548972188633
3 0.5032791559737668 0.3047158403869408 0.9928714000570289 0.3821039903264813
3 0.5032791559737668 0.6027811366384522 0.9928714000570289 0.2946392583635631
3 0.5032791559737668 0.8520757758968158 0.9928714000570289 0.2950423216444982
