7 0.10664385514684917 0.24244256348246676 0.13401767892785857 0.06731156791616284
7 0.3353293413173653 0.21604191858121727 0.10436270316509838 0.05723498589278517
7 0.5427715996578273 0.19488109633212417 0.09666381522668949 0.0705360741636437
7 0.815369261477046 0.19649334945586458 0.1662389506700884 0.0826279725916969
7 0.19846022241231823 0.5675130995566304 0.2783005417735957 0.06368399838774688
7 0.5527516395779869 0.5439338976219267 0.2255489021956088 0.0705360741636437
1 0.13686911890504705 0.27932285368802906 0.17222697462218423 0.037887948407900045
1 0.3733960650128315 0.2636033857315599 0.14114627887082978 0.05401047964530432
1 0.5650128314798973 0.28073357517130193 0.1536926147704591 0.07859733978234583
1 0.8162246934702025 0.27650141072148327 0.151981750784146 0.06610237807335752
1 0.8614200171086399 0.3059250302297461 0.071285999429712 0.06852075775896817
1 0.19860279441117765 0.6442966545747683 0.2403763900769889 0.0826279725916969
1 0.26333048189335617 0.6920596533655784 0.14570858283433136 0.08625554212011285
1 0.5587396635300828 0.6243450221684804 0.2249786142001711 0.08625554212011285
1 0.6375819788993442 0.6975010076582023 0.18135158254918735 0.10842402257154374
9 0.06772169945822641 0.0761789600967352 0.11320216709438267 0.10882708585247884
12 0.18562874251497008 0.07718661829907296 0.1317365269461078 0.11970979443772672
12 0.30966638152266895 0.06892382103990327 0.11177644710578843 0.12333736396614269
12 0.33147989734816086 0.356509471987102 0.0949529512403764 0.07859733978234583
12 0.49258625605931 0.7349858927851673 0.09723410322212718 0.09875050382910118
11 0.7690333618477332 0.35328496573962115 0.08497291132021671 0.0826279725916969
8 0.09880239520958084 0.3694074969770254 0.09780439121756487 0.08182184602982669
10 0.5273738237810095 0.3498589278516727 0.08639863130881095 0.06690850463522774
10 0.42728828058169377 0.06952841596130593 0.1251782149985743 0.12212817412333737
10 0.1300256629597947 0.7349858927851673 0.11291702309666382 0.0939137444578799
6 0.13587111491303108 0.3091495364772269 0.24664955802680355 0.2789197904070939
6 0.361134873110921 0.2984683595324466 0.20216709438266325 0.28174123337363965
6 0.5714285714285715 0.2841596130592503 0.22013116623895068 0.30390971382507054
6 0.8092386655260907 0.2777106005642886 0.22013116623895068 0.30390971382507054
5 0.21157684630738524 0.6521563885530028 0.3473053892215569 0.32889963724304716
5 0.5849729113202168 0.6469165659008465 0.34702024522383806 0.32889963724304716
3 0.49401197604790426 0.06711003627569528 0.9737667522098661 0.12454655380894801
3 0.5018534359851725 0.29343006852075776 0.9518106643855148 0.3232567513099557
3 0.4978614200171087 0.6436920596533656 0.9894496720844027 0.41031841999193874
