7 0.11348731109210151 0.15840386940749698 0.1477045908183633 0.05804111245465538
1 0.32549187339606506 0.18359532446594115 0.1228970630168235 0.09310761789600967
1 0.5734245794126034 0.19367190648931884 0.14827487881380097 0.10197501007658202
1 0.7706016538351869 0.19588875453446192 0.13088109495295125 0.07496977025392987
7 0.18505845451953237 0.3879484079000403 0.2480752780153978 0.05118903667875857
1 0.3661248930710009 0.44881096332124143 0.6102081551183348 0.09068923821039904
7 0.125748502994012 0.7120112857718662 0.11519817507841461 0.06811769447803305
7 0.49458226404334193 0.6852075775896816 0.2534930139720559 0.06368399838774688
1 0.14984317080125464 0.7775090689238211 0.14741944682064445 0.08948004836759371
1 0.5317935557456516 0.7345828295042321 0.30111206159110354 0.05925030229746071
10 0.07014542343883662 0.05219669488109634 0.11633875106929 0.09633212414349053
10 0.5496150556030795 0.058847239016525596 0.11320216709438267 0.09189842805320436
10 0.652979754776162 0.05642885933091495 0.10949529512403765 0.10963321241434906
10 0.1103507271171942 0.5576380491737203 0.103222127174223 0.0882708585247884
10 0.42044482463644145 0.8381700927045547 0.09267179925862562 0.0761789600967352
12 0.19974337040205306 0.05199516324062878 0.12232677502138581 0.10076582023377671
12 0.07413743940690048 0.23941958887545345 0.07356715141146279 0.07496977025392987
12 0.12261191901910466 0.8704151551793632 0.09923011120615911 0.06731156791616284
8 0.30610208155118335 0.2613865376864168 0.08411747932706017 0.07134220072551391
13 0.7298260621613916 0.27488915759774285 0.08240661534074709 0.06932688432083838
11 0.4319931565440548 0.06146715034260379 0.11405759908753922 0.11970979443772672
11 0.5183917878528658 0.2625957275292221 0.06501283147989735 0.06489318823055219
9 0.3146564014827488 0.05461507456670697 0.11890504704875964 0.10923014913341395
6 0.11477045908183633 0.22450624748085451 0.2124322783005418 0.22168480451430875
6 0.567579127459367 0.2305521966948811 0.2112917023096664 0.22732769044740025
6 0.33732534930139724 0.22249093107617898 0.2178500142571999 0.22732769044740025
6 0.7820074137439408 0.24083031035872632 0.20273738237810096 0.24062877871825877
4 0.46264613629883095 0.4987908101571947 0.8905047048759624 0.3067311567916163
5 0.18562874251497008 0.7910116888351472 0.317080125463359 0.32043530834340994
5 0.6177644710578842 0.7863764611043934 0.5614485315084118 0.3022974607013301
3 0.5014257199885943 0.05925030229746071 0.9965782720273739 0.11850060459492141
3 0.5014257199885943 0.22652156388553005 0.9965782720273739 0.23297057638049173
3 0.5014257199885943 0.494155582426441 0.9965782720273739 0.3184199919387344
3 0.5014257199885943 0.7982668278919791 0.9965782720273739 0.3478436114469972
