7 0.17122897063016826 0.20052398226521564 0.2694610778443114 0.06166868198307134
7 0.7278300541773596 0.13139862958484483 0.33504419731964646 0.051592099959693674
7 0.09994297120045624 0.4975816203143894 0.1508411747932706 0.07376058041112454
7 0.35300826917593386 0.4524385328496574 0.22412318220701455 0.04554615074566707
7 0.6323068149415455 0.43107617896009676 0.17593384659252925 0.056831922611850064
7 0.8779583689763332 0.45183393792825477 0.1870544625035643 0.10076582023377671
7 0.14513829483889365 0.749093107617896 0.2013116623895067 0.09955663039097139
1 0.5908183632734532 0.7293430068520758 0.6706586826347306 0.0939137444578799
1 0.2492158540062732 0.25755743651753327 0.4191616766467066 0.04353083434099154
1 0.31665240946678075 0.5032245062474808 0.12745936698032506 0.053607416364369206
5 0.2569147419446821 0.26118500604594924 0.5138294838893642 0.2885933091495365
5 0.7496435700028515 0.23337363966142685 0.47504990019960086 0.29343006852075776
6 0.11063587111491303 0.5330511890366788 0.22127174222982607 0.24304715840386942
6 0.36498431708012546 0.5304312777106006 0.30054177359566586 0.26118500604594924
6 0.6442828628457371 0.5199516324062878 0.24550898203592816 0.2893994357114067
6 0.878956372968349 0.5205562273276905 0.2415169660678643 0.2809351068117695
4 0.5034217279726262 0.8067311567916163 0.9925862560593101 0.31559854897218864
11 0.08212147134302823 0.06932688432083838 0.16253207869974337 0.12898024989923418
11 0.10906757912745937 0.5844417573559049 0.10407755916737954 0.09754131398629586
8 0.24707727402338184 0.05642885933091495 0.18790989449672085 0.1120515920999597
8 0.0968063872255489 0.34320838371624346 0.13031080695751354 0.08504635227730754
10 0.11819218705446251 0.8849254332930271 0.11776447105788423 0.11648528819024587
10 0.8403193612774452 0.5920999596936719 0.08953521528371829 0.08625554212011285
13 0.307670373538637 0.5995566303909714 0.12375249500998005 0.08746473196291818
13 0.5761334473909324 0.582627972591697 0.0949529512403764 0.0939137444578799
12 0.6117764471057885 0.2910116888351471 0.1377245508982036 0.10882708585247884
9 0.4345594525235244 0.06569931479242241 0.16766467065868265 0.13139862958484483
3 0.49957228400342174 0.06731156791616284 0.9940119760479043 0.13462313583232569
3 0.49985742800114064 0.2392180572349859 0.9980039920159681 0.32043530834340994
3 0.500998003992016 0.5229746070133011 0.9974337040205304 0.3059250302297461
3 0.500998003992016 0.7912132204756147 0.9974337040205304 0.3184199919387344
