7 0.13244938694040492 0.25594518339379285 0.1382948388936413 0.060459492140266025
7 0.36498431708012546 0.24123337363966144 0.18306244653550044 0.08504635227730754
7 0.5777017393783861 0.24304715840386942 0.10778443113772455 0.09754131398629586
7 0.8085258055317937 0.220677146311971 0.08639863130881095 0.09068923821039904
7 0.10593099515255204 0.6902458686013705 0.08810949529512405 0.11648528819024587
7 0.3738237810094098 0.6694881096332125 0.1750784145993727 0.10157194679564692
7 0.5952380952380952 0.6291817815397017 0.13316224693470202 0.03466344216041919
7 0.7986883376104934 0.6426844014510278 0.16481323068149417 0.08424022571543732
1 0.15027088679783293 0.3297057638049174 0.1608212147134303 0.08544941555824265
1 0.37467921300256635 0.337565497783152 0.16709438266324494 0.09149536477226924
1 0.6196179070430567 0.32204756146715036 0.14884516680923868 0.060459492140266025
1 0.8252067293983463 0.32305521966948814 0.09751924721984603 0.0826279725916969
1 0.1542629027658968 0.7775090689238211 0.15169660678642716 0.07416364369205966
1 0.3912175648702595 0.7805320435308344 0.15112631879098945 0.09068923821039904
1 0.5999429712004563 0.7059653365578397 0.09523809523809525 0.0761789600967352
1 0.8581408611348732 0.7331721080209593 0.21870544625035646 0.06610237807335752
13 0.08411747932706017 0.4445787988714228 0.071285999429712 0.0951229343006852
8 0.07171371542629028 0.09351068117694479 0.11662389506700885 0.14993954050785974
10 0.22440832620473342 0.08403869407496978 0.174508126603935 0.16243450221684805
10 0.5710008554319932 0.42261185006045954 0.07214143142286855 0.09149536477226924
10 0.125748502994012 0.8823055219669489 0.09466780724265755 0.10882708585247884
11 0.330196749358426 0.4439742039500202 0.10550327915597378 0.09875050382910118
11 0.5785571713715427 0.8139862958484483 0.06159110350727118 0.0882708585247884
12 0.8011120615911036 0.42099959693671907 0.061876247504990024 0.07295445384925434
12 0.3544339891645281 0.8694074969770255 0.09352723125178215 0.08706166868198308
9 0.769318505845452 0.8417976622329706 0.09352723125178215 0.09955663039097139
6 0.1364414029084688 0.35489721886336156 0.21870544625035646 0.38653768641676745
6 0.36341602509267185 0.34159613059250304 0.23866552609067582 0.39298669891172916
6 0.6154833190761335 0.32950423216444985 0.23866552609067582 0.39298669891172916
6 0.8376104932991161 0.31942765014107216 0.23866552609067582 0.39298669891172916
6 0.1400057028799544 0.7507053607416365 0.23895067008839466 0.39298669891172916
6 0.3716852010265184 0.7611850060459493 0.23866552609067582 0.39298669891172916
6 0.6012261191901911 0.7440548166062072 0.197034502423724 0.43208383716243454
6 0.8388936412888509 0.7361950826279726 0.3216424294268606 0.39137444578798875
3 0.5022811519817508 0.08847239016525595 0.9948674080410608 0.17613865376864168
3 0.5022811519817508 0.3174123337363966 0.9903051040775592 0.4365175332527207
3 0.5002851439977188 0.7460701330108828 0.9988594240091246 0.4183796856106409
