7 0.08753920729968635 0.18319226118500606 0.10037068719703451 0.0761789600967352
7 0.34445394924436845 0.17674324869004435 0.11976047904191618 0.06166868198307134
7 0.565868263473054 0.1890366787585651 0.13487311092101512 0.039500201531640466
7 0.7674650698602795 0.2132204756146715 0.09723410322212718 0.042724707779121324
7 0.2516395779868834 0.41092301491334143 0.3749643570002852 0.05280128980249899
1 0.3230681494154548 0.21946795646916567 0.07527801539777589 0.041515517936316006
1 0.08083832335329343 0.21604191858121727 0.08069575135443399 0.04836759371221282
1 0.5293698317650414 0.23458282950423218 0.06016538351867694 0.05804111245465538
1 0.768320501853436 0.260378879484079 0.08639863130881095 0.042724707779121324
1 0.17365269461077845 0.460298266827892 0.2172797262617622 0.04594921402660218
13 0.08212147134302823 0.2938331318016929 0.07527801539777589 0.06932688432083838
13 0.06900484744796123 0.06166868198307134 0.09352723125178215 0.10399032648125756
9 0.7516395779868834 0.3319226118500605 0.07698887938408897 0.06972994760177348
12 0.17764471057884232 0.06449012494961709 0.11120615911035074 0.1120515920999597
11 0.30952380952380953 0.2855703345425232 0.07214143142286855 0.05925030229746071
10 0.5346449957228401 0.2972591696896413 0.05930995152552039 0.05844417573559049
8 0.13487311092101512 0.6370415155179363 0.08098089535215285 0.08585247883917775
6 0.13758197889934418 0.23679967754937525 0.228970630168235 0.2349858927851673
6 0.3638437410892501 0.23800886739218058 0.22868548617051612 0.2349858927851673
6 0.5882520672939835 0.2460701330108827 0.22868548617051612 0.2349858927851673
6 0.7944111776447106 0.2746876259572753 0.22868548617051612 0.2349858927851673
4 0.4629312802965498 0.5374848851269649 0.8979184488166525 0.35268037081821846
3 0.4984317080125464 0.06025796049979847 0.9808953521528373 0.12051592099959695
3 0.5042771599657827 0.24667472793228537 0.9863130881094954 0.2668278919790407
3 0.5065583119475335 0.5501813784764208 0.9863130881094954 0.3788794840790004
