7 0.1591103507271172 0.2486900443369609 0.2207014542343884 0.08141878274889158
7 0.5135443398916453 0.23458282950423218 0.2629027658967779 0.05804111245465538
7 0.39863130881094955 0.545143087464732 0.6084972911320217 0.09955663039097139
1 0.17165668662674652 0.3196291817815397 0.14200171086398633 0.04917372027408303
1 0.5424864556601084 0.3027005239822652 0.26832050185343603 0.051592099959693674
1 0.36256059309951527 0.7003224506247481 0.4987168520102652 0.18823055219669488
9 0.16181921870544627 0.09250302297460701 0.11092101511263189 0.13825070536074163
9 0.10279441117764472 0.4248286981056026 0.08810949529512405 0.08706166868198308
11 0.41459937268320507 0.08948004836759371 0.13458796692329628 0.13301088270858524
11 0.4458226404334189 0.41475211608222495 0.11491303108069575 0.09189842805320436
10 0.17550613059595097 0.8760580411124547 0.11833475905332194 0.09633212414349053
13 0.28115198175078415 0.09189842805320436 0.11976047904191618 0.12656187021362356
12 0.05431993156544055 0.08968158000806127 0.09894496720844027 0.1422813381700927
5 0.17408041060735674 0.3301088270858525 0.3447390932420873 0.3079403466344216
5 0.5246649558026804 0.32365981459089077 0.3661248930710009 0.2990729544538493
4 0.42115768463073855 0.7261185006045949 0.7676076418591389 0.490528012898025
3 0.500998003992016 0.08383716243450222 0.9974337040205304 0.16444981862152358
3 0.500998003992016 0.33373639661426846 0.9974337040205304 0.32567513099556633
3 0.500998003992016 0.7245062474808546 0.9974337040205304 0.5066505441354293
