7 0.2445109780439122 0.18984280532043532 0.4285714285714286 0.11850060459492141
7 0.6478471628172228 0.15114873035066506 0.25092671799258626 0.05239822652156389
7 0.12888508696891932 0.4131398629584845 0.16424294268605646 0.04594921402660218
7 0.3681209010550328 0.407496977025393 0.18135158254918735 0.04594921402660218
7 0.6073567151411463 0.398024989923418 0.16709438266324494 0.05118903667875857
7 0.8142286854861706 0.40689238210399037 0.10065583119475335 0.05602579604997985
7 0.4761904761904762 0.6767432486900443 0.8793840889649274 0.08948004836759371
1 0.7352437981180496 0.21604191858121727 0.42457941260336474 0.09754131398629586
1 0.12959794696321644 0.4647319629181782 0.1673795266609638 0.05481660620717453
1 0.3726832050185344 0.45908907698508666 0.17907043056743657 0.05239822652156389
1 0.6010835471913317 0.4465941152760984 0.13401767892785857 0.04030632809351068
1 0.831194753350442 0.43933897621926643 0.13800969489592246 0.04030632809351068
1 0.46264613629883095 0.7541313986295849 0.8129455374964357 0.1120515920999597
13 0.17564870259481039 0.0532043530834341 0.11976047904191618 0.10318419991938735
13 0.09124607927003137 0.29484079000403063 0.12546335899629313 0.08504635227730754
13 0.5618762475049901 0.5062474808544942 0.08867978329056174 0.07819427650141073
8 0.0943826632449387 0.867795243853285 0.11919019104647847 0.0951229343006852
8 0.7924151696606787 0.4915356711003628 0.08098089535215285 0.05925030229746071
8 0.570287995437696 0.2581620314389359 0.11177644710578843 0.08504635227730754
8 0.06458511548331908 0.05602579604997985 0.09894496720844027 0.1064087061668682
9 0.30610208155118335 0.058242644095122934 0.11092101511263189 0.09310761789600967
9 0.31665240946678075 0.5173317210802096 0.0784145993726832 0.0705360741636437
8 0.07171371542629028 0.5368802902055623 0.08183632734530939 0.07819427650141073
5 0.25734245794126037 0.228335348649738 0.4856002281151982 0.24062877871825877
5 0.7329626461362989 0.22269246271664653 0.47989734816082125 0.2543329302700524
6 0.12717422298260622 0.48307134220072556 0.23552894211576847 0.2349858927851673
6 0.3749643570002852 0.4742039500201532 0.23895067008839466 0.23740427247077792
6 0.6230396350156829 0.4689641273679968 0.23895067008839466 0.23740427247077792
6 0.853721129170231 0.46614268440145107 0.23895067008839466 0.23740427247077792
4 0.49116053607071575 0.760378879484079 0.9697747362418022 0.3123740427247078
3 0.5007128599942972 0.06146715034260379 0.9934416880524666 0.12293430068520758
3 0.502994011976048 0.21825876662636035 0.9934416880524666 0.24546553808948005
3 0.502994011976048 0.477428456267634 0.9934416880524666 0.2777106005642886
3 0.502994011976048 0.7948407900040306 0.9934416880524666 0.3821039903264813
