1 0.17293983461648132 0.22611850060459493 0.22041631023666955 0.10882708585247884
1 0.51981750784146 0.21825876662636035 0.2629027658967779 0.07940346634421605
1 0.8525805531793557 0.24062877871825877 0.24237239806102084 0.08625554212011285
1 0.25363558597091534 0.5066505441354293 0.3441688052466496 0.08948004836759371
1 0.7275449101796407 0.5195485691253527 0.4103222127174223 0.11769447803305119
1 0.17850014257199887 0.77347843611447 0.22526375819788996 0.06610237807335752
1 0.4406900484744796 0.8027005239822652 0.13145138294838896 0.09713825070536075
1 0.648274878813801 0.7972591696896413 0.1092101511263188 0.04594921402660218
1 0.8550042771599659 0.796049979846836 0.08240661534074709 0.05965336557839581
10 0.3863701169090391 0.07456670697299476 0.1465640148274879 0.10076582023377671
13 0.20230966638152267 0.6027811366384522 0.08867978329056174 0.08101571946795648
13 0.6260336469917309 0.8460298266827893 0.08411747932706017 0.060459492140266025
2 0.10193897918448817 0.06650544135429262 0.13430282292557744 0.10076582023377671
2 0.23396065012831482 0.06831922611850061 0.12974051896207586 0.10842402257154374
2 0.11305959509552325 0.3234582829504232 0.11206159110350727 0.0705360741636437
2 0.4173082406615341 0.3196291817815397 0.09096093527231253 0.05804111245465538
2 0.10792700313658399 0.6086255542120114 0.09039064727687483 0.08061265618702136
2 0.5752780153977759 0.6158806932688432 0.11890504704875964 0.08383716243450222
2 0.11890504704875964 0.8653768641676743 0.11120615911035074 0.08383716243450222
2 0.40461933276304535 0.875453446191052 0.09124607927003137 0.06852075775896817
2 0.8534359851725122 0.8675937122128174 0.09181636726546907 0.06811769447803305
6 0.17949814656401483 0.26481257557436516 0.3116623895067009 0.25070536074163646
6 0.5119760479041917 0.27106005642885933 0.3310521813515826 0.2607819427650141
6 0.8406045052751641 0.27589681580008063 0.3182207014542344 0.2688432083837163
6 0.17693185058454522 0.8284965739621121 0.2837182777302538 0.24949617089883114
6 0.43427430852580556 0.8303103587263201 0.20929569432563447 0.2636033857315599
6 0.658682634730539 0.8250705360741637 0.20929569432563447 0.2636033857315599
6 0.8822355289421159 0.841193067311568 0.20929569432563447 0.2636033857315599
5 0.2433704020530368 0.5479645304312777 0.45024237239806103 0.25755743651753327
5 0.7349586541203308 0.5620717452640065 0.5295124037639009 0.2672309552599758
3 0.5042771599657827 0.06872228939943571 0.9897348160821215 0.13663845223700122
3 0.5048474479612205 0.2783151954856913 0.9897348160821215 0.2841596130592503
3 0.5048474479612205 0.5729544538492544 0.9897348160821215 0.2841596130592503
3 0.5048474479612205 0.8555018137847642 0.9897348160821215 0.2841596130592503
