7 0.08169375534644996 0.1920596533655784 0.08867978329056174 0.044740024183796856
7 0.3234958654120331 0.16727126158806935 0.06358711149130311 0.02902055622732769
7 0.5623039635015683 0.16606207174526402 0.08611348731109211 0.04030632809351068
7 0.7998289136013688 0.16505441354292624 0.1323068149415455 0.0471584038694075
7 0.1364414029084688 0.4399435711406691 0.12859994297120048 0.050382910116888356
1 0.08839463929284289 0.24123337363966144 0.09580838323353294 0.044740024183796856
1 0.32862845737097235 0.21604191858121727 0.10521813515825493 0.032245062474808545
1 0.5714285714285715 0.2106005642885933 0.10436270316509838 0.041515517936316006
1 0.7674650698602795 0.2120112857718662 0.05446250356429998 0.051592099959693674
1 0.3324779013401768 0.5245868601370416 0.4368406045052752 0.0761789600967352
8 0.07869974337040206 0.3176138653768642 0.05930995152552039 0.060459492140266025
9 0.17080125463358997 0.06831922611850061 0.07698887938408897 0.09310761789600967
12 0.07085828343313373 0.06711003627569528 0.10692899914456802 0.10439338976219267
12 0.5543199315654406 0.27327690447400244 0.06900484744796123 0.04594921402660218
13 0.7657542058739664 0.2704554615074567 0.04990019960079841 0.042724707779121324
9 0.3139435414884517 0.2950423216444982 0.05531793555745652 0.051592099959693674
11 0.17721699458226406 0.6142684401451028 0.14228685486170517 0.08061265618702136
6 0.13130881094952954 0.260378879484079 0.21015112631879102 0.2418379685610641
6 0.35757057313943547 0.23256751309955664 0.20986598232107215 0.2418379685610641
6 0.5953806672369547 0.23377670294236197 0.20986598232107215 0.2418379685610641
6 0.8103792415169662 0.2184602982668279 0.20986598232107215 0.2418379685610641
4 0.45551753635585973 0.5503829101168883 0.855717137154263 0.347037484885127
3 0.488879384088965 0.07295445384925434 0.9600798403193613 0.14590890769850867
3 0.4967208440262333 0.24768238613462315 0.9620758483033933 0.23982265215638857
3 0.4948674080410608 0.5646916565900847 0.9737667522098661 0.3941958887545345
