7 0.09923011120615911 0.220677146311971 0.1157684630738523 0.030229746070133012
7 0.3210721414314229 0.18923821039903266 0.1710863986313088 0.04796453043127771
7 0.5451953236384375 0.1852075775896816 0.15055603079555177 0.04232164449818622
7 0.8157969774736242 0.16848045143087464 0.20986598232107215 0.046755340588472395
7 0.3922155688622755 0.4433696090286175 0.6372968349016254 0.05239822652156389
7 0.3411747932706017 0.7339782345828295 0.4856002281151982 0.060459492140266025
7 0.7516395779868834 0.7277307537283354 0.2338180781294554 0.05280128980249899
1 0.10364984317080127 0.2551390568319226 0.10407755916737954 0.04353083434099154
1 0.29769033361847735 0.24627166465135028 0.10835471913316226 0.028214429665457477
1 0.5567436555460508 0.23216444981862153 0.15939549472483605 0.04917372027408303
1 0.8236384374108926 0.2172511084240226 0.2272597661819219 0.04353083434099154
1 0.25876817792985457 0.49979846835953246 0.33219275734245796 0.042724707779121324
1 0.24764756201881952 0.7910116888351472 0.30196749358426006 0.044740024183796856
1 0.7674650698602795 0.7910116888351472 0.23524379811804963 0.0761789600967352
13 0.08525805531793557 0.31620314389359133 0.09580838323353294 0.06247480854494156
8 0.2954091816367266 0.30612656187021364 0.09124607927003137 0.06247480854494156
10 0.7570573139435416 0.2809351068117695 0.08326204733390363 0.07738814993954052
12 0.5168234958654121 0.29705763804917373 0.08867978329056174 0.0765820233776703
12 0.6723695466210436 0.8817009270455461 0.08953521528371829 0.0939137444578799
11 0.125748502994012 0.9012494961708989 0.09751924721984603 0.07980652962515115
13 0.13487311092101512 0.6051995163240629 0.1300256629597947 0.08746473196291818
11 0.21970345024237242 0.06670697299476018 0.1251782149985743 0.10761789600967352
9 0.08768177929854577 0.07275292220878678 0.12917023096663816 0.11326078194276502
6 0.1103507271171942 0.26320032245062475 0.1887653264898774 0.22732769044740025
6 0.33033932135728544 0.2543329302700524 0.2255489021956088 0.22652156388553005
6 0.5610208155118335 0.24224103184199922 0.2255489021956088 0.22652156388553005
6 0.8290561733675507 0.23115679161628377 0.2859994297120046 0.23740427247077792
4 0.49044767607641865 0.5328496573962113 0.9478186484174509 0.30552196694881095
5 0.31422868548617056 0.8246674727932286 0.5965212432278301 0.31358323256751314
5 0.8002566295979471 0.8158000806126562 0.3989164528086684 0.30390971382507054
3 0.5038494439692045 0.06630390971382508 0.9917308240661535 0.12696493349455865
3 0.5007128599942972 0.24667472793228537 0.9980039920159681 0.24586860137041516
3 0.5007128599942972 0.5163240628778718 0.9980039920159681 0.31680773881499397
3 0.5007128599942972 0.8278919790407094 0.9980039920159681 0.31680773881499397
