7 0.13444539492443686 0.14550584441757355 0.14513829483889365 0.032245062474808545
7 0.12418021100655832 0.3593309149536477 0.10578842315369262 0.027811366384522373
7 0.3726832050185344 0.36316001612253124 0.12204163102366695 0.04917372027408303
7 0.6487025948103793 0.35066505441354295 0.11804961505560309 0.042724707779121324
7 0.8672654690618763 0.37404272470777916 0.11662389506700885 0.06368399838774688
7 0.22754491017964074 0.6442966545747683 0.31080695751354437 0.09149536477226924
7 0.7175648702594811 0.6293833131801693 0.32877102936983177 0.06408706166868199
1 0.17678927858568577 0.1807738814993954 0.22697462218420303 0.04957678355501814
1 0.12061591103507271 0.41193067311567916 0.1015112631879099 0.05481660620717453
1 0.38252067293983466 0.4014510278113664 0.12745936698032506 0.04030632809351068
1 0.23709723410322214 0.718863361547763 0.2774451097804391 0.05280128980249899
1 0.6870544625035644 0.7110036275695284 0.25007128599942974 0.1064087061668682
8 0.12731679498146564 0.23861346231358324 0.13430282292557744 0.08625554212011285
9 0.08240661534074709 0.050382910116888356 0.1174793270601654 0.0951229343006852
12 0.2034502423723981 0.04695687222893995 0.11491303108069575 0.09068923821039904
12 0.12303963501568294 0.4754131398629585 0.09210151126318791 0.0761789600967352
12 0.13915027088679785 0.8049173720274083 0.09923011120615911 0.0951229343006852
11 0.3508696891930425 0.45969367190648935 0.07043056743655547 0.06731156791616284
11 0.42999714856002286 0.05441354292623942 0.11462788708297691 0.10076582023377671
10 0.5402053036783576 0.04796453043127771 0.10065583119475335 0.0951229343006852
13 0.31593954947248365 0.050382910116888356 0.10550327915597378 0.0951229343006852
13 0.6059309951525521 0.8284965739621121 0.09580838323353294 0.08585247883917775
4 0.5064157399486742 0.22047561467150342 0.9586541203307671 0.25634824667472794
6 0.16581123467351014 0.4228133817009271 0.2569147419446821 0.2418379685610641
6 0.4188765326489878 0.426440951229343 0.2566295979469632 0.2418379685610641
6 0.6686626746506986 0.42523176138653773 0.24123182207014543 0.2523176138653769
6 0.8929284288565726 0.4361144699717856 0.21357285429141717 0.25070536074163646
5 0.2688907898488737 0.7388149939540508 0.42657542058739667 0.35711406690850467
5 0.7341032221271743 0.7480854494155583 0.42629027658967783 0.35711406690850467
3 0.502994011976048 0.05925030229746071 0.9934416880524666 0.11850060459492141
3 0.502994011976048 0.2327690447400242 0.9934416880524666 0.26320032245062475
3 0.502994011976048 0.4175735590487707 0.9934416880524666 0.2636033857315599
3 0.502994011976048 0.7561467150342605 0.9934416880524666 0.4079000403063281
