7 0.15155403478756774 0.16606207174526402 0.16338751069289992 0.04030632809351068
7 0.39278585685771317 0.18238613462313585 0.13373253493013973 0.0705360741636437
7 0.6291702309666382 0.1841999193873438 0.11719418306244654 0.042724707779121324
7 0.8474479612204163 0.2120112857718662 0.15739948674080412 0.060459492140266025
7 0.13872255489021956 0.41092301491334143 0.16338751069289992 0.06811769447803305
7 0.6516966067864272 0.41979040709391374 0.15768463073852296 0.0705360741636437
7 0.18120901055032793 0.7091898428053205 0.21984602224123184 0.0761789600967352
1 0.12802965497576277 0.22994760177347845 0.0724265754205874 0.05602579604997985
1 0.3992015968063873 0.22611850060459493 0.1448531508411748 0.05239822652156389
1 0.6295979469632165 0.2361950826279726 0.11633875106929 0.04353083434099154
1 0.8177929854576562 0.25594518339379285 0.0855431993156544 0.051592099959693674
1 0.23267750213858 0.475211608222491 0.31650983746792133 0.04030632809351068
1 0.7532078699743371 0.48307134220072556 0.33504419731964646 0.05118903667875857
1 0.4227259766181922 0.8010882708585249 0.6726546906187625 0.06731156791616284
12 0.12261191901910466 0.290608625554212 0.09295694325634446 0.07174526400644901
12 0.3691189050470488 0.29826682789197906 0.09894496720844027 0.10318419991938735
12 0.2272597661819219 0.05642885933091495 0.12261191901910466 0.1120515920999597
12 0.6117764471057885 0.29181781539701734 0.08867978329056174 0.08061265618702136
8 0.5001425719988595 0.0558242644095123 0.1300256629597947 0.09955663039097139
13 0.11947533504419733 0.5395002015316405 0.12147134302822926 0.09068923821039904
11 0.6311662389506701 0.5624748085449416 0.11947533504419733 0.09633212414349053
11 0.1589677787282578 0.9091092301491335 0.15768463073852296 0.12454655380894801
11 0.3618477331052182 0.058847239016525596 0.13857998289136014 0.1120515920999597
9 0.07869974337040206 0.051793631600161226 0.15511833475905334 0.10358726320032245
6 0.16452808668377533 0.23538895606610238 0.24978614200171087 0.2361950826279726
6 0.40989449672084405 0.23599355098750505 0.23752495009980043 0.2478839177750907
6 0.6442828628457371 0.24405481660620718 0.19760479041916168 0.2543329302700524
6 0.8615625891074994 0.25977428456267637 0.22783005417735958 0.25594518339379285
5 0.2850014257199886 0.49254332930270056 0.525520387795837 0.27650141072148327
5 0.7733105218135159 0.5110842402257154 0.4528086683775307 0.27972591696896415
4 0.5015682919874537 0.8228536880290206 0.9204448246364415 0.34381297863764615
3 0.5038494439692045 0.06590084643288997 0.9917308240661535 0.13180169286577995
3 0.5038494439692045 0.2517130189439742 0.9917308240661535 0.2720677146311971
3 0.5038494439692045 0.49455864570737607 0.9917308240661535 0.2724707779121322
3 0.5038494439692045 0.8234582829504232 0.9917308240661535 0.34744054816606207
