7 0.0908183632734531 0.16182990729544539 0.16566866267465072 0.03829101168883515
7 0.3448816652409467 0.18863361547763 0.13316224693470202 0.13865376864167675
7 0.6526946107784432 0.13986295848448208 0.2035928143712575 0.032245062474808545
7 0.8723980610208156 0.13704151551793634 0.1394354148845167 0.04917372027408303
1 0.4948674080410608 0.5352680370818219 0.9372683205018535 0.27650141072148327
1 0.11933276304533791 0.2222893994357114 0.21186199030510408 0.0761789600967352
1 0.4625035642999715 0.19931479242241032 0.09124607927003137 0.15114873035066506
1 0.6632449386940406 0.20777912132204757 0.18534359851725124 0.06489318823055219
1 0.871542629027659 0.19044740024183798 0.1251782149985743 0.06166868198307134
9 0.05503279155973767 0.05461507456670697 0.11006558311947534 0.09794437726723096
10 0.33219275734245796 0.3127771060056429 0.09181636726546907 0.08061265618702136
10 0.8568577131451384 0.27287384119306735 0.09181636726546907 0.08061265618702136
11 0.05061305959509553 0.31358323256751314 0.09210151126318791 0.08061265618702136
11 0.09994297120045624 0.7053607416364369 0.14114627887082978 0.09995969367190649
13 0.6194753350441974 0.29564691656590086 0.1086398631308811 0.07940346634421605
8 0.16566866267465072 0.04735993550987505 0.12261191901910466 0.0947198710197501
6 0.13216424294268606 0.24083031035872632 0.2643284858853721 0.2607819427650141
6 0.4017678927858569 0.2271261588069327 0.264613629883091 0.2607819427650141
6 0.6598232107214144 0.22269246271664653 0.264613629883091 0.2607819427650141
6 0.8916452808668378 0.2232970576380492 0.21613915027088682 0.25957275292220877
4 0.4881665240946678 0.5800080612656188 0.9603649843170802 0.39983877468762596
3 0.49714856002281155 0.04796453043127771 0.9942971200456231 0.08464328899637244
3 0.5024237239806102 0.22269246271664653 0.9945822640433419 0.2833534864973801
3 0.5024237239806102 0.5800080612656188 0.9945822640433419 0.41999193873438134
