7 0.19147419446820646 0.15175332527206772 0.30824066153407476 0.03829101168883515
7 0.13558597091531224 0.4645304312777106 0.17593384659252925 0.041515517936316006
7 0.4006273167949815 0.439540507859734 0.1591103507271172 0.05602579604997985
7 0.6217564870259481 0.4355098750503829 0.16224693470202453 0.055219669488109635
7 0.8719703450242373 0.4607013301088271 0.15454804676361564 0.05401047964530432
7 0.3150841174793271 0.7462716646513503 0.504704875962361 0.05844417573559049
1 0.4563729683490163 0.21785570334542523 0.8254918733960651 0.08746473196291818
1 0.14870259481037926 0.526199113260782 0.20558882235528944 0.07537283353486497
1 0.3970630168234959 0.5050382910116888 0.16167664670658685 0.07496977025392987
1 0.6260336469917309 0.5133010882708585 0.16452808668377533 0.09633212414349053
1 0.8628457370972342 0.5300282144296655 0.17564870259481039 0.07174526400644901
1 0.5015682919874537 0.8234582829504232 0.8400342172797264 0.09834744054816606
13 0.08810949529512405 0.06267634018540912 0.1477045908183633 0.09552599758162032
13 0.09309951525520388 0.6320032245062475 0.09096093527231253 0.08706166868198308
11 0.24479612204163104 0.048569125352680376 0.16395779868833762 0.09633212414349053
11 0.10906757912745937 0.3319226118500605 0.13259195893926434 0.1116485288190246
9 0.3587111491303108 0.6203143893591294 0.08326204733390363 0.0886739218057235
9 0.5781294553749644 0.607416364369206 0.0784145993726832 0.09189842805320436
11 0.804248645566011 0.6045949214026602 0.07613344739093243 0.07496977025392987
9 0.12802965497576277 0.9123337363966143 0.12774451097804393 0.10197501007658202
9 0.3897918448816653 0.05239822652156389 0.10949529512403765 0.10479645304312778
4 0.5045623039635017 0.26058041112454655 0.9903051040775592 0.3293027005239823
6 0.15183917878528658 0.547359935509875 0.2654690618762475 0.2990729544538493
6 0.3966353008269176 0.5437323659814591 0.22298260621613916 0.3111648528819025
6 0.6273167949814656 0.5392986698911729 0.22298260621613916 0.3111648528819025
6 0.8609923011120617 0.5370818218460298 0.23524379811804963 0.2994760177347844
4 0.5034217279726262 0.8278919790407094 0.9595095523239237 0.27972591696896415
3 0.500998003992016 0.06146715034260379 0.9974337040205304 0.11487303506650545
3 0.5004277159965783 0.26702942361950827 0.9985742800114058 0.32365981459089077
3 0.5004277159965783 0.545143087464732 0.9985742800114058 0.32365981459089077
3 0.5004277159965783 0.8377670294236196 0.9985742800114058 0.32365981459089077
