7 0.0795551753635586 0.1890366787585651 0.08326204733390363 0.04594921402660218
7 0.5681494154548047 0.17573559048770657 0.31679498146564017 0.039500201531640466
7 0.2564870259481038 0.5358726320032245 0.41602509267179927 0.05602579604997985
1 0.12332477901340178 0.23438129786376463 0.17194183062446536 0.044740024183796856
1 0.528229255774166 0.23297057638049173 0.2671799258625606 0.06368399838774688
1 0.3803820929569433 0.6582023377670294 0.6672369546621044 0.16444981862152358
12 0.0872540633019675 0.06852075775896817 0.13800969489592246 0.10399032648125756
11 0.5384944396920446 0.055622732769044746 0.14342743085258056 0.11124546553808949
11 0.46863416025092675 0.3671906489318823 0.14741944682064445 0.0951229343006852
10 0.1395779868833761 0.8190245868601371 0.18905047048759624 0.11446997178557033
9 0.09880239520958084 0.36497380088673925 0.15141146278870832 0.10197501007658202
9 0.24222982606216142 0.05985489721886336 0.15768463073852296 0.10519951632406288
13 0.39435414884516684 0.05199516324062878 0.13857998289136014 0.09834744054816606
5 0.5741374394069005 0.27871825876662637 0.3966353008269176 0.3010882708585248
5 0.17964071856287425 0.2972591696896413 0.3478756772169946 0.30028214429665456
4 0.4227259766181922 0.7031438935912938 0.8266324493869405 0.44699717855703347
3 0.45238095238095244 0.05945183393792826 0.9047619047619049 0.1124546553808948
3 0.4536641003706872 0.27912132204756146 0.9073282007413744 0.3252720677146312
3 0.4639292842885658 0.6991132607819428 0.9278585685771316 0.4655380894800484
