7 0.14385514684915884 0.3196291817815397 0.13088109495295125 0.037887948407900045
7 0.3992015968063873 0.30834340991535675 0.09751924721984603 0.07819427650141073
7 0.6518391787852866 0.2855703345425232 0.06729398346164814 0.05280128980249899
7 0.8309096093527232 0.3105602579604998 0.06729398346164814 0.053607416364369206
7 0.17593384659252925 0.5790004030632809 0.10949529512403765 0.050382910116888356
7 0.6752209865982322 0.5523982265215639 0.1568291987453664 0.05602579604997985
7 0.2415169660678643 0.8065296251511488 0.11633875106929 0.04917372027408303
1 0.12974051896207586 0.41213220475614676 0.11348731109210151 0.12212817412333737
1 0.3959224408326205 0.39076985086658605 0.11662389506700885 0.0882708585247884
1 0.4617907043056744 0.4365175332527207 0.21471343028229256 0.04594921402660218
1 0.6268890789848874 0.3941958887545345 0.06986027944111776 0.1354292623941959
1 0.6427145708582834 0.4292623941958888 0.1015112631879099 0.06932688432083838
1 0.8193612774451099 0.3911729141475212 0.07442258340461934 0.10519951632406288
1 0.8260621613915028 0.45324465941152764 0.09923011120615911 0.0705360741636437
1 0.19432563444539494 0.6706972994760177 0.2506415739948674 0.11527609834744056
1 0.6723695466210436 0.6289802498992342 0.24009124607927004 0.0882708585247884
1 0.4319931565440548 0.8454252317613866 0.5195323638437411 0.04393389762192664
9 0.23353293413173654 0.37001209189842804 0.08782435129740519 0.13220475614671504
9 0.2835757057313944 0.09230149133413947 0.14970059880239522 0.09834744054816606
9 0.9056173367550614 0.36316001612253124 0.12033076703735388 0.12091898428053205
9 0.4041916167664671 0.6235388956066102 0.16338751069289992 0.12898024989923418
10 0.5143997718848019 0.35268037081821846 0.10436270316509838 0.13784764207980654
8 0.12261191901910466 0.09673518742442563 0.11976047904191618 0.11850060459492141
8 0.8937838608497292 0.5945183393792826 0.17251211861990307 0.17331721080209594
11 0.7911320216709439 0.8319226118500604 0.17821499857428003 0.1354292623941959
6 0.17878528656971773 0.3667875856509472 0.24180211006558314 0.2619911326078194
6 0.4451097804391218 0.3704151551793632 0.2714570858283433 0.28617492946392586
6 0.6752209865982322 0.3647722692462717 0.2189905902480753 0.2837565497783152
6 0.8679783290561734 0.3694074969770254 0.24465355004277162 0.3010882708585248
5 0.2818648417450813 0.6213220475614671 0.47476475620188197 0.2583635630794035
5 0.7513544339891646 0.6211205159209996 0.4967208440262333 0.2482869810560258
4 0.506700883946393 0.8442160419185812 0.859424009124608 0.1825876662636034
3 0.5216709438266325 0.07980652962515115 0.9560878243512975 0.1596130592503023
3 0.5216709438266325 0.36054010479645304 0.9560878243512975 0.32365981459089077
3 0.5216709438266325 0.6160822249093107 0.9560878243512975 0.22692462716646514
3 0.5216709438266325 0.8490528012898025 0.9560878243512975 0.22692462716646514
