7 0.14157399486740804 0.24969770253929868 0.12631879098944968 0.0237807335751713
7 0.36954662104362707 0.24284562676340188 0.11405759908753922 0.04796453043127771
7 0.630453378956373 0.2486900443369609 0.11633875106929 0.04594921402660218
7 0.8589962931280297 0.24405481660620718 0.11890504704875964 0.041515517936316006
7 0.20487596236099231 0.5586457073760581 0.1531223267750214 0.06852075775896817
7 0.7345309381237526 0.5255945183393793 0.14713430282292558 0.051592099959693674
7 0.24422583404619336 0.7920193470374849 0.14741944682064445 0.037887948407900045
8 0.11819218705446251 0.07779121322047562 0.093812375249501 0.07174526400644901
8 0.8031080695751355 0.36880290205562277 0.08297690333618478 0.07819427650141073
13 0.1596806387225549 0.6864167674324869 0.09295694325634446 0.08625554212011285
11 0.5701454234388367 0.36235388956066106 0.0801254633589963 0.060459492140266025
13 0.7040205303678359 0.645304312777106 0.08953521528371829 0.08948004836759371
9 0.093812375249501 0.35429262394195893 0.06102081551183348 0.060459492140266025
9 0.31836327345309384 0.36275695284159615 0.0801254633589963 0.05965336557839581
9 0.24664955802680355 0.06872228939943571 0.10607356715141147 0.06731156791616284
10 0.24465355004277162 0.8956066102378074 0.17051611063587113 0.08383716243450222
1 0.6303108069575136 0.30451430874647323 0.16395779868833762 0.06166868198307134
1 0.3741089250071286 0.30048367593712216 0.1710863986313088 0.06731156791616284
1 0.4161676646706587 0.34582829504232165 0.09837467921300258 0.12656187021362356
1 0.6723695466210436 0.3444175735590488 0.11633875106929 0.09633212414349053
1 0.3249215854006273 0.6039903264812576 0.4171656686626747 0.05844417573559049
1 0.3833761049329912 0.6303909713825071 0.30652979754776166 0.12898024989923418
1 0.8140861134873112 0.5737605804111245 0.37125748502994016 0.05844417573559049
1 0.8771029369831765 0.5939137444578799 0.23267750213858 0.09633212414349053
1 0.6794981465640149 0.8317210802095929 0.6295979469632165 0.11970979443772672
1 0.42529227259766184 0.8260781942765014 0.5409181636726548 0.030229746070133012
6 0.1395779868833761 0.3079403466344216 0.18562874251497008 0.2539298669891173
6 0.3766752209865983 0.30935106811769447 0.251497005988024 0.2825473599355099
6 0.6201881950384945 0.3085449415558243 0.251497005988024 0.2825473599355099
6 0.8682634730538923 0.30451430874647323 0.251497005988024 0.2825473599355099
5 0.3090960935272313 0.6162837565497783 0.5451953236384375 0.2756952841596131
5 0.789136013686912 0.5991535671100363 0.42115768463073855 0.2873841193067312
4 0.5330767037353864 0.8478436114469973 0.9332763045337896 0.20354695687222896
3 0.5102651839178786 0.08282950423216445 0.97775876817793 0.1648528819024587
3 0.5108354719133162 0.3158000806126562 0.97775876817793 0.3010882708585248
3 0.5108354719133162 0.6060056428859332 0.97775876817793 0.3010882708585248
3 0.5196749358426006 0.8800886739218058 0.9600798403193613 0.23901652559451836
