7 0.14157399486740804 0.20918984280532044 0.21642429426860565 0.06610237807335752
7 0.09595095523239236 0.49979846835953246 0.10635871114913031 0.05804111245465538
7 0.29697747362418025 0.4987908101571947 0.10065583119475335 0.0471584038694075
7 0.5389221556886228 0.5004030632809351 0.10607356715141147 0.03909713825070536
7 0.782435129740519 0.5120918984280532 0.13401767892785857 0.053607416364369206
7 0.09994297120045624 0.7720677146311972 0.09210151126318791 0.07376058041112454
7 0.5943826632449387 0.7529222087867795 0.151981750784146 0.06932688432083838
1 0.09481037924151697 0.5463522773075373 0.11377245508982037 0.030229746070133012
1 0.33447390932420873 0.5312374042724708 0.1568291987453664 0.04514308746473197
1 0.37653264898773886 0.5479645304312777 0.06814941545480468 0.05844417573559049
1 0.5511833475905332 0.5324465941152762 0.11976047904191618 0.037887948407900045
1 0.7915597376675222 0.5570334542523177 0.17564870259481039 0.037887948407900045
1 0.7104362703165099 0.8043127771060057 0.3681209010550328 0.044740024183796856
1 0.2433704020530368 0.8061265618702137 0.38066723695466215 0.03708182184602983
1 0.4587966923296265 0.2613865376864168 0.825777017393784 0.06489318823055219
8 0.10279441117764472 0.3369609028617493 0.12631879098944968 0.09754131398629586
8 0.06928999144568007 0.586658605401048 0.07527801539777589 0.06569931479242241
8 0.5745651554034789 0.8486497380088674 0.10436270316509838 0.0769850866586054
8 0.07912745936698033 0.07678355501813786 0.08240661534074709 0.08504635227730754
9 0.1733675506130596 0.06932688432083838 0.09295694325634446 0.07496977025392987
9 0.5182492158540063 0.5933091495364773 0.06814941545480468 0.07738814993954052
9 0.2887082976903336 0.5927045546150745 0.07613344739093243 0.08504635227730754
11 0.2704590818363274 0.06831922611850061 0.09039064727687483 0.08182184602982669
11 0.7556315939549473 0.6090286174929465 0.09580838323353294 0.07980652962515115
10 0.10479041916167665 0.8823055219669489 0.12688907898488738 0.0886739218057235
6 0.10707157114342744 0.5489721886336155 0.15882520672939837 0.20153164046755342
6 0.3341887653264899 0.5501813784764208 0.22412318220701455 0.2305521966948811
6 0.5575990875392074 0.548770656993148 0.19247219846022243 0.21160822249093109
6 0.7966923296264614 0.5636839983877469 0.2321072141431423 0.23740427247077792
5 0.23937838608497294 0.8101571946795647 0.4741944682064443 0.2708585247883918
5 0.7142857142857143 0.8065296251511488 0.4682064442543485 0.2418379685610641
3 0.5 0.07335751713018944 0.9823210721414315 0.12736799677549376
3 0.5001425719988595 0.27791213220475613 0.9854576561163388 0.2962515114873035
3 0.5041345879669233 0.5479645304312777 0.9854576561163388 0.2962515114873035
3 0.5069860279441119 0.8256751309955663 0.9854576561163388 0.2962515114873035
