7 0.12218420302252639 0.29443772672309554 0.14456800684345594 0.0882708585247884
7 0.41502708867978333 0.2916162837565498 0.10065583119475335 0.07134220072551391
7 0.6899059024807528 0.3063280935106812 0.07043056743655547 0.051592099959693674
7 0.9021956087824352 0.29443772672309554 0.07527801539777589 0.050382910116888356
1 0.16367265469061879 0.40810157194679564 0.22298260621613916 0.12777106005642885
1 0.48346164813230685 0.37404272470777916 0.25178214998574283 0.1064087061668682
1 0.722269746221842 0.3945989520354696 0.13686911890504705 0.10318419991938735
1 0.91588252067294 0.3901652559451834 0.142571998859424 0.10721483272873841
8 0.08853721129170232 0.12091898428053205 0.12004562303963502 0.13301088270858524
8 0.6886227544910181 0.4915356711003628 0.06672369546621044 0.09068923821039904
9 0.20544625035643002 0.12031438935912939 0.10293698317650414 0.1301894397420395
11 0.4327060165383519 0.11991132607819428 0.08069575135443399 0.10197501007658202
11 0.894069004847448 0.48548972188633616 0.08468776732249787 0.10519951632406288
11 0.09709153122326776 0.5644901249496171 0.10407755916737954 0.11890366787585652
10 0.3214998574280012 0.1146715034260379 0.09723410322212718 0.11648528819024587
13 0.4255774165953807 0.5110842402257154 0.0949529512403764 0.08948004836759371
6 0.18192187054462505 0.43268843208383717 0.3068149415454805 0.45264006449012495
6 0.483176504134588 0.4052801289802499 0.30025662959794697 0.41072148327287383
6 0.7278300541773596 0.40568319226118504 0.20045623039635016 0.418782748891576
6 0.9127459366980326 0.40931076178960096 0.1710863986313088 0.4276501410721483
3 0.48175078414599376 0.09230149133413947 0.9509552323923582 0.1725110842402257
3 0.49985742800114064 0.42986698911729143 0.9997148560022813 0.4937525191455059
