7 0.19019104647847165 0.177347843611447 0.2475049900199601 0.07819427650141073
7 0.11305959509552325 0.5501813784764208 0.10065583119475335 0.08948004836759371
7 0.4707727402338181 0.5229746070133011 0.13629883090960937 0.08182184602982669
7 0.7147134302822926 0.5582426440951229 0.09666381522668949 0.07174526400644901
7 0.9230111206159111 0.5810157194679565 0.0729968634160251 0.06166868198307134
1 0.4741944682064443 0.2400241837968561 0.7818648417450813 0.053607416364369206
1 0.17008839463929284 0.6197097944377268 0.21015112631879102 0.05602579604997985
1 0.49543769603649845 0.6207174526400645 0.1822070145423439 0.060459492140266025
1 0.7218420302252638 0.6374445787988714 0.11548331907613346 0.044740024183796856
1 0.9251497005988024 0.6392583635630794 0.08639863130881095 0.05723498589278517
8 0.049757627601938983 0.048166062071745265 0.06358711149130311 0.06166868198307134
8 0.12774451097804393 0.7273276904474003 0.1619617907043057 0.10519951632406288
11 0.9147419446820645 0.7255139056831923 0.08497291132021671 0.06368399838774688
11 0.7179925862560593 0.7323659814590892 0.10778443113772455 0.08625554212011285
13 0.47148560022811525 0.718863361547763 0.1394354148845167 0.0882708585247884
10 0.15226689478186486 0.3117694478033051 0.22355289421157687 0.08746473196291818
13 0.1300256629597947 0.05501813784764208 0.0729968634160251 0.0705360741636437
8 0.21927573424579413 0.050382910116888356 0.07984031936127745 0.08141878274889158
2 0.30881094952951244 0.05542120112857719 0.08155118334759054 0.06731156791616284
10 0.3994867408041061 0.06086255542120113 0.07927003136583975 0.07174526400644901
4 0.4948674080410608 0.27327690447400244 0.9372683205018535 0.32567513099556633
6 0.18505845451953237 0.6370415155179363 0.31479897348160824 0.3502619911326078
6 0.5001425719988595 0.6235388956066102 0.2868548617051611 0.34582829504232165
6 0.7487881380096949 0.656590084643289 0.2184203022526376 0.31358323256751314
6 0.9231536926147705 0.6493349455864571 0.1251782149985743 0.2990729544538493
3 0.5034217279726262 0.057033454252317616 0.9925862560593101 0.11326078194276502
3 0.4975762760193898 0.27932285368802906 0.9808953521528373 0.34905280128980254
3 0.502994011976048 0.6187021362353889 0.9934416880524666 0.3990326481257558
