7 0.17236954662104365 0.18137847642079807 0.0960935272312518 0.06126561870213624
7 0.13373253493013973 0.44901249496170903 0.12147134302822926 0.07255139056831923
7 0.4232962646136299 0.45183393792825477 0.10749928714000571 0.06932688432083838
7 0.6391502708867979 0.4651350261991133 0.06244653550042772 0.04917372027408303
7 0.8882235528942116 0.4673518742442564 0.08383233532934133 0.053607416364369206
7 0.11933276304533791 0.747279322853688 0.0943826632449387 0.04030632809351068
7 0.4101796407185629 0.7557436517533253 0.07385229540918165 0.05965336557839581
7 0.6703735386370118 0.739621120515921 0.08098089535215285 0.060459492140266025
7 0.8897918448816653 0.7339782345828295 0.05845451953236385 0.04917372027408303
1 0.5129740518962076 0.22047561467150342 0.7613344739093243 0.05723498589278517
1 0.5333618477331052 0.29826682789197906 0.326489877388081 0.07819427650141073
1 0.15098374679213003 0.5126964933494559 0.18962075848303395 0.04353083434099154
1 0.426005132591959 0.5100765820233777 0.15283718277730254 0.06489318823055219
1 0.6866267465069861 0.5133010882708585 0.16880524664955804 0.05118903667875857
2 0.18078129455374967 0.29222087867795243 0.1619617907043057 0.09270455461507457
2 0.434416880524665 0.588472390165256 0.14399771884801826 0.08061265618702136
11 0.16053607071571144 0.600161225312374 0.18819503849443972 0.10399032648125756
11 0.17122897063016826 0.865981459089077 0.20159680638722557 0.07859733978234583
8 0.09224408326204735 0.05481660620717453 0.08639863130881095 0.08625554212011285
8 0.8956372968349017 0.5983474405481661 0.12432278300541774 0.08504635227730754
2 0.21699458226404336 0.05481660620717453 0.09751924721984603 0.08141878274889158
9 0.6685201026518393 0.5995566303909714 0.16395779868833762 0.10519951632406288
2 0.4304248645566011 0.8559048770656994 0.15027088679783293 0.0826279725916969
2 0.7035928143712575 0.8681983071342201 0.20273738237810096 0.10076582023377671
1 0.44382663244938697 0.805521966948811 0.14570858283433136 0.029423619508262798
1 0.1538351867693185 0.8039097138250706 0.16966067864271459 0.05280128980249899
1 0.6974622184203023 0.7988714228133817 0.1710863986313088 0.05401047964530432
1 0.9151696606786428 0.7900040306328094 0.12061591103507271 0.03143893591293833
13 0.9257199885942402 0.8403869407496978 0.14798973481608213 0.07174526400644901
4 0.5156829198745366 0.2448609431680774 0.9458226404334189 0.28012898024989924
6 0.16638152266894785 0.5306328093510682 0.2791559737667522 0.3349455864570738
6 0.43712574850299407 0.5229746070133011 0.2321072141431423 0.3123740427247078
6 0.6803535785571714 0.5467553405884724 0.23039635015682922 0.26642482869810563
6 0.9011976047904192 0.5362756952841596 0.197034502423724 0.2519145505844418
6 0.1680923866552609 0.8317210802095929 0.2677502138579983 0.2720677146311971
6 0.4302822925577417 0.8178153970173317 0.24237239806102084 0.24425634824667475
6 0.6861990305104078 0.816807738814994 0.25178214998574283 0.25755743651753327
6 0.9074707727402339 0.7964530431277711 0.1844881665240947 0.2128174123337364
3 0.5125463358996294 0.057033454252317616 0.9743370402053038 0.10842402257154374
3 0.5081266039349872 0.250906892382104 0.983176504134588 0.2857718661829907
3 0.502994011976048 0.5318419991938734 0.9934416880524666 0.34623135832325674
3 0.50741374394069 0.805521966948811 0.9846022241231823 0.25755743651753327
