7 0.1953236384374109 0.32305521966948814 0.2783005417735957 0.0761789600967352
7 0.7072996863416026 0.3006852075775897 0.41431422868548623 0.06932688432083838
7 0.49201596806387227 0.628174123337364 0.803250641573995 0.0882708585247884
1 0.23139435414884518 0.40205562273276907 0.3282007413743941 0.041515517936316006
1 0.7084402623324779 0.37343812978637647 0.4103222127174223 0.05602579604997985
1 0.4200171086398632 0.7164449818621524 0.6592529227259767 0.03909713825070536
1 0.5059880239520959 0.7607819427650141 0.5409181636726548 0.11003627569528417
9 0.0771314513829484 0.09854897218863362 0.11833475905332194 0.1422813381700927
13 0.38366124893071 0.09230149133413947 0.16338751069289992 0.1523579201934704
11 0.11662389506700885 0.4893188230552197 0.09352723125178215 0.08383716243450222
12 0.2255489021956088 0.10298266827891979 0.13857998289136014 0.1535671100362757
12 0.1549757627601939 0.8498589278516727 0.1228970630168235 0.0882708585247884
9 0.5340747077274024 0.4540507859733978 0.09181636726546907 0.06247480854494156
5 0.24294268605645852 0.38694074969770254 0.4459652124322783 0.2910116888351471
5 0.7328200741374394 0.37867795243853286 0.5337895637296836 0.32204756146715036
4 0.5002851439977188 0.7299476017734785 0.9292842885657258 0.3635630794034664
3 0.50741374394069 0.09653365578395809 0.9846022241231823 0.18984280532043532
3 0.5042771599657827 0.3690044336960903 0.9908753920729969 0.3091495364772269
3 0.5049900199600799 0.711205159209996 0.9877388080980896 0.3663845223700121
