7 0.10393498716852011 0.2267230955259976 0.13202167094382664 0.044740024183796856
7 0.6592529227259767 0.24909310761789602 0.3119475335044198 0.09189842805320436
7 0.09880239520958084 0.48085449415558246 0.1103507271171942 0.04917372027408303
7 0.3792415169660679 0.4798468359532447 0.11177644710578843 0.053607416364369206
7 0.5725691474194469 0.49818621523579204 0.11006558311947534 0.05965336557839581
7 0.7971200456230397 0.5324465941152762 0.14741944682064445 0.051592099959693674
7 0.2398061020815512 0.7488915759774285 0.35129740518962077 0.04594921402660218
1 0.22469347020245226 0.2831519548569125 0.3256344453949245 0.06811769447803305
1 0.7140005702879955 0.30048367593712216 0.41516966067864275 0.07376058041112454
1 0.16124893071000856 0.5358726320032245 0.22440832620473342 0.06489318823055219
1 0.3956372968349017 0.5193470374848852 0.14570858283433136 0.041515517936316006
1 0.58169375534645 0.5536074163643693 0.13915027088679785 0.05602579604997985
1 0.8062446535500428 0.5759774284562676 0.16053607071571144 0.05401047964530432
1 0.24679213002566297 0.8022974607013301 0.36070715711434276 0.0471584038694075
13 0.0866837753065298 0.37908101571946795 0.08953521528371829 0.0761789600967352
13 0.5404904476760765 0.4014510278113664 0.09039064727687483 0.06932688432083838
13 0.35742800114057605 0.5951229343006852 0.06814941545480468 0.08504635227730754
9 0.17964071856287425 0.08403869407496978 0.10892500712859995 0.11084240225715437
10 0.13073852295409183 0.8978234582829505 0.10008554319931566 0.08182184602982669
12 0.07855717137154264 0.6416767432486901 0.06016538351867694 0.08625554212011285
10 0.7483604220131167 0.635832325675131 0.07043056743655547 0.05925030229746071
8 0.548759623609923 0.6134623135832326 0.056173367550613064 0.06368399838774688
8 0.4409751924721985 0.08363563079403467 0.16395779868833762 0.11648528819024587
12 0.2996863416025093 0.0856509471987102 0.10778443113772455 0.10761789600967352
12 0.06216139150270887 0.07940346634421605 0.10550327915597378 0.12898024989923418
5 0.24607927003136587 0.30390971382507054 0.4493869404049045 0.2708585247883918
5 0.7259766181921871 0.33837162434502216 0.5018534359851725 0.3301088270858525
6 0.15454804676361564 0.5632809351068118 0.27430852580553183 0.2607819427650141
6 0.39278585685771317 0.5457476823861347 0.19247219846022243 0.2305521966948811
6 0.58169375534645 0.5602579604997985 0.18192187054462505 0.2128174123337364
6 0.8073852295409182 0.5856509471987102 0.22954091816367267 0.23861346231358324
4 0.47633304818933564 0.8282950423216445 0.9173082406615342 0.27650141072148327
3 0.491588252067294 0.0916968964127368 0.9786142001710865 0.18016928657799275
3 0.5048474479612205 0.328093510681177 0.9840319361277445 0.3345425231761387
3 0.49985742800114064 0.5842402257154373 0.9940119760479043 0.26803708182184605
3 0.4967208440262333 0.8353486497380089 0.9934416880524666 0.26803708182184605
