7 0.15782720273738238 0.1600161225312374 0.21414314228685488 0.05239822652156389
7 0.11976047904191618 0.4260378879484079 0.11919019104647847 0.046755340588472395
7 0.3515825491873396 0.43107617896009676 0.12432278300541774 0.04796453043127771
7 0.606216139150271 0.4689641273679968 0.1442828628457371 0.050382910116888356
7 0.8347590533219277 0.49717855703345426 0.13544339891645282 0.04796453043127771
7 0.20245223838038212 0.6991132607819428 0.25605930995152554 0.02700523982265216
7 0.6434274308525806 0.7063683998387748 0.19019104647847165 0.041515517936316006
1 0.2487881380096949 0.22108020959290609 0.37724550898203596 0.05118903667875857
1 0.14357000285143998 0.4780330511890367 0.1382948388936413 0.05239822652156389
1 0.3495865412033077 0.4826682789197904 0.08098089535215285 0.032648125755743655
1 0.5992301112061592 0.5147118097541314 0.12688907898488738 0.03708182184602983
1 0.8209295694325635 0.5384925433293027 0.12204163102366695 0.04594921402660218
1 0.21086398631308811 0.756348246674728 0.2677502138579983 0.0471584038694075
1 0.6035072711719419 0.7501007658202338 0.13088109495295125 0.04594921402660218
12 0.10821214713430283 0.3111648528819025 0.09780439121756487 0.07738814993954052
12 0.16310236669518108 0.06166868198307134 0.09523809523809525 0.08625554212011285
12 0.7837182777302538 0.5955259975816204 0.06643855146849159 0.06811769447803305
12 0.33333333333333337 0.5642885933091496 0.07984031936127745 0.06852075775896817
8 0.10193897918448817 0.5669085046352278 0.08183632734530939 0.08746473196291818
10 0.27003136583974907 0.06590084643288997 0.10550327915597378 0.10197501007658202
10 0.571285999429712 0.5844417573559049 0.06814941545480468 0.07255139056831923
10 0.12246934702024523 0.8504635227730755 0.08354719133162247 0.08061265618702136
11 0.37025948103792417 0.07114066908504635 0.0949529512403764 0.0939137444578799
13 0.4683490162532079 0.06771463119709795 0.10293698317650414 0.09189842805320436
9 0.06786427145708583 0.058847239016525596 0.09580838323353294 0.08948004836759371
13 0.592814371257485 0.8587263200322451 0.10949529512403765 0.09068923821039904
4 0.5098374679213002 0.26924627166465137 0.9546621043627033 0.3361547762998791
6 0.14870259481037926 0.5133010882708585 0.23068149415454806 0.27529222087867794
6 0.3912175648702595 0.5120918984280532 0.25434844596521244 0.27529222087867794
6 0.6180496150556031 0.526199113260782 0.2107214143142287 0.24949617089883114
6 0.8458796692329628 0.5509875050382911 0.228970630168235 0.2361950826279726
5 0.26832050185343603 0.784764207980653 0.46364414029084694 0.2877871825876663
5 0.7345309381237526 0.807335751713019 0.46079270031365843 0.31680773881499397
3 0.5014257199885943 0.06489318823055219 0.9965782720273739 0.12172511084240226
3 0.5014257199885943 0.2879887142281338 0.9965782720273739 0.3188230552196695
3 0.5014257199885943 0.5124949617089883 0.9965782720273739 0.3188230552196695
3 0.5014257199885943 0.7974607013301088 0.9965782720273739 0.3188230552196695
