7 0.08711149130310808 0.17674324869004435 0.10293698317650414 0.041515517936316006
7 0.28100940975192473 0.16968964127367997 0.12745936698032506 0.04917372027408303
7 0.5115483319076134 0.1596130592503023 0.06900484744796123 0.04030632809351068
7 0.7808668377530653 0.1690850463522773 0.1086398631308811 0.050382910116888356
7 0.11819218705446251 0.4947601773478436 0.14285714285714288 0.04796453043127771
7 0.10635871114913031 0.7232970576380492 0.10493299116053607 0.04393389762192664
7 0.5384944396920446 0.7488915759774285 0.08639863130881095 0.04353083434099154
1 0.09880239520958084 0.23559048770656993 0.1246079270031366 0.06489318823055219
1 0.2887082976903336 0.23901652559451836 0.1234673510122612 0.06932688432083838
1 0.5524664955802681 0.21039903264812576 0.14741944682064445 0.03708182184602983
1 0.8122326775021387 0.22551390568319227 0.1679498146564015 0.05844417573559049
1 0.12959794696321644 0.5374848851269649 0.15939549472483605 0.03909713825070536
1 0.1874821785001426 0.7819427650141072 0.2529227259766182 0.051592099959693674
1 0.648274878813801 0.8067311567916163 0.3025377815796978 0.05844417573559049
13 0.0623039635015683 0.33252720677146314 0.0784145993726832 0.07496977025392987
12 0.2867122897063017 0.05985489721886336 0.1086398631308811 0.11003627569528417
12 0.1732249786142002 0.05783958081418783 0.1086398631308811 0.11084240225715437
12 0.0652979754776162 0.057033454252317616 0.1020815511833476 0.10439338976219267
10 0.24522383803820932 0.3278919790407094 0.06102081551183348 0.06811769447803305
10 0.4992871400057029 0.3297057638049174 0.06330196749358427 0.06529625151148731
12 0.08639863130881095 0.605602579604998 0.09523809523809525 0.07295445384925434
12 0.09780439121756487 0.894397420395002 0.06558311947533504 0.07496977025392987
9 0.5146849158825207 0.9097138250705361 0.05930995152552039 0.06287787182587666
6 0.09865982321072142 0.26017734784361146 0.16424294268605646 0.2551390568319226
6 0.2996863416025093 0.2517130189439742 0.17907043056743657 0.2760983474405482
6 0.5444824636441403 0.2531237404272471 0.2107214143142287 0.282950423216445
6 0.8068149415454805 0.2656187021362354 0.2107214143142287 0.282950423216445
4 0.46435700028514404 0.5725513905683193 0.896777872825777 0.27529222087867794
5 0.23182207014542347 0.8162031438935913 0.42714570858283435 0.282950423216445
5 0.6957513544339892 0.8407900040306329 0.4516680923866553 0.2877871825876663
3 0.491588252067294 0.05783958081418783 0.9723410322212718 0.11567916162837566
3 0.4951525520387796 0.26582023377670294 0.9903051040775592 0.3115679161628376
3 0.49215854006273174 0.5477629987908101 0.9808953521528373 0.23780733575171303
3 0.5025662959794697 0.8301088270858525 0.9674935842600514 0.30028214429665456
