7 0.16367265469061879 0.1561870213623539 0.2338180781294554 0.053607416364369206
7 0.11391502708867979 0.43329302700523986 0.10236669518106645 0.05965336557839581
7 0.654975762760194 0.45284159613059255 0.18477331052181353 0.05844417573559049
7 0.18035357855717138 0.7400241837968561 0.2688907898488737 0.06852075775896817
1 0.35058454519532367 0.2523176138653769 0.5682919874536642 0.051592099959693674
1 0.2095808383233533 0.5155179363160016 0.2925577416595381 0.04917372027408303
1 0.7167094382663246 0.5308343409915357 0.2825777017393784 0.04594921402660218
1 0.3661248930710009 0.8291011688835147 0.6005132591958939 0.06287787182587666
12 0.10635871114913031 0.33252720677146314 0.1157684630738523 0.0886739218057235
13 0.6074992871400058 0.6185006045949214 0.11320216709438267 0.09875050382910118
13 0.10792700313658399 0.6134623135832326 0.12061591103507271 0.1064087061668682
11 0.1015112631879099 0.9195888754534463 0.10493299116053607 0.09633212414349053
12 0.07727402338180782 0.05259975816203144 0.12432278300541774 0.10197501007658202
11 0.21442828628457372 0.056831922611850064 0.14029084687767324 0.11366384522370013
4 0.5114057599087539 0.2636033857315599 0.9766181921870546 0.32245062474808545
5 0.2530652979754776 0.5255945183393793 0.49301397205588826 0.3022974607013301
5 0.7621899059024808 0.5534058847239017 0.47504990019960086 0.3127771060056429
4 0.50741374394069 0.8319226118500604 0.9846022241231823 0.3192261185006046
3 0.49885942400912464 0.058645707376058044 0.9965782720273739 0.11729141475211609
3 0.5014257199885943 0.25675130995566303 0.9965782720273739 0.3071342200725514
3 0.5014257199885943 0.5334542523176139 0.9965782720273739 0.3075372833534865
3 0.5014257199885943 0.822652156388553 0.9965782720273739 0.3071342200725514
