7 0.18676931850584547 0.18641676743248692 0.26575420587396636 0.05844417573559049
7 0.6763615625891075 0.16727126158806935 0.22583404619332764 0.07819427650141073
7 0.23994867408041062 0.5721483272873842 0.38066723695466215 0.07940346634421605
1 0.2687482178500143 0.26924627166465137 0.40747077274023386 0.1120515920999597
1 0.7476475620188195 0.2619911326078194 0.32734530938123757 0.12011285771866184
1 0.4873110921015113 0.6874244256348246 0.8445965212432279 0.12212817412333737
12 0.10906757912745937 0.3756549778315196 0.10578842315369262 0.094316807738815
12 0.09167379526660964 0.06610237807335752 0.12631879098944968 0.0951229343006852
10 0.13316224693470202 0.7948407900040306 0.1459937268320502 0.08625554212011285
10 0.22055888223552897 0.06388553002821443 0.11263187909894498 0.09310761789600967
11 0.3377530652979755 0.06267634018540912 0.1234673510122612 0.10842402257154374
11 0.6170516110635872 0.3694074969770254 0.11006558311947534 0.09955663039097139
8 0.46207584830339327 0.06086255542120113 0.12974051896207586 0.10076582023377671
5 0.28899344168805247 0.28012898024989924 0.525520387795837 0.3192261185006046
5 0.7690333618477332 0.2837565497783152 0.46022241231822075 0.34905280128980254
4 0.5192472198460223 0.6880290205562274 0.9609352723125179 0.3788794840790004
3 0.502994011976048 0.06368399838774688 0.9934416880524666 0.11527609834744056
3 0.5058454519532364 0.2851672712615881 0.9877388080980896 0.33413945989520355
3 0.5058454519532364 0.6852075775896816 0.9877388080980896 0.41999193873438134
