7 0.13373253493013973 0.15900846432889965 0.1608212147134303 0.04796453043127771
7 0.358426005132592 0.16062071745264006 0.14884516680923868 0.06247480854494156
7 0.5975192472198461 0.16686819830713423 0.15996578272027376 0.04836759371221282
7 0.8212147134302824 0.16686819830713423 0.17678927858568577 0.05481660620717453
7 0.21086398631308811 0.4355098750503829 0.29341317365269465 0.04796453043127771
10 0.10635871114913031 0.5765820233776703 0.08440262332477902 0.07537283353486497
10 0.4692044482463644 0.8665860540104797 0.09039064727687483 0.06610237807335752
10 0.18120901055032793 0.06207174526400645 0.0960935272312518 0.09189842805320436
10 0.7733105218135159 0.30290205562273276 0.0729968634160251 0.07376058041112454
11 0.28742514970059885 0.06771463119709795 0.1020815511833476 0.10721483272873841
9 0.07684630738522955 0.06146715034260379 0.10293698317650414 0.09310761789600967
13 0.3912175648702595 0.0705360741636437 0.10550327915597378 0.09754131398629586
12 0.09309951525520388 0.2928254735993551 0.08183632734530939 0.06731156791616284
11 0.3210721414314229 0.30511890366787586 0.06501283147989735 0.06690850463522774
11 0.1157684630738523 0.8704151551793632 0.10493299116053607 0.06731156791616284
13 0.5528942115768464 0.29242241031842 0.08155118334759054 0.07537283353486497
1 0.13758197889934418 0.20878677952438535 0.17080125463358997 0.042724707779121324
1 0.36427145708582837 0.2305521966948811 0.16566866267465072 0.05481660620717453
1 0.5762760193897919 0.22269246271664653 0.09980039920159682 0.05925030229746071
1 0.8260621613915028 0.21825876662636035 0.16880524664955804 0.03909713825070536
1 0.2385229540918164 0.4953647722692463 0.3282007413743941 0.06287787182587666
1 0.18192187054462505 0.7787182587666264 0.22127174222982607 0.060459492140266025
1 0.541345879669233 0.7553405884723902 0.20273738237810096 0.04030632809351068
7 0.49301397205588826 0.6930673115679162 0.13458796692329628 0.05280128980249899
7 0.15982321072141434 0.7081821846029827 0.19418306244653552 0.05401047964530432
6 0.1360136869118905 0.24627166465135028 0.21670943826632452 0.26118500604594924
6 0.3756772169945823 0.23982265215638857 0.21642429426860565 0.26118500604594924
6 0.5929569432563445 0.2365981459089077 0.21642429426860565 0.26118500604594924
6 0.822783005417736 0.2434502216848045 0.21642429426860565 0.26118500604594924
4 0.479469632164243 0.5308343409915357 0.9047619047619049 0.29665457476823864
5 0.21171941830624466 0.8027005239822652 0.3709723410322213 0.2946392583635631
5 0.6641003706871971 0.8045143087464732 0.5372112917023097 0.3111648528819025
3 0.5028514399771885 0.06025796049979847 0.9863130881094954 0.12051592099959695
3 0.5065583119475335 0.24687625957275294 0.9863130881094954 0.2889963724304716
3 0.5065583119475335 0.52801289802499 0.9863130881094954 0.2893994357114067
3 0.5065583119475335 0.8248690044336962 0.9863130881094954 0.3260781942765014
