7 0.13016823495865412 0.2249093107617896 0.14913031080695752 0.04353083434099154
7 0.10079840319361279 0.5137041515517936 0.13487311092101512 0.050382910116888356
7 0.33932135728542917 0.5078597339782346 0.13287710293698318 0.060459492140266025
7 0.6022241231822071 0.49032648125755746 0.13629883090960937 0.056831922611850064
7 0.8142286854861706 0.5020153164046756 0.1228970630168235 0.0761789600967352
7 0.13758197889934418 0.7664248286981057 0.18505845451953237 0.03829101168883515
7 0.6260336469917309 0.7819427650141072 0.17878528656971773 0.06287787182587666
12 0.10122611919019106 0.40870616686819833 0.13743940690048476 0.09754131398629586
12 0.09751924721984603 0.09068923821039904 0.1334473909324209 0.12898024989923418
12 0.5778443113772456 0.6618299072954454 0.09666381522668949 0.0951229343006852
12 0.10108354719133163 0.6684804514308746 0.13259195893926434 0.10197501007658202
13 0.23866552609067582 0.08806932688432084 0.13800969489592246 0.13663845223700122
11 0.7978329056173368 0.647118097541314 0.10607356715141147 0.10842402257154374
11 0.37653264898773886 0.09290608625554213 0.13145138294838896 0.1422813381700927
11 0.593812375249501 0.9222087867795244 0.12175648702594812 0.1064087061668682
13 0.33219275734245796 0.6757355904877066 0.10436270316509838 0.09633212414349053
1 0.3329056173367551 0.2950423216444982 0.5546050755631594 0.07174526400644901
1 0.3741089250071286 0.5777912132204757 0.16481323068149417 0.041515517936316006
1 0.11177644710578843 0.5850463522773076 0.1602509267179926 0.03345425231761387
1 0.6089250071286 0.5705360741636437 0.14970059880239522 0.03345425231761387
1 0.8272027373823782 0.5737605804111245 0.11861990305104078 0.029423619508262798
1 0.20145423438836615 0.8514711809754132 0.2506415739948674 0.05118903667875857
1 0.7111491303108071 0.8419991938734381 0.33989164528086685 0.05239822652156389
4 0.49714856002281155 0.2984683595324466 0.9674935842600514 0.2777106005642886
6 0.13202167094382664 0.5989520354695688 0.23723980610208156 0.28133817009270456
6 0.36940404904476765 0.5880693268843209 0.23695466210436272 0.28133817009270456
6 0.6086398631308811 0.5860540104796453 0.23695466210436272 0.28133817009270456
6 0.8410322212717423 0.5844417573559049 0.23695466210436272 0.28133817009270456
5 0.264613629883091 0.8627569528415961 0.4881665240946678 0.26642482869810563
5 0.723267750213858 0.8663845223700122 0.487881380096949 0.26642482869810563
3 0.5078414599372684 0.07638049173720274 0.9808953521528373 0.15276098347440548
3 0.5068434559452524 0.2926239419588876 0.9828913601368692 0.2845626763401854
3 0.5045623039635017 0.5854494155582427 0.9903051040775592 0.3147924224103184
3 0.5049900199600799 0.852881902458686 0.9894496720844027 0.2668278919790407
