7 0.21514114627887085 0.20818218460298268 0.33846592529227265 0.04393389762192664
7 0.7306814941545481 0.2003224506247481 0.31850584545195326 0.05481660620717453
7 0.11191901910464785 0.4651350261991133 0.14285714285714288 0.05401047964530432
7 0.3326204733390362 0.44840790004030634 0.10692899914456802 0.02700523982265216
7 0.5932420872540634 0.4465941152760984 0.1086398631308811 0.03708182184602983
7 0.8407470772740234 0.4647319629181782 0.14399771884801826 0.03466344216041919
7 0.21200456230396353 0.6997178557033454 0.27516395779868835 0.03708182184602983
1 0.24978614200171087 0.7623941958887546 0.35985172512118624 0.04393389762192664
1 0.12974051896207586 0.5227730753728336 0.15169660678642716 0.07496977025392987
1 0.35999429712004566 0.5 0.15996578272027376 0.05602579604997985
1 0.6186199030510409 0.5092704554615075 0.1559737667522099 0.08182184602982669
1 0.8370402053036784 0.5060459492140266 0.13544339891645282 0.03909713825070536
1 0.742087254063302 0.2535268037081822 0.33846592529227265 0.060459492140266025
1 0.18263473053892218 0.2652156388553003 0.27345309381237526 0.04594921402660218
11 0.08126603934987169 0.09713825070536075 0.1311662389506701 0.13462313583232569
11 0.0968063872255489 0.32688432083837166 0.1240376390076989 0.07980652962515115
11 0.10992301112061592 0.8593309149536478 0.11833475905332194 0.07174526400644901
8 0.21143427430852582 0.08343409915356712 0.13088109495295125 0.12736799677549376
8 0.3179355574565156 0.5759774284562676 0.08098089535215285 0.060459492140266025
8 0.5979469632164244 0.30390971382507054 0.10037068719703451 0.06932688432083838
9 0.5745651554034789 0.5775896815800081 0.09637867122897063 0.07496977025392987
9 0.7868548617051612 0.5630794034663442 0.07442258340461934 0.06610237807335752
9 0.33404619332763047 0.08847239016525595 0.12118619903051042 0.1285771866182991
8 0.08041060735671515 0.5939137444578799 0.07185628742514971 0.05602579604997985
5 0.2296834901625321 0.27871825876662637 0.44625035642999716 0.22047561467150342
5 0.7539207299686342 0.25977428456267637 0.46193327630453385 0.23176138653768644
6 0.1311662389506701 0.5257960499798469 0.22925577416595383 0.22611850060459493
6 0.36070715711434276 0.5205562273276905 0.2315369261477046 0.23417976622329706
6 0.6169090390647277 0.5126964933494559 0.21471343028229256 0.20959290608625555
6 0.835899629312803 0.5274083031035873 0.2107214143142287 0.22289399435711407
4 0.48246364414029086 0.8101571946795647 0.93812375249501 0.36275695284159615
3 0.4955802680353579 0.0800080612656187 0.9865982321072142 0.15195485691253527
3 0.49985742800114064 0.2769044740024184 0.9997148560022813 0.23135832325675132
3 0.49985742800114064 0.5213623538895606 0.9997148560022813 0.27287384119306735
3 0.49985742800114064 0.8117694478033052 0.9997148560022813 0.3305118903667876
