7 0.12855922551252846 0.27157258064516127 0.09424829157175398 0.044758064516129036
7 0.3600512528473804 0.24818548387096775 0.10905466970387243 0.024596774193548387
7 0.5878416856492027 0.2306451612903226 0.08228929384965832 0.03467741935483871
7 0.8254555808656036 0.23125 0.06719817767653759 0.038306451612903226
7 0.18479498861047836 0.5157258064516129 0.15717539863325738 0.031451612903225803
7 0.15874145785876992 0.7659274193548387 0.10506833712984054 0.03024193548387097
7 0.5679100227790432 0.7425403225806452 0.08855353075170842 0.04395161290322581
1 0.1594533029612756 0.31471774193548385 0.16059225512528474 0.06169354838709677
1 0.3970671981776765 0.2923387096774194 0.16771070615034167 0.06854838709677419
1 0.6363895216400911 0.28286290322580643 0.1765375854214123 0.0625
1 0.8567767653758541 0.2794354838709677 0.15034168564920272 0.05806451612903226
1 0.5296127562642369 0.5685483870967742 0.7602505694760819 0.08709677419354839
1 0.29085990888382685 0.8143145161290323 0.3265945330296127 0.08185483870967741
1 0.7044419134396355 0.8018145161290322 0.35022779043280183 0.07943548387096774
9 0.10549544419134396 0.3975806451612903 0.07260820045558086 0.0814516129032258
8 0.3505125284738041 0.3629032258064516 0.08086560364464693 0.07983870967741935
10 0.5925398633257403 0.3522177419354839 0.07915717539863325 0.08266129032258064
11 0.82374715261959 0.35846774193548386 0.06719817767653759 0.08387096774193549
13 0.15190774487471526 0.6530241935483871 0.09652619589977221 0.0907258064516129
12 0.15632118451025057 0.9094758064516129 0.10990888382687927 0.0907258064516129
12 0.5740318906605922 0.8836693548387097 0.09567198177676538 0.08185483870967741
13 0.12457289293849658 0.11411290322580644 0.14322323462414577 0.1443548387096774
9 0.2796127562642369 0.1219758064516129 0.13838268792710706 0.1625
11 0.43080865603644647 0.10705645161290323 0.13382687927107062 0.15443548387096775
8 0.5454157175398633 0.10584677419354839 0.0862756264236902 0.1342741935483871
11 0.6574601366742596 0.10584677419354839 0.14863325740318906 0.1592741935483871
10 0.7925683371298405 0.10745967741935483 0.11873576309794988 0.1310483870967742
6 0.1578872437357631 0.3225806451612903 0.2189635535307517 0.267741935483871
6 0.3976366742596811 0.3219758064516129 0.2383257403189066 0.26653225806451614
6 0.634253986332574 0.31028225806451615 0.2383257403189066 0.26653225806451614
6 0.8748576309794989 0.30705645161290324 0.2383257403189066 0.26653225806451614
4 0.5109624145785877 0.5824596774193549 0.9000569476082004 0.24556451612903227
5 0.2706435079726651 0.8407258064516129 0.436503416856492 0.2911290322580645
5 0.6940489749430524 0.8419354838709677 0.436503416856492 0.2911290322580645
3 0.5078302961275626 0.09254032258064517 0.9632687927107061 0.18024193548387096
3 0.5162300683371298 0.31471774193548385 0.9669703872437357 0.2770161290322581
3 0.5162300683371298 0.5929435483870967 0.9669703872437357 0.2770161290322581
3 0.5162300683371298 0.8316532258064516 0.9669703872437357 0.2770161290322581
