7 0.4808467741935484 0.21660958904109587 0.8818548387096774 0.06792237442922375
7 0.15786290322580646 0.511986301369863 0.19556451612903225 0.0547945205479452
7 0.4149193548387097 0.5194063926940639 0.20725806451612902 0.08333333333333333
7 0.6701612903225806 0.4817351598173516 0.22258064516129034 0.05593607305936073
7 0.898991935483871 0.4765981735159817 0.17056451612903226 0.0547945205479452
1 0.15423387096774194 0.5547945205479452 0.18991935483870967 0.03767123287671233
1 0.1993951612903226 0.6110159817351598 0.08588709677419355 0.12842465753424656
1 0.4721774193548387 0.6124429223744292 0.07661290322580645 0.091324200913242
1 0.6673387096774194 0.5390981735159817 0.20967741935483872 0.04280821917808219
1 0.7308467741935484 0.6144406392694064 0.07137096774193548 0.10445205479452055
1 0.895766129032258 0.5353881278538812 0.17459677419354838 0.0319634703196347
1 0.46108870967741933 0.2699771689497717 0.8310483870967742 0.05821917808219178
1 0.523991935483871 0.32819634703196343 0.7165322580645161 0.1632420091324201
1 0.2804435483870968 0.7913812785388128 0.43588709677419357 0.09988584474885845
1 0.31370967741935485 0.8467465753424657 0.21370967741935484 0.12271689497716895
1 0.7439516129032258 0.771404109589041 0.40161290322580645 0.07819634703196346
1 0.7582661290322581 0.8224885844748858 0.13266129032258064 0.11187214611872145
10 0.0905241935483871 0.07848173515981735 0.1536290322580645 0.1295662100456621
10 0.09495967741935483 0.6315639269406392 0.11008064516129032 0.12271689497716895
10 0.6106854838709678 0.8752853881278538 0.1504032258064516 0.1204337899543379
9 0.09556451612903226 0.36929223744292233 0.1217741935483871 0.1232876712328767
9 0.7491935483870967 0.0853310502283105 0.16693548387096774 0.15468036529680365
13 0.12016129032258065 0.9058219178082191 0.1403225806451613 0.11643835616438356
12 0.4173387096774194 0.08133561643835616 0.16370967741935483 0.1307077625570776
12 0.6245967741935484 0.6172945205479452 0.12096774193548387 0.12728310502283105
8 0.848991935483871 0.6144406392694064 0.11088709677419355 0.1307077625570776
11 0.3665322580645161 0.6232876712328766 0.11774193548387096 0.11986301369863013
11 0.25120967741935485 0.07562785388127853 0.16048387096774194 0.1307077625570776
4 0.49435483870967745 0.2913812785388128 0.9725806451612903 0.2939497716894977
6 0.15100806451612903 0.579337899543379 0.2528225806451613 0.2625570776255708
6 0.4147177419354839 0.5679223744292237 0.2528225806451613 0.2625570776255708
6 0.6618951612903226 0.5633561643835616 0.2528225806451613 0.2625570776255708
6 0.886491935483871 0.569634703196347 0.22620967741935483 0.2705479452054794
6 0.27983870967741936 0.8390410958904109 0.5016129032258064 0.29452054794520544
6 0.7600806451612904 0.841324200913242 0.4790322580645161 0.29452054794520544
3 0.5016129032258064 0.0807648401826484 0.9959677419354839 0.1535388127853881
3 0.5028225806451613 0.2939497716894977 0.9935483870967742 0.2842465753424657
3 0.5024193548387097 0.5650684931506849 0.9887096774193549 0.2819634703196347
3 0.5030241935483871 0.8327625570776255 0.9931451612903226 0.2819634703196347
