7 0.2 0.28689931350114417 0.2862903225806452 0.07608695652173914
1 0.27298387096774196 0.3618421052631579 0.12661290322580646 0.10697940503432495
7 0.5606854838709677 0.28804347826086957 0.2754032258064516 0.060068649885583525
7 0.8475806451612903 0.2951945080091533 0.20725806451612902 0.057208237986270026
1 0.7858870967741935 0.34210526315789475 0.10080645161290322 0.034324942791762014
1 0.5129032258064516 0.33152173913043476 0.1596774193548387 0.039473684210526314
7 0.2679435483870968 0.6141304347826086 0.42620967741935484 0.07036613272311212
7 0.7362903225806452 0.6072654462242563 0.40483870967741936 0.04519450800915332
1 0.2608870967741935 0.683066361556064 0.38306451612903225 0.06979405034324943
1 0.3631048387096774 0.7974828375286042 0.19314516129032258 0.17048054919908467
1 0.7467741935483871 0.6925057208237986 0.4241935483870968 0.07494279176201372
1 0.8526209677419355 0.8135011441647597 0.2060483870967742 0.16247139588100687
8 0.13407258064516128 0.3984553775743707 0.15120967741935484 0.12757437070938216
10 0.16975806451612904 0.8034897025171625 0.20080645161290323 0.17562929061784896
12 0.4925403225806452 0.09811212814645309 0.17137096774193547 0.16075514874141877
12 0.8084677419354839 0.4224828375286041 0.12741935483870967 0.12871853546910755
11 0.3094758064516129 0.09610983981693363 0.18508064516129033 0.17620137299771166
11 0.4971774193548387 0.4139016018306636 0.15806451612903225 0.12871853546910755
13 0.68125 0.11784897025171624 0.20443548387096774 0.17162471395881007
13 0.6334677419354838 0.8123569794050344 0.22258064516129034 0.16018306636155608
10 0.12600806451612903 0.09496567505720824 0.17056451612903226 0.16933638443935928
5 0.37540322580645163 0.3738558352402746 0.7032258064516129 0.3049199084668192
5 0.8598790322580645 0.38615560640732266 0.2794354838709677 0.30549199084668194
5 0.2629032258064516 0.7445652173913043 0.4814516129032258 0.4147597254004577
5 0.7397177419354839 0.7419908466819222 0.5092741935483871 0.39359267734553777
3 0.5122983870967742 0.10926773455377574 0.9737903225806451 0.2116704805491991
3 0.5125 0.3792906178489703 0.9741935483870968 0.3295194508009153
3 0.5125 0.7643020594965675 0.9741935483870968 0.4462242562929062
