7 0.4870967741935484 0.20148401826484016 0.8879032258064516 0.0547945205479452
7 0.2872983870967742 0.4389269406392694 0.46088709677419354 0.06735159817351598
7 0.7564516129032258 0.45605022831050224 0.38467741935483873 0.0639269406392694
7 0.14818548387096775 0.7051940639269406 0.1778225806451613 0.046232876712328765
7 0.4028225806451613 0.7228881278538812 0.15645161290322582 0.046232876712328765
7 0.6445564516129032 0.7117579908675798 0.16975806451612904 0.06621004566210045
7 0.8717741935483871 0.7288812785388128 0.17903225806451614 0.06050228310502283
1 0.3463709677419355 0.4948630136986301 0.2838709677419355 0.05821917808219178
1 0.8155241935483871 0.5328196347031963 0.25443548387096776 0.10102739726027396
1 0.1651209677419355 0.7768264840182648 0.1963709677419355 0.08447488584474885
1 0.22439516129032258 0.8664383561643835 0.11169354838709677 0.1449771689497717
1 0.39475806451612905 0.771404109589041 0.15564516129032258 0.04737442922374429
1 0.4536290322580645 0.8476027397260274 0.07983870967741935 0.1141552511415525
1 0.6522177419354839 0.7842465753424657 0.18508064516129033 0.08561643835616438
1 0.7038306451612903 0.8644406392694064 0.06814516129032258 0.12271689497716895
1 0.8643145161290322 0.7871004566210045 0.15685483870967742 0.0821917808219178
1 0.915725806451613 0.8590182648401826 0.08306451612903226 0.11643835616438356
1 0.5669354838709677 0.2896689497716895 0.7467741935483871 0.12157534246575341
10 0.09455645161290323 0.0699200913242009 0.15604838709677418 0.12385844748858446
10 0.6080645161290322 0.8801369863013698 0.0967741935483871 0.11529680365296803
8 0.24899193548387097 0.06963470319634703 0.15604838709677418 0.1312785388127854
8 0.13407258064516128 0.5559360730593607 0.1310483870967742 0.1358447488584475
8 0.10504032258064516 0.8695776255707762 0.11491935483870967 0.12385844748858446
12 0.5338709677419354 0.07334474885844748 0.16129032258064516 0.1307077625570776
12 0.8227822580645161 0.8812785388127853 0.09717741935483871 0.10616438356164383
11 0.3943548387096774 0.07077625570776255 0.13951612903225807 0.13812785388127852
11 0.35604838709677417 0.8618721461187214 0.09758064516129032 0.11187214611872145
13 0.6191532258064516 0.5465182648401826 0.12701612903225806 0.11929223744292236
9 0.10020161290322581 0.3010844748858447 0.1375 0.1204337899543379
4 0.5038306451612903 0.28253424657534243 0.9915322580645162 0.2785388127853881
5 0.27641129032258066 0.5159817351598173 0.5100806451612904 0.2602739726027397
5 0.7655241935483871 0.5219748858447488 0.4568548387096774 0.2654109589041096
6 0.1528225806451613 0.8133561643835616 0.27983870967741936 0.3344748858447488
6 0.4032258064516129 0.8087899543378995 0.24758064516129033 0.3344748858447488
6 0.6475806451612903 0.8127853881278538 0.24758064516129033 0.3344748858447488
6 0.8758064516129033 0.8127853881278538 0.24758064516129033 0.3344748858447488
