7 0.4846774193548387 0.2408466819221968 0.8725806451612903 0.09153318077803203
7 0.2346774193548387 0.45852402745995424 0.39838709677419354 0.07608695652173914
7 0.7203629032258064 0.46281464530892447 0.39153225806451614 0.08466819221967964
1 0.8084677419354839 0.5712242562929062 0.27903225806451615 0.09439359267734554
1 0.30786290322580645 0.5543478260869565 0.2657258064516129 0.08924485125858124
7 0.1465725806451613 0.6913615560640732 0.18346774193548387 0.06807780320366133
7 0.3405241935483871 0.6885011441647597 0.10927419354838709 0.05205949656750572
7 0.5941532258064516 0.7039473684210527 0.17298387096774193 0.06464530892448513
7 0.8445564516129033 0.7245423340961098 0.17620967741935484 0.07036613272311212
1 0.3741935483870968 0.75 0.14919354838709678 0.05377574370709382
1 0.10463709677419354 0.7705949656750573 0.13588709677419356 0.057208237986270026
1 0.5959677419354839 0.7594393592677345 0.16129032258064516 0.06807780320366133
1 0.6451612903225806 0.8229405034324943 0.02258064516129032 0.07379862700228833
1 0.8181451612903226 0.7903318077803204 0.14516129032258066 0.039473684210526314
1 0.8953629032258065 0.8604118993135011 0.06975806451612904 0.11556064073226545
11 0.07741935483870968 0.09067505720823799 0.1217741935483871 0.15160183066361557
11 0.790725806451613 0.8778604118993135 0.11935483870967742 0.13787185354691076
12 0.19858870967741934 0.08266590389016018 0.12620967741935485 0.15389016018306637
8 0.3280241935483871 0.08381006864988558 0.1342741935483871 0.15389016018306637
8 0.10221774193548387 0.8655606407322655 0.14233870967741935 0.13729977116704806
9 0.45141129032258065 0.08552631578947369 0.1310483870967742 0.14931350114416475
9 0.5536290322580645 0.8629862700228833 0.12338709677419354 0.15617848970251716
10 0.3276209677419355 0.8486842105263158 0.13185483870967743 0.12528604118993136
13 0.58125 0.5532036613272311 0.13991935483870968 0.12242562929061784
4 0.5050403225806451 0.2963386727688787 0.9891129032258065 0.2643020594965675
5 0.24637096774193548 0.5100114416475973 0.49274193548387096 0.2602974828375286
5 0.7465725806451613 0.5346109839816934 0.5060483870967742 0.27860411899313503
6 0.13629032258064516 0.7940503432494279 0.25564516129032255 0.3352402745995423
6 0.3622983870967742 0.7880434782608695 0.22943548387096774 0.33009153318077805
6 0.5852822580645162 0.8012013729977117 0.22943548387096774 0.33009153318077805
6 0.8383064516129032 0.8097826086956522 0.27338709677419354 0.3266590389016018
3 0.5004032258064516 0.08895881006864989 0.9983870967741936 0.16189931350114417
3 0.5004032258064516 0.30005720823798626 0.9983870967741936 0.2694508009153318
3 0.5004032258064516 0.5348970251716247 0.9983870967741936 0.2997711670480549
3 0.5004032258064516 0.8072082379862701 0.9983870967741936 0.3512585812356979
