7 0.26048387096774195 0.2379862700228833 0.40725806451612906 0.07665903890160183
7 0.7379032258064516 0.21767734553775744 0.4314516129032258 0.060068649885583525
7 0.10120967741935484 0.4702517162471396 0.12903225806451613 0.06178489702517163
7 0.3463709677419355 0.459954233409611 0.18467741935483872 0.05606407322654462
7 0.6161290322580645 0.4676773455377574 0.22338709677419355 0.07151029748283753
7 0.46754032258064515 0.7602974828375286 0.8350806451612903 0.09725400457665904
7 0.86875 0.46310068649885583 0.19475806451612904 0.06693363844393593
1 0.9205645161290322 0.5740846681922197 0.06290322580645161 0.11727688787185354
1 0.3217741935483871 0.879862700228833 0.1588709677419355 0.08695652173913043
1 0.36774193548387096 0.5168764302059496 0.22419354838709676 0.04290617848970252
1 0.6778225806451613 0.5574942791762014 0.08306451612903226 0.07379862700228833
1 0.10786290322580645 0.5263157894736842 0.11088709677419355 0.04004576659038902
1 0.3280241935483871 0.31607551487414187 0.28024193548387094 0.05091533180778032
1 0.7943548387096774 0.30749427917620137 0.24193548387096775 0.06807780320366133
8 0.10786290322580645 0.33009153318077805 0.13266129032258064 0.11556064073226545
8 0.8185483870967742 0.5966819221967964 0.11290322580645161 0.12585812356979406
10 0.5622983870967742 0.602116704805492 0.1310483870967742 0.13443935926773457
12 0.1342741935483871 0.8689931350114416 0.1870967741935484 0.14187643020594964
12 0.09415322580645161 0.08667048054919908 0.17379032258064517 0.15732265446224256
11 0.5792338709677419 0.08237986270022883 0.15443548387096775 0.15560640732265446
10 0.5917338709677419 0.32036613272311215 0.1528225806451613 0.14530892448512586
11 0.2625 0.08266590389016018 0.1629032258064516 0.15846681922196795
13 0.4266129032258065 0.07980549199084669 0.1620967741935484 0.15846681922196795
9 0.3211693548387097 0.602116704805492 0.15120967741935484 0.12757437070938216
9 0.10564516129032259 0.6104118993135011 0.13870967741935483 0.12242562929061784
4 0.5058467741935484 0.8446796338672768 0.9858870967741935 0.3037757437070938
4 0.25040322580645163 0.2814645308924485 0.4838709677419355 0.2528604118993135
4 0.7445564516129032 0.2823226544622426 0.5100806451612904 0.24542334096109839
6 0.11834677419354839 0.5454805491990846 0.22943548387096774 0.2808924485125858
6 0.35866935483870965 0.545766590389016 0.26653225806451614 0.3112128146453089
6 0.6189516129032258 0.545766590389016 0.29354838709677417 0.30892448512585813
6 0.8713709677419355 0.5483409610983981 0.2564516129032258 0.33237986270022885
3 0.50625 0.08409610983981694 0.9866935483870968 0.16819221967963388
3 0.5054435483870968 0.2723112128146453 0.9866935483870968 0.2665903890160183
3 0.50625 0.540903890160183 0.9866935483870968 0.3094965675057208
3 0.50625 0.8443935926773456 0.9866935483870968 0.3100686498855835
