7 0.11088709677419355 0.25028604118993136 0.16370967741935483 0.07265446224256293
7 0.36370967741935484 0.2654462242562929 0.20403225806451614 0.08581235697940504
7 0.604233870967742 0.24284897025171626 0.19314516129032258 0.06464530892448513
7 0.8508064516129032 0.2551487414187643 0.18548387096774194 0.06292906178489703
7 0.23790322580645162 0.6281464530892449 0.4032258064516129 0.08237986270022883
7 0.7221774193548387 0.6104118993135011 0.44193548387096776 0.09038901601830664
1 0.1372983870967742 0.31950800915331806 0.16088709677419355 0.05320366132723112
1 0.3596774193548387 0.32265446224256294 0.1403225806451613 0.028604118993135013
1 0.4221774193548387 0.3881578947368421 0.06048387096774194 0.11155606407322655
1 0.6092741935483871 0.300629290617849 0.1629032258064516 0.039473684210526314
1 0.8520161290322581 0.31321510297482835 0.09919354838709678 0.04519450800915332
1 0.709274193548387 0.691933638443936 0.40483870967741936 0.04290617848970252
1 0.8002016129032258 0.7625858123569794 0.21330645161290324 0.19794050343249428
1 0.30120967741935484 0.7551487414187643 0.1967741935483871 0.17620137299771166
5 0.23286290322580644 0.726258581235698 0.4657258064516129 0.3804347826086957
11 0.584274193548387 0.812929061784897 0.2 0.15331807780320367
11 0.39737903225806454 0.09782608695652174 0.15685483870967742 0.16590389016018306
11 0.08830645161290322 0.08552631578947369 0.16370967741935483 0.16418764302059496
9 0.5776209677419355 0.39702517162471396 0.1342741935483871 0.14874141876430205
8 0.5649193548387097 0.09668192219679633 0.16774193548387098 0.17963386727688788
10 0.7977822580645161 0.39588100686498856 0.11088709677419355 0.12700228832951946
12 0.3342741935483871 0.4116132723112128 0.13709677419354838 0.15846681922196795
13 0.12560483870967742 0.7831807780320366 0.17137096774193547 0.16819221967963388
10 0.0840725806451613 0.41647597254004576 0.13346774193548386 0.14073226544622425
12 0.24455645161290324 0.09153318077803203 0.1721774193548387 0.16933638443935928
10 0.1308467741935484 0.33867276887871856 0.2616935483870968 0.33981693363844395
5 0.7322580645161291 0.7225400457665904 0.5346774193548387 0.39244851258581237
6 0.12520161290322582 0.334954233409611 0.2495967741935484 0.33009153318077805
6 0.3651209677419355 0.3412471395881007 0.2495967741935484 0.33009153318077805
6 0.6171370967741936 0.33123569794050345 0.28266129032258064 0.33752860411899316
6 0.8600806451612903 0.32065217391304346 0.27903225806451615 0.32780320366132726
3 0.49536290322580645 0.08609839816933638 0.9834677419354839 0.17219679633867277
3 0.5078629032258064 0.3426773455377574 0.9834677419354839 0.34553775743707094
3 0.49375 0.7477116704805492 0.9834677419354839 0.4244851258581236
