7 0.12620967741935485 0.204233409610984 0.16774193548387098 0.06292906178489703
7 0.3659274193548387 0.1890732265446224 0.1342741935483871 0.06464530892448513
7 0.5862903225806452 0.19622425629290619 0.14677419354838708 0.04004576659038902
7 0.8445564516129033 0.21138443935926773 0.17620967741935484 0.044050343249427915
7 0.48608870967741935 0.4748283752860412 0.8899193548387097 0.09839816933638444
7 0.25483870967741934 0.7788901601830663 0.42016129032258065 0.08066361556064074
7 0.7274193548387097 0.7588672768878718 0.3919354838709677 0.09096109839816933
1 0.1939516129032258 0.27860411899313503 0.075 0.11899313501144165
1 0.38064516129032255 0.24399313501144165 0.11854838709677419 0.033752860411899316
1 0.43205645161290324 0.2920480549199085 0.053629032258064514 0.03489702517162471
1 0.6169354838709677 0.25085812356979403 0.1879032258064516 0.04748283752860412
1 0.6697580645161291 0.3166475972540046 0.07903225806451612 0.062356979405034325
1 0.8673387096774193 0.25886727688787187 0.18629032258064515 0.05091533180778032
1 0.9122983870967742 0.3446796338672769 0.09153225806451613 0.12070938215102975
1 0.5580645161290323 0.5835240274599542 0.7024193548387097 0.12356979405034325
1 0.32661290322580644 0.8744279176201373 0.22419354838709676 0.06922196796338673
1 0.7945564516129032 0.8672768878718535 0.22620967741935483 0.06864988558352403
8 0.09092741935483871 0.31950800915331806 0.13024193548387097 0.15617848970251716
11 0.33125 0.33466819221967964 0.1342741935483871 0.14759725400457666
12 0.5534274193548387 0.34782608695652173 0.1350806451612903 0.14187643020594964
9 0.7889112903225807 0.3481121281464531 0.13346774193548386 0.12986270022883295
13 0.5897177419354839 0.8832951945080092 0.15524193548387097 0.13958810068649885
10 0.1127016129032258 0.5961098398169337 0.15201612903225806 0.13272311212814644
11 0.12358870967741936 0.8890160183066361 0.18508064516129033 0.14187643020594964
12 0.07762096774193548 0.06464530892448513 0.13588709677419356 0.12929061784897025
9 0.20383064516129032 0.06464530892448513 0.12056451612903225 0.12929061784897025
6 0.1377016129032258 0.27316933638443935 0.25766129032258067 0.29691075514874143
6 0.37540322580645163 0.28175057208237986 0.2346774193548387 0.3003432494279176
6 0.6094758064516129 0.28060640732265446 0.24717741935483872 0.31064073226544625
6 0.8554435483870968 0.28832951945080093 0.2737903225806452 0.30892448512585813
4 0.4907258064516129 0.5612128146453089 0.9814516129032258 0.28604118993135014
5 0.25 0.8303775743707094 0.482258064516129 0.2740274599542334
5 0.7286290322580645 0.8295194508009154 0.49032258064516127 0.2917620137299771
3 0.49375 0.06893592677345538 0.9858870967741935 0.13787185354691076
3 0.49959677419354837 0.27717391304347827 0.9991935483870967 0.3049199084668192
3 0.4997983870967742 0.5594965675057209 0.9995967741935484 0.2917620137299771
3 0.4997983870967742 0.8312356979405034 0.9995967741935484 0.2917620137299771
