7 0.1350806451612903 0.2379862700228833 0.18387096774193548 0.07665903890160183
7 0.3808467741935484 0.22911899313501144 0.17298387096774193 0.09210526315789473
7 0.6443548387096775 0.2488558352402746 0.20080645161290323 0.08123569794050343
7 0.8546370967741935 0.24113272311212813 0.15604838709677418 0.06807780320366133
7 0.2469758064516129 0.5208810068649885 0.3786290322580645 0.07494279176201372
7 0.7320564516129032 0.5323226544622426 0.41008064516129034 0.08066361556064074
7 0.45403225806451614 0.7963386727688787 0.7524193548387097 0.06750572082379863
1 0.2120967741935484 0.34210526315789475 0.07741935483870968 0.11784897025171624
1 0.43870967741935485 0.34096109839816935 0.062096774193548386 0.11098398169336385
1 0.6850806451612903 0.35411899313501144 0.10564516129032259 0.10640732265446225
1 0.905241935483871 0.3040617848970252 0.10241935483870968 0.041762013729977114
1 0.2911290322580645 0.6075514874141876 0.1782258064516129 0.08352402745995423
1 0.7651209677419355 0.6513157894736842 0.23266129032258065 0.07608695652173914
1 0.5532258064516129 0.8810068649885584 0.7104838709677419 0.08466819221967964
12 0.11411290322580644 0.8887299771167048 0.13548387096774195 0.13787185354691076
13 0.5752016129032258 0.6235697940503433 0.13185483870967743 0.10869565217391304
9 0.8268145161290322 0.37128146453089245 0.11814516129032258 0.11670480549199085
8 0.5741935483870968 0.3606979405034325 0.10241935483870968 0.12871853546910755
9 0.3469758064516129 0.3498283752860412 0.13024193548387097 0.12185354691075514
8 0.10443548387096774 0.352116704805492 0.13629032258064516 0.13100686498855835
11 0.10967741935483871 0.6521739130434783 0.15806451612903225 0.12013729977116705
10 0.26995967741935484 0.07522883295194507 0.16975806451612904 0.14473684210526316
9 0.10241935483870968 0.08295194508009153 0.17580645161290323 0.14988558352402745
6 0.1473790322580645 0.30749427917620137 0.2600806451612903 0.27745995423340963
6 0.3860887096774194 0.31178489702517165 0.23508064516129032 0.2951945080091533
6 0.6352822580645161 0.3189359267734554 0.25766129032258067 0.3094965675057208
6 0.870766129032258 0.3275171624713959 0.25766129032258067 0.3094965675057208
5 0.2495967741935484 0.5883867276887872 0.4629032258064516 0.267162471395881
5 0.7316532258064516 0.6075514874141876 0.4915322580645161 0.28832951945080093
5 0.5056451612903226 0.8606979405034325 0.9701612903225807 0.272883295194508
3 0.5050403225806451 0.08295194508009153 0.9891129032258065 0.16590389016018306
3 0.4997983870967742 0.32179633867276886 0.9995967741935484 0.3209382151029748
3 0.4997983870967742 0.5946796338672768 0.9995967741935484 0.3209382151029748
3 0.4997983870967742 0.8586956521739131 0.9995967741935484 0.2814645308924485
