7 0.4830645161290323 0.21824942791762014 0.9112903225806451 0.08180778032036613
7 0.15141129032258063 0.4934210526315789 0.21008064516129032 0.07036613272311212
7 0.4102822580645161 0.47454233409610985 0.14475806451612902 0.07494279176201372
7 0.6645161290322581 0.49113272311212813 0.20725806451612902 0.07723112128146453
7 0.8830645161290323 0.5151601830663616 0.16129032258064516 0.07951945080091533
7 0.27157258064516127 0.7657322654462243 0.4165322580645161 0.07608695652173914
7 0.757258064516129 0.772883295194508 0.4129032258064516 0.09038901601830664
1 0.8252016129032258 0.8712814645308925 0.22701612903225807 0.08466819221967964
1 0.3713709677419355 0.8732837528604119 0.25806451612903225 0.15274599542334097
1 0.7189516129032258 0.5663615560640732 0.06451612903225806 0.08009153318077804
1 0.9330645161290323 0.5952517162471396 0.05967741935483871 0.06922196796338673
1 0.4782258064516129 0.5763729977116705 0.08064516129032258 0.12185354691075514
1 0.22943548387096774 0.5915331807780321 0.06532258064516129 0.10183066361556065
1 0.5707661290322581 0.29919908466819223 0.7221774193548387 0.08924485125858124
11 0.11310483870967741 0.3320938215102975 0.16975806451612904 0.14016018306636155
8 0.12076612903225807 0.6049771167048055 0.14879032258064517 0.13100686498855835
10 0.3875 0.5955377574370709 0.11935483870967742 0.14302059496567507
9 0.1282258064516129 0.8924485125858124 0.17983870967741936 0.14530892448512586
12 0.6157258064516129 0.8910183066361556 0.17903225806451614 0.13787185354691076
12 0.8433467741935484 0.6238558352402745 0.13185483870967743 0.12643020594965676
9 0.6258064516129033 0.607837528604119 0.1338709677419355 0.13443935926773457
13 0.2030241935483871 0.08381006864988558 0.1310483870967742 0.15389016018306637
8 0.0717741935483871 0.07465675057208238 0.13064516129032258 0.14244851258581237
4 0.4899193548387097 0.30005720823798626 0.967741935483871 0.3049199084668192
6 0.16068548387096773 0.5537757437070938 0.2939516129032258 0.2745995423340961
6 0.42096774193548386 0.5520594965675057 0.24435483870967742 0.28489702517162474
6 0.661491935483871 0.562070938215103 0.2399193548387097 0.29347826086956524
6 0.8868951612903225 0.5732265446224256 0.2254032258064516 0.2917620137299771
5 0.26411290322580644 0.842391304347826 0.5120967741935484 0.3026315789473684
5 0.7584677419354838 0.846395881006865 0.47258064516129034 0.3060640732265446
3 0.5026209677419354 0.07780320366132723 0.9931451612903226 0.14874141876430205
3 0.5016129032258064 0.30120137299771166 0.9959677419354839 0.33123569794050345
3 0.5016129032258064 0.5666475972540046 0.9959677419354839 0.31178489702517165
3 0.5016129032258064 0.8432494279176201 0.9959677419354839 0.3123569794050343
