7 0.24858870967741936 0.2225400457665904 0.42782258064516127 0.07665903890160183
7 0.7022177419354839 0.21538901601830665 0.39556451612903226 0.08066361556064074
7 0.1284274193548387 0.4439359267734554 0.1939516129032258 0.059496567505720827
7 0.6431451612903226 0.48026315789473684 0.20161290322580644 0.06807780320366133
7 0.3792338709677419 0.47053775743707094 0.20846774193548387 0.07151029748283753
7 0.8790322580645161 0.5 0.18951612903225806 0.059496567505720827
7 0.2435483870967742 0.7554347826086957 0.3943548387096774 0.06922196796338673
7 0.7487903225806452 0.7631578947368421 0.43870967741935485 0.08237986270022883
1 0.20423387096774193 0.5131578947368421 0.08991935483870968 0.05263157894736842
1 0.44556451612903225 0.5643592677345538 0.06370967741935483 0.07379862700228833
1 0.6991935483870968 0.580091533180778 0.062096774193548386 0.08810068649885583
1 0.3368951612903226 0.8695652173913043 0.2342741935483871 0.13157894736842105
1 0.8304435483870968 0.8546910755148741 0.25201612903225806 0.07322654462242563
1 0.7693548387096775 0.341533180778032 0.24758064516129033 0.13615560640732266
1 0.3066532258064516 0.30720823798627 0.22620967741935483 0.08581235697940504
10 0.0814516129032258 0.08295194508009153 0.1403225806451613 0.15217391304347827
9 0.21955645161290321 0.08123569794050343 0.14637096774193548 0.15331807780320367
9 0.5854838709677419 0.5932494279176201 0.14677419354838708 0.14302059496567507
9 0.12943548387096773 0.8904462242562929 0.17580645161290323 0.13901601830663615
11 0.5671370967741935 0.33695652173913043 0.15201612903225806 0.14073226544622425
11 0.8516129032258064 0.6152745995423341 0.1620967741935484 0.13215102974828374
13 0.10161290322580645 0.2994851258581236 0.14838709677419354 0.12986270022883295
13 0.6064516129032258 0.8738558352402745 0.1774193548387097 0.14702517162471396
8 0.34233870967741936 0.575228832951945 0.14112903225806453 0.12871853546910755
12 0.10584677419354839 0.5703661327231121 0.13024193548387097 0.14759725400457666
10 0.48629032258064514 0.07580091533180779 0.13870967741935483 0.14588100686498856
12 0.3594758064516129 0.07751716247139588 0.13830645161290323 0.15389016018306637
3 0.5016129032258064 0.08237986270022883 0.9959677419354839 0.14187643020594964
3 0.5016129032258064 0.3017734553775744 0.9959677419354839 0.3037757437070938
3 0.5014112903225807 0.5592105263157895 0.9955645161290323 0.2866132723112128
3 0.5054435483870968 0.8412471395881007 0.9883064516129032 0.31636155606407323
