7 0.12560483870967742 0.21481693363844392 0.18830645161290321 0.06807780320366133
7 0.3647177419354839 0.20795194508009154 0.19314516129032258 0.06807780320366133
7 0.6173387096774193 0.20051487414187644 0.18387096774193548 0.06578947368421052
7 0.8441532258064516 0.21252860411899313 0.18911290322580646 0.09210526315789473
7 0.2625 0.4982837528604119 0.3911290322580645 0.038901601830663615
7 0.7247983870967742 0.482837528604119 0.3939516129032258 0.06521739130434782
7 0.4856854838709677 0.7545766590389016 0.8560483870967742 0.05606407322654462
1 0.3443548387096774 0.5872425629290617 0.19274193548387097 0.09553775743707094
1 0.8110887096774193 0.5843821510297483 0.2786290322580645 0.10354691075514874
1 0.5762096774193548 0.8461098398169337 0.5838709677419355 0.07093821510297482
1 0.661491935483871 0.32065217391304346 0.08266129032258064 0.15617848970251716
1 0.9153225806451613 0.3155034324942792 0.08064516129032258 0.10469107551487414
1 0.42439516129032256 0.3040617848970252 0.07056451612903226 0.13215102974828374
1 0.19375 0.2897597254004577 0.09233870967741936 0.06350114416475973
8 0.08790322580645162 0.3426773455377574 0.11935483870967742 0.11670480549199085
10 0.3217741935483871 0.3426773455377574 0.12661290322580646 0.12929061784897025
11 0.572983870967742 0.3429633867276888 0.125 0.12643020594965676
12 0.8034274193548387 0.33867276887871856 0.12459677419354839 0.13501144164759726
10 0.5901209677419355 0.5901029748283753 0.16653225806451613 0.13215102974828374
12 0.1558467741935484 0.6049771167048055 0.19153225806451613 0.13100686498855835
8 0.16411290322580646 0.8804347826086957 0.1967741935483871 0.14073226544622425
6 0.1346774193548387 0.29147597254004576 0.24516129032258063 0.3049199084668192
6 0.3707661290322581 0.2826086956521739 0.23669354838709677 0.2894736842105263
6 0.6102822580645161 0.2751716247139588 0.24314516129032257 0.3146453089244851
6 0.8604838709677419 0.27202517162471396 0.2645161290322581 0.31521739130434784
5 0.2506048387096774 0.5574942791762014 0.4721774193548387 0.267162471395881
5 0.7401209677419355 0.5560640732265446 0.5189516129032258 0.2574370709382151
4 0.5066532258064516 0.8303775743707094 0.9834677419354839 0.3197940503432494
13 0.06713709677419355 0.07351258581235698 0.12217741935483871 0.14016018306636155
9 0.19133064516129034 0.06636155606407322 0.13346774193548386 0.13157894736842105
3 0.5024193548387097 0.06979405034324943 0.9943548387096774 0.13386727688787187
3 0.5024193548387097 0.27889016018306634 0.9943548387096774 0.3209382151029748
3 0.5024193548387097 0.5500572082379863 0.9943548387096774 0.2580091533180778
3 0.5024193548387097 0.8172196796338673 0.9943548387096774 0.2911899313501144
