7 0.13649193548387098 0.25085812356979403 0.1963709677419355 0.06922196796338673
7 0.3709677419354839 0.2414187643020595 0.18467741935483872 0.09267734553775744
7 0.6133064516129032 0.2345537757437071 0.19919354838709677 0.08123569794050343
7 0.8471774193548387 0.2351258581235698 0.1935483870967742 0.05377574370709382
7 0.2703629032258065 0.6169908466819222 0.3987903225806452 0.07608695652173914
7 0.7328629032258065 0.6175629290617849 0.4149193548387097 0.09897025171624714
1 0.7298387096774194 0.7171052631578947 0.38225806451612904 0.07837528604118993
1 0.8094758064516129 0.8320938215102975 0.24879032258064515 0.13901601830663615
1 0.2778225806451613 0.7070938215102975 0.3620967741935484 0.05835240274599542
1 0.3407258064516129 0.8140732265446224 0.26048387096774195 0.09153318077803203
1 0.6568548387096774 0.3778604118993135 0.07983870967741935 0.18707093821510298
1 0.9241935483870968 0.38100686498855835 0.07983870967741935 0.17848970251716248
1 0.8090725806451613 0.3166475972540046 0.08991935483870968 0.06464530892448513
1 0.6056451612903225 0.3080663615560641 0.1774193548387097 0.04061784897025172
1 0.36370967741935484 0.30863844393592677 0.16370967741935483 0.044050343249427915
1 0.423991935483871 0.35612128146453087 0.07056451612903226 0.12299771167048056
1 0.12076612903225807 0.32608695652173914 0.13024193548387097 0.057208237986270026
1 0.19455645161290322 0.3744279176201373 0.0939516129032258 0.12299771167048056
10 0.09536290322580646 0.4127574370709382 0.1125 0.12528604118993136
11 0.3318548387096774 0.39816933638443935 0.12016129032258065 0.13729977116704806
13 0.5639112903225807 0.3975972540045767 0.11411290322580644 0.13615560640732266
13 0.8066532258064516 0.41847826086956524 0.13266129032258064 0.13443935926773457
9 0.5889112903225806 0.8306636155606407 0.1721774193548387 0.15560640732265446
12 0.12782258064516128 0.8052059496567505 0.15564516129032258 0.14931350114416475
13 0.08185483870967741 0.08123569794050343 0.14596774193548387 0.16132723112128147
8 0.23366935483870968 0.08352402745995423 0.15201612903225806 0.16132723112128147
6 0.14193548387096774 0.3452517162471396 0.2346774193548387 0.35526315789473684
6 0.3758064516129032 0.33581235697940504 0.225 0.3501144164759725
6 0.6131048387096775 0.33867276887871856 0.2495967741935484 0.37528604118993136
6 0.8614919354838709 0.34324942791762014 0.2657258064516129 0.37299771167048057
5 0.2574596774193548 0.7414187643020596 0.4907258064516129 0.4061784897025172
5 0.7401209677419355 0.738558352402746 0.5044354838709677 0.41990846681922195
3 0.49858870967741936 0.08209382151029748 0.9915322580645162 0.15732265446224256
3 0.5036290322580645 0.34610983981693366 0.9919354838709677 0.3489702517162471
3 0.5036290322580645 0.7388443935926774 0.9919354838709677 0.4170480549199085
