7 0.5012096774193548 0.19193363844393593 0.907258064516129 0.05091533180778032
1 0.5786290322580645 0.2568649885583524 0.7096774193548387 0.08581235697940504
7 0.2540322580645161 0.44450800915331806 0.39919354838709675 0.05034324942791762
1 0.24173387096774193 0.5025743707093822 0.3536290322580645 0.06922196796338673
7 0.7461693548387097 0.4834096109839817 0.41169354838709676 0.10068649885583524
7 0.8659274193548387 0.772025171624714 0.1875 0.06922196796338673
7 0.6455645161290322 0.7766018306636155 0.15483870967741936 0.11956521739130435
7 0.4191532258064516 0.7617276887871853 0.21895161290322582 0.055491990846681924
7 0.16491935483870968 0.7803203661327232 0.22338709677419355 0.05263157894736842
1 0.7090725806451613 0.8904462242562929 0.04959677419354839 0.08981693363844394
1 0.867741935483871 0.8137871853546911 0.18064516129032257 0.04061784897025172
1 0.9290322580645162 0.8641304347826086 0.08790322580645162 0.10812356979405034
1 0.35604838709677417 0.5835240274599542 0.20403225806451614 0.06178489702517163
1 0.7705645161290322 0.6081235697940504 0.12258064516129032 0.08466819221967964
10 0.12903225806451613 0.30549199084668194 0.1782258064516129 0.17048054919908467
13 0.15161290322580645 0.6138443935926774 0.17338709677419356 0.15446224256292906
1 0.14415322580645162 0.8260869565217391 0.21008064516129032 0.041189931350114416
11 0.6078629032258065 0.5995423340961098 0.17298387096774193 0.13958810068649885
10 0.6268145161290323 0.8993135011441648 0.11169354838709677 0.13386727688787187
10 0.8266129032258065 0.8893020594965675 0.125 0.11270022883295194
1 0.4002016129032258 0.8200800915331807 0.1681451612903226 0.06121281464530892
10 0.3594758064516129 0.9081807780320366 0.12217741935483871 0.12528604118993136
8 0.10907258064516129 0.9216247139588101 0.1254032258064516 0.12013729977116705
4 0.5066532258064516 0.29919908466819223 0.9858870967741935 0.3169336384439359
5 0.255241935483871 0.5460526315789473 0.4798387096774194 0.3209382151029748
5 0.7497983870967742 0.545766590389016 0.49959677419354837 0.33638443935926776
6 0.1532258064516129 0.846395881006865 0.2887096774193548 0.290045766590389
6 0.4219758064516129 0.8409610983981693 0.2721774193548387 0.3169336384439359
6 0.655241935483871 0.8398169336384439 0.20403225806451614 0.2974828375286041
6 0.8685483870967742 0.8312356979405034 0.2620967741935484 0.28718535469107553
9 0.09375 0.06693363844393593 0.18669354838709679 0.13386727688787187
12 0.2695564516129032 0.06521739130434782 0.18024193548387096 0.13043478260869565
3 0.504233870967742 0.07151029748283753 0.9907258064516129 0.14302059496567507
3 0.504233870967742 0.2920480549199085 0.9907258064516129 0.32780320366132726
3 0.49516129032258066 0.5589244851258581 0.9903225806451613 0.32837528604118993
3 0.504233870967742 0.8352402745995423 0.9907258064516129 0.32837528604118993
