7 0.4774193548387097 0.23544520547945205 0.8620967741935484 0.0656392694063927
7 0.26975806451612905 0.5131278538812785 0.4258064516129032 0.0639269406392694
7 0.7526209677419354 0.5273972602739726 0.3971774193548387 0.06164383561643835
7 0.17056451612903226 0.7973744292237442 0.24596774193548387 0.0547945205479452
7 0.46068548387096775 0.7968036529680365 0.20524193548387096 0.05821917808219178
7 0.675 0.7813926940639269 0.13951612903225807 0.04680365296803653
7 0.8772177419354839 0.7793949771689497 0.1310483870967742 0.04737442922374429
1 0.3580645161290323 0.2890981735159817 0.36451612903225805 0.06792237442922375
1 0.30786290322580645 0.6195776255707762 0.3528225806451613 0.15125570776255706
1 0.7929435483870968 0.5781963470319634 0.28346774193548385 0.05365296803652968
1 0.6957661290322581 0.8230593607305936 0.10927419354838709 0.03881278538812785
1 0.751008064516129 0.8872716894977168 0.06330645161290323 0.032534246575342464
1 0.9195564516129032 0.8236301369863013 0.10927419354838709 0.03538812785388128
9 0.10786290322580645 0.3567351598173516 0.1310483870967742 0.11757990867579908
9 0.5413306451612904 0.08333333333333333 0.16491935483870968 0.1552511415525114
8 0.388508064516129 0.0884703196347032 0.1375 0.1449771689497717
8 0.6118951612903226 0.6435502283105022 0.11733870967741936 0.10102739726027396
10 0.4002016129032258 0.9023972602739726 0.12620967741935485 0.11529680365296803
11 0.08487903225806452 0.0853310502283105 0.13185483870967743 0.1523972602739726
10 0.2372983870967742 0.0898972602739726 0.1431451612903226 0.1523972602739726
12 0.08225806451612903 0.6535388127853881 0.1032258064516129 0.10730593607305935
12 0.8719758064516129 0.9023972602739726 0.11491935483870967 0.11529680365296803
13 0.10544354838709677 0.9155251141552511 0.12620967741935485 0.11301369863013698
11 0.6606854838709677 0.9081050228310502 0.1060483870967742 0.12100456621004566
4 0.5092741935483871 0.3045091324200913 0.9806451612903225 0.3270547945205479
5 0.2695564516129032 0.5796232876712328 0.5100806451612904 0.2996575342465753
5 0.7608870967741935 0.5867579908675798 0.4774193548387097 0.2910958904109589
6 0.1689516129032258 0.8647260273972602 0.3032258064516129 0.2602739726027397
6 0.46149193548387096 0.8570205479452054 0.2657258064516129 0.2665525114155251
6 0.6933467741935484 0.8632990867579908 0.21653225806451612 0.2654109589041096
6 0.8965725806451613 0.8584474885844748 0.20443548387096774 0.2819634703196347
3 0.5030241935483871 0.08133561643835616 0.9931451612903226 0.148972602739726
3 0.5034274193548387 0.2985159817351598 0.9923387096774193 0.2933789954337899
3 0.5034274193548387 0.5884703196347032 0.9923387096774193 0.2933789954337899
3 0.5034274193548387 0.8524543378995433 0.9923387096774193 0.2939497716894977
