7 0.24516129032258063 0.24914187643020594 0.42096774193548386 0.05091533180778032
7 0.6689516129032258 0.23026315789473684 0.3193548387096774 0.07723112128146453
7 0.46108870967741933 0.5225972540045767 0.8108870967741936 0.07608695652173914
7 0.16068548387096773 0.7545766590389016 0.23024193548387098 0.06292906178489703
7 0.44516129032258067 0.7468535469107551 0.18225806451612903 0.057780320366132724
7 0.6522177419354839 0.7562929061784897 0.13266129032258064 0.030892448512585814
7 0.8715725806451613 0.7886155606407322 0.1310483870967742 0.04977116704805492
1 0.3320564516129032 0.34754004576659037 0.23508064516129032 0.10469107551487414
1 0.5405241935483871 0.6075514874141876 0.6366935483870968 0.12128146453089245
1 0.24838709677419354 0.8401029748283753 0.12661290322580646 0.10240274599542334
1 0.46068548387096775 0.8177917620137299 0.09879032258064516 0.05320366132723112
1 0.5135080645161291 0.8601258581235698 0.053629032258064514 0.060068649885583525
1 0.7068548387096775 0.8046338672768879 0.13629032258064516 0.044050343249427915
1 0.7413306451612903 0.8727116704805492 0.0721774193548387 0.15160183066361557
1 0.94375 0.8266590389016019 0.07056451612903226 0.02402745995423341
10 0.1254032258064516 0.3695652173913043 0.1629032258064516 0.15675057208237986
10 0.5653225806451613 0.3647025171624714 0.15 0.13215102974828374
9 0.08770161290322581 0.09067505720823799 0.15604838709677418 0.14702517162471396
8 0.23568548387096774 0.08123569794050343 0.14798387096774193 0.13729977116704806
8 0.11612903225806452 0.8881578947368421 0.14274193548387096 0.13443935926773457
13 0.1280241935483871 0.6267162471395881 0.17137096774193547 0.14016018306636155
13 0.8911290322580645 0.8878718535469108 0.14193548387096774 0.13958810068649885
11 0.6431451612903226 0.8964530892448512 0.14274193548387096 0.13043478260869565
12 0.40786290322580643 0.898741418764302 0.1375 0.13272311212814644
5 0.24939516129032258 0.3166475972540046 0.48104838709677417 0.2808924485125858
5 0.7167338709677419 0.3080663615560641 0.4891129032258065 0.3003432494279176
4 0.4931451612903226 0.5978260869565217 0.9701612903225807 0.30320366132723114
6 0.1715725806451613 0.842391304347826 0.31411290322580643 0.29576659038901604
6 0.4475806451612903 0.8418192219679634 0.2411290322580645 0.3037757437070938
6 0.6794354838709677 0.8504004576659039 0.22741935483870968 0.29805491990846683
6 0.8955645161290322 0.8604118993135011 0.20806451612903226 0.2768878718535469
3 0.5020161290322581 0.08438215102974829 0.9951612903225806 0.16533180778032036
3 0.5024193548387097 0.31207093821510296 0.9943548387096774 0.2889016018306636
3 0.5024193548387097 0.5912471395881007 0.9943548387096774 0.2889016018306636
3 0.5024193548387097 0.8469679633867276 0.9943548387096774 0.2889016018306636
