7 0.13487903225806452 0.32049086757990863 0.15604838709677418 0.021118721461187213
7 0.3850806451612903 0.2868150684931507 0.18629032258064515 0.046232876712328765
7 0.6278225806451613 0.2808219178082192 0.20483870967741935 0.03881278538812785
7 0.886491935483871 0.2873858447488584 0.16975806451612904 0.05194063926940639
7 0.2659274193548387 0.6672374429223744 0.39153225806451614 0.0365296803652968
7 0.7110887096774193 0.6409817351598173 0.3528225806451613 0.0319634703196347
1 0.13971774193548386 0.3627283105022831 0.15443548387096775 0.039383561643835614
1 0.18245967741935484 0.43464611872146114 0.07056451612903226 0.1307077625570776
1 0.3665322580645161 0.3430365296803653 0.15806451612903225 0.026255707762557076
1 0.4272177419354839 0.3721461187214612 0.07379032258064516 0.11529680365296803
1 0.7050403225806452 0.3812785388127854 0.1125 0.1095890410958904
1 0.870766129032258 0.33133561643835613 0.1310483870967742 0.03367579908675799
1 0.33306451612903226 0.7742579908675798 0.2685483870967742 0.148972602739726
1 0.8209677419354838 0.7722602739726027 0.22016129032258064 0.1952054794520548
9 0.09233870967741936 0.4660388127853881 0.10483870967741936 0.125
13 0.3304435483870968 0.43179223744292233 0.1060483870967742 0.148972602739726
13 0.3211693548387097 0.09874429223744291 0.21008064516129032 0.1769406392694064
8 0.5881048387096774 0.42123287671232873 0.11491935483870967 0.1415525114155251
11 0.10826612903225806 0.1021689497716895 0.19233870967741937 0.18949771689497716
11 0.6106854838709678 0.7922374429223744 0.16733870967741934 0.17465753424657532
12 0.8578629032258065 0.42237442922374424 0.1310483870967742 0.136986301369863
10 0.1314516129032258 0.8361872146118721 0.13790322580645162 0.17009132420091322
6 0.13850806451612904 0.408675799086758 0.2375 0.3139269406392694
6 0.38205645161290325 0.3789954337899543 0.2375 0.3139269406392694
6 0.6463709677419355 0.38013698630136983 0.2685483870967742 0.3116438356164383
6 0.885483870967742 0.3807077625570776 0.2282258064516129 0.3150684931506849
5 0.2667338709677419 0.7656963470319634 0.48024193548387095 0.3544520547945205
5 0.739516129032258 0.752283105022831 0.482258064516129 0.3515981735159817
3 0.50625 0.10131278538812785 0.9866935483870968 0.19121004566210045
3 0.50625 0.37985159817351594 0.9866935483870968 0.3361872146118721
3 0.50625 0.766837899543379 0.9866935483870968 0.4320776255707762
