7 0.2703629032258065 0.22945205479452052 0.37379032258064515 0.05136986301369863
7 0.7241935483870968 0.2040525114155251 0.3233870967741935 0.03824200913242009
7 0.17137096774193547 0.4357876712328767 0.2161290322580645 0.03824200913242009
7 0.42016129032258065 0.415810502283105 0.16048387096774194 0.03367579908675799
7 0.6245967741935484 0.40724885844748854 0.14596774193548387 0.03595890410958904
7 0.8375 0.3992579908675799 0.18225806451612903 0.04509132420091324
1 0.33810483870967745 0.2959474885844749 0.2754032258064516 0.0702054794520548
1 0.8143145161290323 0.2736872146118721 0.23508064516129032 0.06792237442922375
1 0.24274193548387096 0.5011415525114155 0.08306451612903226 0.08561643835616438
1 0.47600806451612904 0.4657534246575342 0.0721774193548387 0.0593607305936073
1 0.6709677419354839 0.4674657534246575 0.04112903225806452 0.0958904109589041
1 0.910483870967742 0.44863013698630133 0.09838709677419355 0.06050228310502283
7 0.48004032258064516 0.6698059360730593 0.8165322580645161 0.07248858447488585
1 0.5778225806451613 0.7919520547945205 0.6008064516129032 0.18207762557077625
11 0.11633064516129032 0.3193493150684931 0.12459677419354839 0.12385844748858446
11 0.38629032258064516 0.5005707762557078 0.09838709677419355 0.11757990867579908
8 0.1 0.1113013698630137 0.14193548387096774 0.15639269406392692
8 0.8012096774193549 0.4948630136986301 0.1217741935483871 0.13926940639269406
12 0.5328629032258064 0.09474885844748858 0.16975806451612904 0.1689497716894977
12 0.5967741935483871 0.490296803652968 0.10080645161290322 0.11529680365296803
13 0.23528225806451614 0.09560502283105023 0.13346774193548386 0.15924657534246575
13 0.16834677419354838 0.8421803652968036 0.19153225806451613 0.15125570776255706
10 0.6006048387096774 0.2805365296803653 0.1536290322580645 0.12842465753424656
10 0.12379032258064517 0.5256849315068493 0.13790322580645162 0.12214611872146118
9 0.37278225806451615 0.08447488584474885 0.15201612903225806 0.15296803652968036
5 0.27681451612903224 0.2833904109589041 0.49879032258064515 0.24143835616438356
5 0.7445564516129032 0.25799086757990863 0.4568548387096774 0.21118721461187212
6 0.1747983870967742 0.49429223744292233 0.2915322580645161 0.22602739726027396
6 0.4245967741935484 0.4740296803652968 0.21370967741935484 0.2071917808219178
6 0.620766129032258 0.46803652968036524 0.19233870967741937 0.228310502283105
6 0.851008064516129 0.4703196347031963 0.2762096774193548 0.24771689497716892
4 0.5096774193548387 0.7636986301369862 0.978225806451613 0.3698630136986301
3 0.4913306451612903 0.091324200913242 0.9616935483870968 0.1735159817351598
3 0.5066532258064516 0.2699771689497717 0.9858870967741935 0.2054794520547945
3 0.5066532258064516 0.478310502283105 0.9858870967741935 0.2534246575342466
3 0.5066532258064516 0.7611301369863013 0.9858870967741935 0.3886986301369863
