7 0.17137096774193547 0.2948059360730593 0.25806451612903225 0.039383561643835614
7 0.4324596774193548 0.2902397260273972 0.1536290322580645 0.055365296803652965
7 0.6576612903225807 0.2896689497716895 0.18387096774193548 0.06906392694063926
7 0.8691532258064516 0.2851027397260274 0.1310483870967742 0.07134703196347031
7 0.2314516129032258 0.6558219178082192 0.3258064516129032 0.05251141552511415
7 0.6875 0.6566780821917808 0.3879032258064516 0.06792237442922375
1 0.17096774193548386 0.35245433789954334 0.2217741935483871 0.06906392694063926
8 0.28931451612903225 0.10759132420091323 0.1778225806451613 0.17865296803652966
9 0.46673387096774194 0.1113013698630137 0.16975806451612904 0.18036529680365296
9 0.16713709677419356 0.8561643835616438 0.2028225806451613 0.1506849315068493
13 0.6262096774193548 0.11472602739726026 0.17096774193548386 0.19292237442922372
13 0.5877016129032258 0.8313356164383561 0.18991935483870967 0.1626712328767123
1 0.22580645161290322 0.3912671232876712 0.1435483870967742 0.11015981735159816
1 0.4324596774193548 0.3655821917808219 0.1504032258064516 0.07591324200913241
1 0.6663306451612904 0.3527397260273972 0.13266129032258064 0.05821917808219178
1 0.7254032258064516 0.40753424657534243 0.06693548387096775 0.0639269406392694
1 0.8832661290322581 0.3444634703196347 0.14153225806451614 0.04280821917808219
1 0.9387096774193548 0.3807077625570776 0.041935483870967745 0.07534246575342465
1 0.26129032258064516 0.7303082191780822 0.3233870967741935 0.06335616438356165
1 0.3411290322580645 0.7719748858447488 0.14516129032258066 0.10102739726027396
1 0.6875 0.720890410958904 0.3379032258064516 0.06050228310502283
1 0.8006048387096775 0.7885273972602739 0.17701612903225805 0.125
12 0.11068548387096774 0.4840182648401826 0.13024193548387097 0.1506849315068493
11 0.4157258064516129 0.4597602739726027 0.125 0.13299086757990866
10 0.6286290322580645 0.4480593607305936 0.13629032258064516 0.14269406392694062
11 0.854233870967742 0.46518264840182644 0.11491935483870967 0.1632420091324201
11 0.10161290322580645 0.10702054794520548 0.18064516129032257 0.1797945205479452
3 0.5034274193548387 0.1067351598173516 0.9923387096774193 0.1952054794520548
3 0.5034274193548387 0.4001141552511415 0.9923387096774193 0.37557077625570773
3 0.5034274193548387 0.7557077625570776 0.9923387096774193 0.37557077625570773
