7 0.22379032258064516 0.257134703196347 0.34919354838709676 0.06792237442922375
3 0.7032258064516129 0.278824200913242 0.4814516129032258 0.07819634703196346
3 0.46834677419354837 0.543093607305936 0.8350806451612903 0.07363013698630136
7 0.1566532258064516 0.8159246575342465 0.1963709677419355 0.06107305936073059
1 0.4879032258064516 0.6135844748858447 0.4645161290322581 0.06050228310502283
7 0.40786290322580643 0.8065068493150684 0.18991935483870967 0.06050228310502283
7 0.6179435483870968 0.8182077625570776 0.17137096774193547 0.046232876712328765
7 0.8463709677419354 0.8344748858447488 0.18306451612903227 0.0547945205479452
1 0.9181451612903225 0.9055365296803652 0.0532258064516129 0.0930365296803653
1 0.3227822580645161 0.3670091324200913 0.19314516129032258 0.14269406392694062
1 0.7887096774193548 0.3841324200913242 0.23790322580645162 0.11073059360730593
8 0.08891129032258065 0.09474885844748858 0.15685483870967742 0.17123287671232876
8 0.38125 0.8961187214611872 0.1504032258064516 0.12100456621004566
9 0.15443548387096775 0.6578196347031963 0.20241935483870968 0.15582191780821916
12 0.23608870967741935 0.09046803652968036 0.14879032258064517 0.16952054794520546
10 0.38266129032258067 0.09218036529680365 0.13951612903225807 0.17865296803652966
10 0.6090725806451613 0.9021118721461187 0.1350806451612903 0.12385844748858446
13 0.5594758064516129 0.3818493150684931 0.1939516129032258 0.13926940639269406
13 0.13004032258064516 0.3764269406392694 0.1689516129032258 0.12842465753424656
12 0.1276209677419355 0.9115296803652968 0.13991935483870968 0.12557077625570776
11 0.8185483870967742 0.9140981735159817 0.13629032258064516 0.12385844748858446
5 0.22419354838709676 0.3264840182648402 0.4290322580645161 0.3139269406392694
5 0.7141129032258065 0.329337899543379 0.5419354838709678 0.3150684931506849
4 0.49274193548387096 0.6292808219178082 0.9709677419354839 0.3224885844748858
6 0.15645161290322582 0.8741438356164383 0.26048387096774195 0.2437214611872146
6 0.4026209677419355 0.8775684931506849 0.23024193548387098 0.2437214611872146
6 0.6276209677419354 0.8775684931506849 0.23024193548387098 0.2437214611872146
6 0.8584677419354839 0.8784246575342465 0.26370967741935486 0.2420091324200913
3 0.5054435483870968 0.0976027397260274 0.9883064516129032 0.1678082191780822
3 0.5054435483870968 0.3384703196347032 0.9883064516129032 0.3184931506849315
3 0.5054435483870968 0.6107305936073059 0.9883064516129032 0.3184931506849315
3 0.5054435483870968 0.8710045662100456 0.9883064516129032 0.2374429223744292
