7 0.12883064516129034 0.23259132420091322 0.18669354838709679 0.09531963470319635
7 0.36875 0.2562785388127854 0.1721774193548387 0.09474885844748858
7 0.5939516129032258 0.2528538812785388 0.1774193548387097 0.06164383561643835
7 0.8344758064516129 0.2736872146118721 0.21008064516129032 0.07248858447488585
1 0.5875 0.2993721461187214 0.16129032258064516 0.04052511415525114
1 0.8467741935483871 0.3122146118721461 0.22903225806451613 0.03767123287671233
1 0.9038306451612903 0.38584474885844744 0.09798387096774193 0.1449771689497717
1 0.648991935483871 0.38013698630136983 0.04717741935483871 0.1050228310502283
7 0.22641129032258064 0.557648401826484 0.3528225806451613 0.06050228310502283
1 0.2574596774193548 0.5996004566210046 0.41169354838709676 0.06792237442922375
7 0.7058467741935484 0.593607305936073 0.41169354838709676 0.091324200913242
1 0.6949596774193548 0.6535388127853881 0.35604838709677417 0.0593607305936073
1 0.7870967741935484 0.7471461187214612 0.1588709677419355 0.14383561643835616
12 0.31713709677419355 0.37528538812785384 0.1157258064516129 0.1307077625570776
12 0.4717741935483871 0.10159817351598173 0.14112903225806453 0.17123287671232876
9 0.0814516129032258 0.08190639269406393 0.13870967741935483 0.15582191780821916
9 0.5935483870967742 0.7688356164383561 0.2064516129032258 0.16666666666666666
10 0.78125 0.40753424657534243 0.1439516129032258 0.14269406392694062
10 0.2120967741935484 0.08304794520547945 0.12580645161290321 0.1569634703196347
11 0.0969758064516129 0.3515981735159817 0.11895161290322581 0.1449771689497717
9 0.3409274193548387 0.09417808219178081 0.12862903225806452 0.1769406392694064
8 0.5550403225806452 0.3878424657534246 0.1310483870967742 0.1341324200913242
13 0.1629032258064516 0.7348744292237442 0.24596774193548387 0.18207762557077625
5 0.25161290322580643 0.6837899543378995 0.4637096774193548 0.4246575342465753
5 0.7102822580645162 0.7057648401826484 0.49879032258064515 0.4183789954337899
6 0.14112903225806453 0.3153538812785388 0.2411290322580645 0.307648401826484
6 0.36612903225806454 0.3299086757990867 0.22741935483870968 0.3162100456621004
6 0.5919354838709677 0.34018264840182644 0.24193548387096775 0.3013698630136986
6 0.848991935483871 0.3547374429223744 0.30120967741935484 0.3110730593607306
3 0.5030241935483871 0.0898972602739726 0.9931451612903226 0.1718036529680365
3 0.5030241935483871 0.3384703196347032 0.9931451612903226 0.33105022831050224
3 0.5030241935483871 0.7080479452054794 0.9931451612903226 0.42865296803652964
