7 0.5058467741935484 0.24113272311212813 0.9076612903225807 0.09210526315789473
7 0.275 0.49084668192219677 0.45 0.059496567505720827
7 0.757258064516129 0.4931350114416476 0.4112903225806452 0.08810068649885583
7 0.5078629032258064 0.7863272311212814 0.8568548387096774 0.07837528604118993
10 0.13024193548387097 0.3601258581235698 0.20725806451612902 0.13672768878718536
11 0.11854838709677419 0.6312929061784897 0.12338709677419354 0.12643020594965676
8 0.6245967741935484 0.6358695652173914 0.1596774193548387 0.15503432494279176
13 0.16169354838709676 0.86441647597254 0.19516129032258064 0.14416475972540047
10 0.08387096774193549 0.09553775743707094 0.15725806451612903 0.16590389016018306
10 0.25201612903225806 0.09839816933638444 0.18225806451612903 0.16704805491990846
4 0.5030241935483871 0.2931922196796339 0.9931451612903226 0.29919908466819223
5 0.2683467741935484 0.5697940503432495 0.5189516129032258 0.28718535469107553
5 0.7504032258064516 0.5786613272311213 0.47338709677419355 0.3049199084668192
4 0.5030241935483871 0.8421052631578947 0.9818548387096774 0.2951945080091533
3 0.5046370967741935 0.09153318077803203 0.9899193548387096 0.17734553775743708
3 0.5046370967741935 0.2931922196796339 0.9899193548387096 0.29462242562929064
3 0.5046370967741935 0.5846681922196796 0.9899193548387096 0.3146453089244851
3 0.5046370967741935 0.8466819221967964 0.9899193548387096 0.23569794050343248
