7 0.19818548387096774 0.21052631578947367 0.3254032258064516 0.06636155606407322
7 0.6866935483870967 0.22654462242562928 0.4435483870967742 0.06292906178489703
7 0.12096774193548387 0.5060068649885584 0.16048387096774194 0.062356979405034325
7 0.3502016129032258 0.5137299771167048 0.20766129032258066 0.06292906178489703
7 0.5905241935483871 0.5203089244851259 0.2060483870967742 0.062356979405034325
7 0.8278225806451613 0.5274599542334096 0.17096774193548386 0.05263157894736842
7 0.4417338709677419 0.8149313501144165 0.7818548387096774 0.07151029748283753
1 0.2899193548387097 0.31950800915331806 0.18387096774193548 0.15160183066361557
1 0.7578629032258064 0.32780320366132726 0.2915322580645161 0.14874141876430205
1 0.12419354838709677 0.5526315789473685 0.15564516129032258 0.02631578947368421
1 0.17641129032258066 0.6181350114416476 0.0375 0.16189931350114417
1 0.35201612903225804 0.5675057208237986 0.20241935483870968 0.04462242562929062
1 0.4137096774193548 0.6115560640732265 0.07258064516129033 0.13501144164759726
1 0.594758064516129 0.5818077803203662 0.16693548387096774 0.032036613272311214
1 0.8403225806451613 0.5835240274599542 0.17983870967741936 0.04805491990846682
1 0.8941532258064516 0.6467391304347826 0.07701612903225806 0.16647597254004576
1 0.5332661290322581 0.8724256292906178 0.5971774193548387 0.05835240274599542
10 0.11491935483870967 0.33466819221967964 0.16048387096774194 0.13844393592677345
10 0.13225806451612904 0.8975972540045767 0.175 0.12700228832951946
8 0.7943548387096774 0.6770594965675057 0.14274193548387096 0.13443935926773457
12 0.5556451612903226 0.6741990846681922 0.15080645161290324 0.13787185354691076
12 0.07560483870967742 0.07580091533180779 0.1350806451612903 0.14016018306636155
13 0.22016129032258064 0.07580091533180779 0.1620967741935484 0.15160183066361557
11 0.09334677419354839 0.6435926773455377 0.11008064516129032 0.14645308924485126
9 0.5308467741935484 0.35411899313501144 0.15524193548387097 0.14416475972540047
9 0.31129032258064515 0.6621853546910755 0.14596774193548387 0.15503432494279176
5 0.2288306451612903 0.2951945080091533 0.4334677419354839 0.32151029748283755
5 0.7122983870967742 0.2997711670480549 0.5431451612903225 0.34096109839816935
6 0.12076612903225807 0.5829519450800915 0.21411290322580645 0.3157894736842105
6 0.3461693548387097 0.5995423340961098 0.25443548387096776 0.3135011441647597
6 0.5881048387096774 0.6086956521739131 0.25443548387096776 0.3135011441647597
6 0.8381048387096774 0.6161327231121282 0.2754032258064516 0.33752860411899316
4 0.49032258064516127 0.8689931350114416 0.9604838709677419 0.2585812356979405
3 0.4991935483870968 0.08295194508009153 0.9983870967741936 0.16590389016018306
3 0.5 0.30892448512585813 0.9991935483870967 0.3135011441647597
3 0.5 0.6132723112128147 0.9991935483870967 0.3318077803203661
3 0.5 0.8770022883295194 0.9991935483870967 0.23684210526315788
