11 0.09039064727687483 0.09854897218863362 0.13800969489592246 0.17372027408303103
11 0.5538922155688624 0.4238210399032648 0.1092101511263188 0.0826279725916969
10 0.1015112631879099 0.44840790004030634 0.12375249500998005 0.10278113663845224
10 0.8129455374964357 0.8905683192261186 0.08383233532934133 0.07376058041112454
10 0.33846592529227265 0.8810963321241435 0.07927003136583975 0.07496977025392987
12 0.31950384944396926 0.09794437726723096 0.1234673510122612 0.1878274889157598
9 0.2047333903621329 0.09572752922208787 0.11405759908753922 0.18581217251108426
12 0.08768177929854577 0.8804917372027409 0.09267179925862562 0.0826279725916969
7 0.13401767892785857 0.6483272873841194 0.174508126603935 0.09068923821039904
7 0.38252067293983466 0.5850463522773076 0.1827773025377816 0.0826279725916969
7 0.6217564870259481 0.5860540104796453 0.17650413458796693 0.07416364369205966
7 0.8621328771029371 0.5973397823458283 0.17251211861990307 0.05401047964530432
1 0.8675506130595951 0.7085852478839179 0.1377245508982036 0.1354292623941959
1 0.6288850869689193 0.7059653365578397 0.15768463073852296 0.14308746473196293
7 0.2302537781579698 0.2327690447400242 0.3561448531508412 0.04796453043127771
7 0.6248930710008554 0.2591696896412737 0.27345309381237526 0.08706166868198308
1 0.19788993441688055 0.3117694478033051 0.3068149415454805 0.03829101168883515
5 0.2433704020530368 0.3492543329302701 0.4724836042201312 0.32365981459089077
5 0.7306814941545481 0.3448206368399839 0.5323638437410892 0.3776702942361951
6 0.1395779868833761 0.7529222087867795 0.23182207014542347 0.40306328093510685
6 0.38366124893071 0.7311567916162838 0.255203877958369 0.4312777106005643
6 0.6204733390362134 0.7309552599758162 0.22811519817507844 0.44216041918581217
6 0.8644140290846878 0.7501007658202338 0.2694610778443114 0.45546150745667074
3 0.5045623039635017 0.35590487706569934 0.9903051040775592 0.3498589278516727
3 0.49985742800114064 0.7380088673921806 0.9997148560022813 0.47400241837968565
3 0.50741374394069 0.09995969367190649 0.9846022241231823 0.1942765014107215
