16 0.046875 0.041667 0.057917 0.081884
16 0.115625 0.044565 0.071250 0.076087
16 0.187708 0.043116 0.065417 0.076087
16 0.258333 0.041667 0.070000 0.074638
16 0.060208 0.305072 0.067917 0.071014
16 0.309167 0.306159 0.067500 0.073188
16 0.555000 0.303986 0.065833 0.058696
16 0.806458 0.307971 0.075417 0.065217
16 0.059167 0.565580 0.065833 0.058696
16 0.060625 0.825000 0.072917 0.067391
16 0.554583 0.823188 0.059167 0.063768
15 0.115000 0.239130 0.177500 0.072464
15 0.367917 0.227536 0.200000 0.073913
15 0.618333 0.231884 0.199167 0.072464
15 0.851667 0.233333 0.171667 0.072464
15 0.192292 0.510870 0.337917 0.055072
15 0.182500 0.772464 0.319167 0.057971
15 0.678750 0.766304 0.319167 0.055797
