16 0.052083 0.042029 0.070000 0.078261
16 0.118542 0.044565 0.061250 0.083333
16 0.065417 0.308696 0.078333 0.078261
16 0.299583 0.305072 0.055000 0.063768
16 0.548125 0.305072 0.062083 0.071014
16 0.796250 0.306522 0.063333 0.063768
16 0.059583 0.561594 0.065000 0.063768
16 0.560833 0.560145 0.077500 0.065217
16 0.060208 0.826087 0.069583 0.063768
15 0.131458 0.231159 0.206250 0.066667
15 0.376250 0.232609 0.204167 0.071014
15 0.614167 0.240580 0.195833 0.086957
15 0.871458 0.232609 0.211250 0.078261
15 0.193958 0.507246 0.337083 0.065217
15 0.673333 0.509058 0.309167 0.051449
15 0.187083 0.767391 0.328333 0.044928
