15 0.192500 0.217391 0.332500 0.050725
15 0.105833 0.490942 0.163333 0.070290
15 0.363333 0.497101 0.189167 0.072464
15 0.605417 0.500362 0.175000 0.071739
15 0.865833 0.494928 0.208333 0.069565
15 0.190417 0.764493 0.315833 0.059420
15 0.688125 0.768116 0.326250 0.042029
16 0.058958 0.277899 0.057917 0.065942
16 0.061875 0.040942 0.081250 0.073188
16 0.139583 0.042029 0.070000 0.078261
16 0.060208 0.568841 0.073750 0.072464
16 0.307292 0.565942 0.066250 0.062319
16 0.549583 0.569928 0.063333 0.067391
16 0.797083 0.570652 0.065833 0.076087
16 0.059375 0.824638 0.062083 0.063768
16 0.552708 0.821377 0.058750 0.067391
15 0.505833 0.962681 0.162500 0.042754
