15 0.195833 0.219565 0.341667 0.043478
15 0.119375 0.493478 0.201250 0.072464
15 0.373750 0.488043 0.205000 0.071739
15 0.603750 0.493841 0.170000 0.067391
15 0.863333 0.495290 0.203333 0.076087
15 0.182708 0.767029 0.316250 0.042754
15 0.678333 0.762681 0.302500 0.044203
15 0.500417 0.963768 0.138333 0.040580
16 0.062500 0.039493 0.080833 0.076087
16 0.145000 0.040580 0.077500 0.072464
16 0.222708 0.042391 0.072083 0.083333
16 0.291667 0.042029 0.057500 0.073913
16 0.363333 0.042754 0.075000 0.079710
16 0.063125 0.565942 0.076250 0.069565
16 0.304375 0.569565 0.068750 0.069565
16 0.547708 0.567029 0.062083 0.077536
16 0.792083 0.567754 0.064167 0.064493
16 0.063333 0.827174 0.074167 0.076087
16 0.547500 0.822464 0.063333 0.065217
16 0.066458 0.276087 0.077083 0.069565
