15 0.175417 0.217391 0.296667 0.056522
15 0.682083 0.218478 0.311667 0.052899
15 0.129167 0.488406 0.205833 0.062319
15 0.362708 0.493478 0.179583 0.065217
15 0.617500 0.495652 0.203333 0.065217
15 0.866458 0.489855 0.198750 0.069565
15 0.175833 0.768478 0.304167 0.038406
16 0.057083 0.268478 0.070000 0.067391
16 0.561875 0.270290 0.080417 0.063768
16 0.063958 0.568478 0.080417 0.074638
16 0.298542 0.567754 0.062917 0.065942
16 0.554583 0.567029 0.073333 0.057246
16 0.805417 0.564493 0.079167 0.065217
16 0.064167 0.825725 0.072500 0.071739
16 0.058750 0.040942 0.078333 0.076087
16 0.140625 0.043116 0.075417 0.083333
16 0.210625 0.040942 0.062083 0.078986
16 0.284167 0.044565 0.077500 0.087681
