16 0.050208 0.039493 0.061250 0.076087
16 0.123333 0.042029 0.079167 0.081159
16 0.057292 0.275362 0.062917 0.059420
16 0.058333 0.567754 0.060833 0.061594
16 0.313542 0.566667 0.078750 0.066667
16 0.554583 0.567754 0.075000 0.065942
16 0.802917 0.568116 0.072500 0.072464
16 0.057083 0.822826 0.060000 0.067391
16 0.555000 0.822826 0.065833 0.067391
15 0.192500 0.218841 0.333333 0.046377
15 0.109375 0.492754 0.162917 0.071014
15 0.377500 0.489855 0.200833 0.069565
15 0.619792 0.490942 0.206250 0.070290
15 0.855208 0.494565 0.180417 0.070290
15 0.192708 0.765580 0.331250 0.047101
15 0.681667 0.769203 0.319167 0.058696
