15 0.188333 0.214855 0.310833 0.035507
15 0.672917 0.219565 0.295833 0.050725
15 0.178958 0.475725 0.312083 0.051449
15 0.116042 0.752536 0.182083 0.064493
15 0.379583 0.748188 0.203333 0.061594
15 0.606042 0.756884 0.178750 0.080435
15 0.870625 0.751812 0.215417 0.086232
16 0.049792 0.041304 0.056250 0.079710
16 0.122917 0.040942 0.080000 0.078986
16 0.058750 0.271739 0.065000 0.071014
16 0.564375 0.270290 0.085417 0.056522
16 0.060417 0.538768 0.081667 0.067391
16 0.062917 0.828986 0.074167 0.065217
16 0.302917 0.826812 0.055833 0.063768
16 0.558125 0.830435 0.072083 0.078261
16 0.808333 0.830797 0.077500 0.061594
