16 0.060833 0.038406 0.082500 0.071014
16 0.147917 0.040942 0.080833 0.071739
16 0.226042 0.040942 0.067083 0.071739
16 0.299792 0.043478 0.059583 0.078261
16 0.359792 0.045290 0.056250 0.084783
16 0.062083 0.273551 0.071667 0.063043
16 0.561667 0.271739 0.075000 0.073913
16 0.063542 0.535145 0.067083 0.064493
16 0.060625 0.826812 0.067083 0.053623
16 0.306667 0.827174 0.069167 0.068841
16 0.557917 0.855797 0.068333 0.069565
16 0.798333 0.824638 0.065000 0.063768
15 0.182500 0.190217 0.313333 0.092029
15 0.683958 0.185870 0.320417 0.103623
15 0.186667 0.447101 0.320833 0.088406
15 0.117708 0.726812 0.173750 0.124638
15 0.378125 0.721014 0.206250 0.120290
15 0.621875 0.738406 0.200417 0.159420
15 0.865000 0.720290 0.198333 0.124638
