16 0.060833 0.041667 0.078333 0.070290
16 0.141875 0.040217 0.075417 0.074638
16 0.213958 0.042029 0.062917 0.081159
16 0.061458 0.271377 0.064583 0.060145
16 0.561458 0.270652 0.077083 0.065942
16 0.066042 0.536594 0.076250 0.070290
16 0.056042 0.826449 0.059583 0.060145
16 0.306875 0.829348 0.070417 0.058696
16 0.561875 0.825725 0.082083 0.076087
16 0.805833 0.854348 0.072500 0.065217
15 0.192500 0.188406 0.319167 0.098551
15 0.699167 0.192391 0.348333 0.102174
15 0.182917 0.448913 0.311667 0.092029
15 0.121042 0.726087 0.193750 0.127536
15 0.378125 0.717754 0.206250 0.125362
15 0.617917 0.726812 0.187500 0.121739
15 0.854792 0.742391 0.169583 0.139855
