15 0.201250 0.190580 0.340000 0.105797
15 0.684375 0.187319 0.329583 0.100725
15 0.128125 0.464855 0.203750 0.125362
15 0.370625 0.458333 0.197083 0.122464
15 0.609167 0.465217 0.179167 0.114493
15 0.870625 0.465217 0.201250 0.108696
15 0.190625 0.742029 0.318750 0.088406
16 0.054583 0.041304 0.069167 0.079710
16 0.128125 0.043841 0.074583 0.081884
16 0.206667 0.040217 0.079167 0.074638
16 0.289583 0.039855 0.080000 0.071014
16 0.063958 0.265580 0.077917 0.065942
16 0.553333 0.273551 0.065000 0.077536
16 0.058958 0.567754 0.070417 0.067391
16 0.307708 0.564130 0.076250 0.058696
16 0.553750 0.567754 0.070000 0.068841
16 0.796042 0.563768 0.052917 0.063768
16 0.053542 0.826812 0.052917 0.066667
