15 0.182500 0.185870 0.306667 0.093478
15 0.685833 0.180435 0.326667 0.105797
15 0.185417 0.446014 0.320833 0.090580
15 0.128958 0.741667 0.210417 0.155797
15 0.373542 0.725000 0.209583 0.128261
15 0.618958 0.734058 0.190417 0.150725
15 0.848958 0.738406 0.161250 0.160870
16 0.052917 0.042754 0.072500 0.082609
16 0.122917 0.042029 0.061667 0.081159
16 0.193125 0.042391 0.073750 0.083333
16 0.262708 0.042754 0.061250 0.075362
16 0.061042 0.269928 0.073750 0.048551
16 0.559583 0.268478 0.070833 0.060145
16 0.057917 0.533333 0.055833 0.068116
16 0.065000 0.857609 0.075833 0.058696
16 0.303125 0.830435 0.057917 0.071014
16 0.552917 0.857246 0.062500 0.079710
16 0.803333 0.859783 0.069167 0.060145
