15 0.178125 0.186957 0.293750 0.098551
15 0.687500 0.184420 0.325000 0.093478
15 0.113958 0.457609 0.179583 0.123913
15 0.356250 0.461957 0.162500 0.125362
15 0.610833 0.463406 0.187500 0.136957
15 0.862708 0.467754 0.202083 0.123913
15 0.188958 0.732246 0.322083 0.090580
16 0.059375 0.041667 0.081250 0.081884
16 0.143750 0.042029 0.077500 0.073913
16 0.061875 0.272464 0.072083 0.069565
16 0.559792 0.268841 0.072083 0.062319
16 0.059583 0.565217 0.081667 0.071014
16 0.309375 0.568841 0.075417 0.081159
16 0.550625 0.567391 0.057917 0.072464
16 0.803333 0.568478 0.070833 0.070290
16 0.056875 0.823913 0.056250 0.072464
