15 0.183542 0.180435 0.312917 0.104348
15 0.681458 0.182609 0.318750 0.094203
15 0.172708 0.445652 0.287917 0.104348
15 0.693542 0.451087 0.339583 0.103623
15 0.131667 0.718841 0.207500 0.137681
15 0.357708 0.722464 0.165417 0.127536
15 0.621042 0.715942 0.212083 0.121739
15 0.862708 0.722464 0.196250 0.123188
16 0.052292 0.042754 0.067083 0.082609
16 0.126458 0.041304 0.068750 0.072464
16 0.203333 0.040217 0.082500 0.074638
16 0.065208 0.271739 0.077917 0.071014
16 0.559583 0.270652 0.075000 0.068841
16 0.062500 0.526812 0.080833 0.072464
16 0.557292 0.528261 0.072917 0.073913
16 0.061667 0.827536 0.069167 0.069565
16 0.299167 0.826812 0.056667 0.071014
16 0.555417 0.825362 0.085000 0.072464
16 0.798750 0.827174 0.076667 0.076087
