15 0.179375 0.187681 0.302917 0.097101
15 0.191667 0.436957 0.325000 0.107246
15 0.674375 0.438768 0.298750 0.115217
15 0.123958 0.722464 0.196250 0.127536
15 0.362708 0.726812 0.179583 0.126087
15 0.621875 0.734420 0.206250 0.148551
15 0.870625 0.717391 0.211250 0.113043
16 0.057292 0.042029 0.075417 0.073913
16 0.137083 0.042754 0.074167 0.084058
16 0.060000 0.277899 0.068333 0.076087
16 0.052917 0.531159 0.058333 0.063768
16 0.557083 0.530797 0.070000 0.065942
16 0.060417 0.821739 0.069167 0.073913
16 0.311042 0.826812 0.077917 0.063768
16 0.558125 0.860870 0.076250 0.062319
16 0.796667 0.823913 0.054167 0.069565
