16 0.053333 0.305072 0.056667 0.066667
16 0.311250 0.310507 0.074167 0.063043
16 0.549375 0.306159 0.051250 0.071739
16 0.803958 0.307246 0.072083 0.066667
16 0.061042 0.600725 0.069583 0.071014
16 0.303333 0.594565 0.069167 0.067391
16 0.551875 0.599638 0.060417 0.080435
16 0.801250 0.597101 0.065000 0.071014
16 0.058958 0.043478 0.076250 0.078261
16 0.138125 0.042391 0.076250 0.076087
16 0.213958 0.047101 0.068750 0.081159
16 0.281667 0.040942 0.060000 0.080435
16 0.344792 0.043116 0.057083 0.081884
