15 0.197035 0.108424 0.278871 0.085449
15 0.743798 0.093712 0.135443 0.105200
15 0.737953 0.268440 0.148845 0.049174
15 0.088109 0.173922 0.054748 0.025393
15 0.096806 0.274688 0.086399 0.027811
15 0.087397 0.386538 0.064157 0.034663
15 0.087254 0.507457 0.061021 0.034663
15 0.297120 0.493551 0.069005 0.031036
15 0.109068 0.625151 0.101226 0.034663
15 0.088109 0.743652 0.079840 0.025796
16 0.202595 0.845022 0.104648 0.047158
16 0.299971 0.844015 0.082121 0.054010
15 0.752210 0.609029 0.136299 0.040306
