16 0.095666 0.078597 0.039635 0.034663
16 0.264756 0.410721 0.078415 0.033857
16 0.268178 0.362555 0.060165 0.022168
16 0.850442 0.397219 0.169661 0.047158
16 0.850442 0.453648 0.174223 0.050383
16 0.861848 0.252318 0.192472 0.052398
16 0.383946 0.083837 0.101226 0.054010
15 0.823496 0.192866 0.101511 0.050383
15 0.797405 0.304917 0.066439 0.025393
15 0.797405 0.547158 0.050470 0.024587
15 0.591389 0.489722 0.120331 0.025796
15 0.870259 0.777912 0.052466 0.017735
15 0.117052 0.574164 0.094953 0.027005
