2 0.04979166666666667 0.04057971014492753 0.06208333333333334 0.07971014492753624
2 0.11708333333333334 0.04384057971014493 0.07166666666666667 0.08188405797101449
2 0.19125 0.04057971014492753 0.07166666666666667 0.08115942028985507
2 0.27375 0.04057971014492753 0.08583333333333334 0.07971014492753624
2 0.0675 0.27753623188405796 0.08583333333333334 0.07971014492753624
2 0.063125 0.533695652173913 0.08041666666666668 0.06884057971014493
2 0.5597916666666667 0.5286231884057971 0.08041666666666668 0.06884057971014493
2 0.063125 0.8264492753623188 0.08041666666666668 0.06884057971014493
2 0.29750000000000004 0.827536231884058 0.06333333333333334 0.07391304347826087
2 0.563125 0.8264492753623188 0.08458333333333334 0.07318840579710145
2 0.8052083333333334 0.821376811594203 0.08458333333333334 0.07318840579710145
7 0.06145833333333334 0.16594202898550725 0.06708333333333334 0.04782608695652174
7 0.060625000000000005 0.41884057971014493 0.06875 0.04782608695652174
7 0.5704166666666667 0.41847826086956524 0.09250000000000001 0.04710144927536232
7 0.05854166666666667 0.6894927536231884 0.07291666666666667 0.06739130434782609
7 0.3022916666666667 0.6858695652173913 0.044583333333333336 0.05289855072463768
7 0.546875 0.6898550724637681 0.05541666666666667 0.07101449275362319
7 0.79125 0.6851449275362319 0.04916666666666667 0.06594202898550725
1 0.19020833333333334 0.2144927536231884 0.32375000000000004 0.05652173913043478
1 0.18333333333333335 0.46956521739130436 0.32833333333333337 0.057971014492753624
1 0.6847916666666667 0.4677536231884058 0.32708333333333334 0.06159420289855073
1 0.11708333333333334 0.755072463768116 0.19166666666666668 0.06086956521739131
1 0.3670833333333334 0.7496376811594203 0.17833333333333334 0.07028985507246377
1 0.60875 0.7543478260869565 0.19 0.07536231884057971
1 0.8618750000000001 0.7528985507246377 0.19791666666666669 0.08115942028985507
4 0.5045833333333334 0.2217391304347826 0.9900000000000001 0.2594202898550725
5 0.25375000000000003 0.47608695652173916 0.48750000000000004 0.2579710144927536
5 0.7479166666666667 0.4746376811594203 0.48750000000000004 0.2579710144927536
6 0.12979166666666667 0.7510869565217392 0.24708333333333335 0.27753623188405796
6 0.3747916666666667 0.7547101449275362 0.24708333333333335 0.27753623188405796
6 0.6239583333333334 0.7532608695652174 0.24708333333333335 0.27753623188405796
6 0.8697916666666667 0.7539855072463768 0.24708333333333335 0.27753623188405796
3 0.5041666666666667 0.04601449275362319 0.9908333333333333 0.09202898550724638
3 0.5041666666666667 0.21630434782608696 0.9908333333333333 0.25144927536231887
3 0.5041666666666667 0.47355072463768116 0.9908333333333333 0.25144927536231887
3 0.4997916666666667 0.7572463768115942 0.9912500000000001 0.2898550724637681
