2 0.050208333333333334 0.04021739130434783 0.06208333333333334 0.08043478260869566
2 0.12270833333333334 0.040942028985507244 0.08125 0.07753623188405798
2 0.21104166666666668 0.0391304347826087 0.09708333333333334 0.0782608695652174
2 0.0575 0.26992753623188404 0.06333333333333334 0.06884057971014493
2 0.5531250000000001 0.2710144927536232 0.06375 0.08115942028985507
2 0.06104166666666667 0.5333333333333333 0.07208333333333333 0.06811594202898551
2 0.055625 0.825 0.05708333333333334 0.08333333333333333
2 0.3095833333333334 0.8297101449275363 0.0775 0.07246376811594203
2 0.5510416666666667 0.8257246376811594 0.06208333333333334 0.07173913043478261
2 0.7989583333333334 0.8268115942028985 0.06375 0.07246376811594203
7 0.058750000000000004 0.1572463768115942 0.065 0.04782608695652174
7 0.5597916666666667 0.16231884057971013 0.07541666666666667 0.04782608695652174
7 0.055625 0.41956521739130437 0.05458333333333334 0.0463768115942029
7 0.06166666666666667 0.683695652173913 0.06333333333333334 0.051449275362318844
7 0.31270833333333337 0.6851449275362319 0.08541666666666667 0.058695652173913045
7 0.5560416666666667 0.682608695652174 0.06791666666666667 0.06086956521739131
7 0.7964583333333334 0.6844202898550724 0.06875 0.06739130434782609
1 0.185625 0.20507246376811594 0.32125000000000004 0.05652173913043478
1 0.6887500000000001 0.2141304347826087 0.33166666666666667 0.060144927536231886
1 0.19583333333333336 0.47608695652173916 0.33166666666666667 0.05652173913043478
1 0.12229166666666667 0.7452898550724638 0.19791666666666669 0.058695652173913045
1 0.37062500000000004 0.7543478260869565 0.20125 0.07536231884057971
1 0.6170833333333334 0.7507246376811594 0.18833333333333335 0.07971014492753624
1 0.8664583333333334 0.7489130434782609 0.2054166666666667 0.07173913043478261
5 0.25145833333333334 0.21847826086956523 0.4879166666666667 0.26304347826086955
5 0.744375 0.21340579710144927 0.4879166666666667 0.26304347826086955
4 0.5020833333333333 0.47934782608695653 0.9950000000000001 0.2572463768115942
6 0.12958333333333333 0.75 0.25583333333333336 0.28840579710144926
6 0.37583333333333335 0.7557971014492754 0.25583333333333336 0.28840579710144926
6 0.6229166666666667 0.7586956521739131 0.25583333333333336 0.28840579710144926
6 0.8716666666666667 0.7536231884057971 0.25583333333333336 0.28840579710144926
3 0.50375 0.042753623188405795 0.9916666666666667 0.08550724637681159
3 0.50375 0.2217391304347826 0.9916666666666667 0.2579710144927536
3 0.50375 0.48405797101449277 0.9916666666666667 0.2579710144927536
3 0.50375 0.7554347826086957 0.9916666666666667 0.2920289855072464
