2 0.05729166666666667 0.03949275362318841 0.07708333333333334 0.07898550724637682
2 0.13479166666666667 0.03949275362318841 0.07708333333333334 0.07898550724637682
2 0.20645833333333335 0.040942028985507244 0.07041666666666667 0.08188405797101449
2 0.059583333333333335 0.27644927536231884 0.07166666666666667 0.07318840579710145
2 0.05708333333333334 0.5322463768115943 0.07166666666666667 0.07318840579710145
2 0.5554166666666667 0.5307971014492754 0.07166666666666667 0.07318840579710145
2 0.059583333333333335 0.8271739130434783 0.07500000000000001 0.07173913043478261
2 0.3066666666666667 0.8242753623188406 0.07500000000000001 0.07173913043478261
2 0.5545833333333333 0.8278985507246377 0.07500000000000001 0.07173913043478261
2 0.7987500000000001 0.8583333333333334 0.07500000000000001 0.07173913043478261
7 0.058333333333333334 0.16340579710144928 0.065 0.05289855072463768
7 0.05791666666666667 0.4242753623188406 0.065 0.05289855072463768
7 0.5558333333333334 0.4206521739130435 0.065 0.05289855072463768
7 0.05416666666666667 0.6880434782608695 0.065 0.05289855072463768
7 0.30208333333333337 0.688768115942029 0.065 0.05289855072463768
7 0.5491666666666667 0.6902173913043478 0.065 0.05289855072463768
7 0.79625 0.6851449275362319 0.065 0.05289855072463768
7 0.17604166666666668 0.2177536231884058 0.30375 0.04855072463768116
7 0.19145833333333334 0.47355072463768116 0.3329166666666667 0.03985507246376812
7 0.6822916666666667 0.4771739130434783 0.3329166666666667 0.03985507246376812
7 0.11958333333333335 0.7536231884057971 0.195 0.06956521739130435
7 0.36291666666666667 0.7514492753623189 0.195 0.06956521739130435
7 0.6208333333333333 0.756159420289855 0.20500000000000002 0.07173913043478261
7 0.856875 0.7681159420289855 0.18791666666666668 0.09855072463768116
4 0.5 0.21992753623188407 0.9866666666666667 0.25434782608695655
5 0.25270833333333337 0.47681159420289854 0.49541666666666667 0.26231884057971017
5 0.7516666666666667 0.47681159420289854 0.49583333333333335 0.26231884057971017
5 0.12791666666666668 0.7608695652173914 0.24750000000000003 0.30289855072463767
5 0.37333333333333335 0.7623188405797101 0.24750000000000003 0.30289855072463767
5 0.62375 0.7644927536231885 0.24750000000000003 0.30289855072463767
5 0.8710416666666667 0.7702898550724637 0.25125000000000003 0.32028985507246377
3 0.503125 0.04818840579710145 0.9929166666666668 0.0963768115942029
3 0.5010416666666667 0.2217391304347826 0.9970833333333334 0.2492753623188406
3 0.5010416666666667 0.47753623188405797 0.9970833333333334 0.2492753623188406
3 0.5010416666666667 0.775 0.9970833333333334 0.33405797101449275
