2 0.05458333333333334 0.04528985507246377 0.07500000000000001 0.08623188405797101
2 0.11854166666666667 0.042753623188405795 0.061250000000000006 0.08550724637681159
2 0.07125000000000001 0.27355072463768115 0.08666666666666667 0.07173913043478261
2 0.06666666666666667 0.5648550724637681 0.08666666666666667 0.07173913043478261
2 0.31 0.5670289855072463 0.08666666666666667 0.07173913043478261
2 0.5558333333333334 0.5655797101449276 0.08666666666666667 0.07173913043478261
2 0.805 0.5684782608695652 0.08666666666666667 0.07173913043478261
2 0.06625 0.8228260869565217 0.08666666666666667 0.07173913043478261
2 0.5633333333333334 0.8235507246376812 0.08666666666666667 0.07173913043478261
7 0.061250000000000006 0.16992753623188406 0.07250000000000001 0.04565217391304348
7 0.06333333333333334 0.4271739130434783 0.07583333333333334 0.05289855072463768
7 0.3095833333333334 0.4315217391304348 0.07583333333333334 0.05289855072463768
7 0.5529166666666667 0.4329710144927536 0.07583333333333334 0.05289855072463768
7 0.80125 0.43369565217391304 0.07583333333333334 0.05289855072463768
7 0.058125 0.7166666666666667 0.06791666666666667 0.05507246376811594
7 0.5572916666666667 0.7152173913043478 0.06791666666666667 0.05507246376811594
1 0.18645833333333334 0.2170289855072464 0.31708333333333333 0.03985507246376812
1 0.12187500000000001 0.4916666666666667 0.19291666666666668 0.06304347826086956
1 0.38104166666666667 0.4927536231884058 0.21458333333333335 0.06086956521739131
1 0.6214583333333333 0.4891304347826087 0.21458333333333335 0.06086956521739131
1 0.8706250000000001 0.49130434782608695 0.21458333333333335 0.06086956521739131
1 0.18041666666666667 0.7663043478260869 0.31333333333333335 0.04855072463768116
1 0.681875 0.7692028985507247 0.3204166666666667 0.042753623188405795
4 0.49833333333333335 0.2282608695652174 0.9916666666666667 0.2463768115942029
6 0.12687500000000002 0.4880434782608696 0.25375000000000003 0.29782608695652174
6 0.37625000000000003 0.49818840579710144 0.2541666666666667 0.29782608695652174
6 0.6220833333333333 0.5025362318840579 0.2541666666666667 0.29782608695652174
6 0.8722916666666667 0.4960144927536232 0.25458333333333333 0.29782608695652174
5 0.2520833333333333 0.775 0.49333333333333335 0.26014492753623186
5 0.7464583333333333 0.7735507246376812 0.49375 0.26014492753623186
3 0.5004166666666667 0.04528985507246377 0.9900000000000001 0.09057971014492754
3 0.4991666666666667 0.22318840579710145 0.9883333333333334 0.25507246376811593
3 0.5002083333333334 0.49782608695652175 0.9870833333333334 0.29130434782608694
3 0.499375 0.7822463768115943 0.9870833333333334 0.2920289855072464
