2 0.05458333333333334 0.042391304347826085 0.07083333333333333 0.08478260869565217
2 0.13125 0.04456521739130435 0.07083333333333333 0.08478260869565217
2 0.058750000000000004 0.31195652173913047 0.07083333333333333 0.08478260869565217
2 0.30625 0.30543478260869567 0.07083333333333333 0.08478260869565217
2 0.5541666666666667 0.30434782608695654 0.07416666666666667 0.07391304347826087
2 0.8004166666666667 0.30144927536231886 0.07416666666666667 0.07391304347826087
7 0.0675 0.16340579710144928 0.08583333333333334 0.05
7 0.3091666666666667 0.161231884057971 0.08583333333333334 0.05
7 0.5545833333333333 0.15978260869565217 0.08583333333333334 0.05
7 0.8070833333333334 0.16630434782608697 0.08583333333333334 0.05
1 0.12041666666666667 0.22971014492753625 0.1975 0.07246376811594203
1 0.36750000000000005 0.2311594202898551 0.1975 0.07246376811594203
1 0.6116666666666667 0.22971014492753625 0.1975 0.07246376811594203
1 0.8675 0.23478260869565218 0.1975 0.07246376811594203
6 0.12812500000000002 0.2318840579710145 0.24458333333333335 0.2826086956521739
6 0.37395833333333334 0.23043478260869565 0.24458333333333335 0.2826086956521739
6 0.6214583333333333 0.2311594202898551 0.24458333333333335 0.2826086956521739
6 0.8660416666666667 0.2326086956521739 0.24458333333333335 0.2826086956521739
3 0.4995833333333334 0.04927536231884058 0.9741666666666667 0.09855072463768116
3 0.49583333333333335 0.23695652173913043 0.9858333333333335 0.29130434782608694
