2 0.052500000000000005 0.042391304347826085 0.07833333333333334 0.08478260869565217
2 0.13020833333333334 0.04021739130434783 0.07208333333333333 0.08043478260869566
2 0.20020833333333335 0.041304347826086954 0.07208333333333333 0.08115942028985507
2 0.06208333333333334 0.2702898550724638 0.07583333333333334 0.07101449275362319
2 0.5570833333333334 0.26594202898550723 0.07583333333333334 0.07101449275362319
2 0.055 0.5644927536231884 0.07583333333333334 0.07101449275362319
2 0.3075 0.563768115942029 0.07583333333333334 0.07101449275362319
2 0.5545833333333333 0.5630434782608695 0.07583333333333334 0.07101449275362319
2 0.8 0.5615942028985508 0.07583333333333334 0.07101449275362319
2 0.06208333333333334 0.8268115942028985 0.07583333333333334 0.07101449275362319
7 0.060625000000000005 0.15615942028985508 0.07875 0.04565217391304348
7 0.5622916666666667 0.15978260869565217 0.07875 0.04565217391304348
7 0.060625000000000005 0.4286231884057971 0.07875 0.04565217391304348
7 0.309375 0.425 0.07875 0.04565217391304348
7 0.5547916666666667 0.4257246376811594 0.07875 0.04565217391304348
7 0.8031250000000001 0.42789855072463767 0.07875 0.04565217391304348
7 0.06229166666666667 0.7199275362318841 0.07875 0.04565217391304348
1 0.17541666666666667 0.21014492753623187 0.30250000000000005 0.04782608695652174
1 0.6737500000000001 0.21159420289855072 0.30250000000000005 0.04782608695652174
1 0.38312500000000005 0.4902173913043478 0.21125000000000002 0.07028985507246377
1 0.12520833333333334 0.49094202898550726 0.21125000000000002 0.07028985507246377
1 0.6206250000000001 0.4916666666666667 0.21125000000000002 0.07028985507246377
1 0.859375 0.49528985507246376 0.21125000000000002 0.07028985507246377
1 0.18333333333333335 0.7692028985507247 0.31333333333333335 0.03985507246376812
5 0.2485416666666667 0.21630434782608696 0.4879166666666667 0.25434782608695655
5 0.7477083333333334 0.22355072463768116 0.4879166666666667 0.25434782608695655
6 0.12833333333333335 0.4894927536231884 0.24666666666666667 0.2876811594202899
6 0.3754166666666667 0.49528985507246376 0.24666666666666667 0.2876811594202899
6 0.6245833333333334 0.4967391304347826 0.24666666666666667 0.2876811594202899
6 0.8691666666666668 0.488768115942029 0.24666666666666667 0.2876811594202899
4 0.4997916666666667 0.768840579710145 0.9995833333333334 0.25072463768115943
3 0.4991666666666667 0.04891304347826087 0.9908333333333333 0.09782608695652174
3 0.50375 0.21884057971014492 0.9900000000000001 0.2594202898550725
3 0.4997916666666667 0.48985507246376814 0.9995833333333334 0.2927536231884058
3 0.4997916666666667 0.7862318840579711 0.9995833333333334 0.2927536231884058
