2 0.05916666666666667 0.042028985507246375 0.07833333333333334 0.08260869565217391
2 0.12666666666666668 0.040942028985507244 0.0625 0.08188405797101449
2 0.20062500000000003 0.042391304347826085 0.08125 0.07898550724637682
2 0.28020833333333334 0.0391304347826087 0.08125 0.0782608695652174
2 0.063125 0.30543478260869567 0.08125 0.07898550724637682
2 0.31145833333333334 0.3010869565217391 0.08125 0.07898550724637682
2 0.5485416666666667 0.30579710144927535 0.06291666666666668 0.07391304347826087
2 0.80125 0.30434782608695654 0.07333333333333333 0.07391304347826087
2 0.06166666666666667 0.5594202898550724 0.07333333333333333 0.07391304347826087
2 0.5520833333333334 0.5597826086956522 0.06583333333333334 0.07173913043478261
2 0.06416666666666668 0.8217391304347826 0.08083333333333334 0.06811594202898551
7 0.05458333333333334 0.16376811594202897 0.04833333333333334 0.04492753623188406
7 0.3045833333333334 0.16630434782608697 0.07083333333333333 0.05
7 0.5516666666666667 0.16557971014492753 0.07083333333333333 0.05
7 0.8 0.1641304347826087 0.07083333333333333 0.05
7 0.05791666666666667 0.45181159420289857 0.07083333333333333 0.05
7 0.556875 0.45507246376811594 0.06791666666666667 0.06231884057971015
7 0.058125 0.717391304347826 0.06791666666666667 0.06231884057971015
1 0.11979166666666667 0.22934782608695653 0.19291666666666668 0.06594202898550725
1 0.369375 0.2322463768115942 0.19541666666666668 0.0746376811594203
1 0.6145833333333334 0.23152173913043478 0.1975 0.06304347826086956
1 0.8685416666666668 0.2322463768115942 0.20125 0.07753623188405798
1 0.174375 0.506159420289855 0.30125 0.05289855072463768
1 0.675625 0.5028985507246377 0.30291666666666667 0.04492753623188406
1 0.176875 0.7644927536231885 0.30291666666666667 0.04492753623188406
6 0.13020833333333334 0.23550724637681159 0.24541666666666667 0.28695652173913044
6 0.374375 0.23623188405797102 0.24541666666666667 0.28695652173913044
6 0.6235416666666667 0.23478260869565218 0.24541666666666667 0.28695652173913044
6 0.8677083333333334 0.23623188405797102 0.24541666666666667 0.28695652173913044
5 0.2529166666666667 0.511231884057971 0.49583333333333335 0.25144927536231887
5 0.7516666666666667 0.5083333333333333 0.49583333333333335 0.25144927536231887
4 0.5010416666666667 0.7764492753623189 0.9954166666666667 0.25579710144927537
3 0.5027083333333333 0.043478260869565216 0.99375 0.08695652173913043
3 0.5022916666666667 0.23297101449275362 0.9945833333333334 0.29492753623188406
3 0.49833333333333335 0.5076086956521739 0.9966666666666667 0.2572463768115942
3 0.49833333333333335 0.7630434782608696 0.9966666666666667 0.2579710144927536
