2 0.050625 0.040942028985507244 0.07875 0.08188405797101449
2 0.12895833333333334 0.040942028985507244 0.07875 0.08188405797101449
2 0.061875000000000006 0.3050724637681159 0.07875 0.08260869565217391
2 0.30395833333333333 0.3036231884057971 0.07875 0.08260869565217391
2 0.5497916666666667 0.3079710144927536 0.07875 0.08260869565217391
2 0.7972916666666667 0.30833333333333335 0.07125000000000001 0.07608695652173914
2 0.057708333333333334 0.5626811594202898 0.07125000000000001 0.07608695652173914
2 0.060625000000000005 0.821376811594203 0.07125000000000001 0.07608695652173914
2 0.555625 0.8235507246376812 0.07125000000000001 0.07608695652173914
7 0.06104166666666667 0.16304347826086957 0.06791666666666667 0.0536231884057971
7 0.30895833333333333 0.16304347826086957 0.06791666666666667 0.0536231884057971
7 0.5497916666666667 0.16666666666666666 0.06791666666666667 0.0536231884057971
7 0.7981250000000001 0.16304347826086957 0.06791666666666667 0.0536231884057971
7 0.059375000000000004 0.4528985507246377 0.06791666666666667 0.0536231884057971
7 0.060625000000000005 0.7166666666666667 0.06791666666666667 0.0536231884057971
7 0.5543750000000001 0.713768115942029 0.06791666666666667 0.0536231884057971
1 0.12416666666666668 0.23007246376811594 0.19666666666666668 0.0746376811594203
1 0.36750000000000005 0.2257246376811594 0.19666666666666668 0.0746376811594203
1 0.6116666666666667 0.22427536231884057 0.19666666666666668 0.0746376811594203
1 0.8608333333333333 0.2322463768115942 0.19666666666666668 0.0746376811594203
1 0.18416666666666667 0.5057971014492754 0.32666666666666666 0.036231884057971016
1 0.19187500000000002 0.7692028985507247 0.3354166666666667 0.04565217391304348
1 0.6852083333333334 0.7641304347826087 0.3354166666666667 0.04565217391304348
6 0.13020833333333334 0.23007246376811594 0.24125000000000002 0.2891304347826087
6 0.37583333333333335 0.23079710144927537 0.24666666666666667 0.2847826086956522
6 0.62375 0.23369565217391305 0.24583333333333335 0.286231884057971
6 0.8712500000000001 0.23079710144927537 0.24583333333333335 0.286231884057971
4 0.4979166666666667 0.5079710144927536 0.9958333333333333 0.2608695652173913
5 0.25062500000000004 0.7724637681159421 0.4995833333333334 0.26521739130434785
5 0.7497916666666667 0.7731884057971015 0.4995833333333334 0.26521739130434785
3 0.4997916666666667 0.04456521739130435 0.9920833333333334 0.0891304347826087
3 0.4997916666666667 0.23043478260869565 0.9995833333333334 0.2826086956521739
3 0.4997916666666667 0.5094202898550725 0.9995833333333334 0.26231884057971017
3 0.4997916666666667 0.7706521739130435 0.9995833333333334 0.26304347826086955
