2 0.053750000000000006 0.040942028985507244 0.08 0.08188405797101449
2 0.12541666666666668 0.04021739130434783 0.0675 0.08043478260869566
2 0.19625 0.041666666666666664 0.07666666666666667 0.08333333333333333
2 0.27145833333333336 0.03985507246376812 0.07791666666666668 0.07971014492753624
2 0.06041666666666667 0.2746376811594203 0.06916666666666667 0.06521739130434782
2 0.060625000000000005 0.5304347826086957 0.07125000000000001 0.06666666666666667
2 0.558125 0.5289855072463768 0.07125000000000001 0.06666666666666667
2 0.056875 0.8246376811594203 0.07125000000000001 0.06666666666666667
2 0.30812500000000004 0.8231884057971015 0.07125000000000001 0.06666666666666667
2 0.5531250000000001 0.8260869565217391 0.07125000000000001 0.06666666666666667
2 0.8002083333333334 0.8282608695652174 0.07125000000000001 0.06666666666666667
7 0.060625000000000005 0.1641304347826087 0.07291666666666667 0.04420289855072464
7 0.060625000000000005 0.4242753623188406 0.07291666666666667 0.04420289855072464
7 0.5614583333333334 0.4242753623188406 0.07291666666666667 0.04420289855072464
7 0.06208333333333334 0.6844202898550724 0.07416666666666667 0.06304347826086956
7 0.3095833333333334 0.6865942028985508 0.07416666666666667 0.06304347826086956
7 0.5479166666666667 0.6902173913043478 0.07416666666666667 0.06304347826086956
7 0.8025000000000001 0.6923913043478261 0.07416666666666667 0.06304347826086956
1 0.19333333333333336 0.21159420289855072 0.34 0.042028985507246375
1 0.19083333333333335 0.47681159420289854 0.34 0.042028985507246375
1 0.6895833333333333 0.47391304347826085 0.34 0.042028985507246375
1 0.12416666666666668 0.7521739130434782 0.19666666666666668 0.07246376811594203
1 0.3691666666666667 0.7492753623188406 0.19666666666666668 0.07246376811594203
1 0.6170833333333334 0.7518115942028986 0.2025 0.06739130434782609
1 0.8662500000000001 0.7568840579710145 0.20750000000000002 0.07173913043478261
4 0.500625 0.21521739130434783 0.9979166666666668 0.25217391304347825
5 0.24958333333333335 0.47500000000000003 0.49583333333333335 0.26014492753623186
5 0.7408333333333333 0.4757246376811594 0.49583333333333335 0.26014492753623186
6 0.12479166666666668 0.7518115942028986 0.24958333333333335 0.2891304347826087
6 0.3745833333333334 0.7619565217391304 0.25 0.2891304347826087
6 0.6245833333333334 0.7539855072463768 0.25 0.2891304347826087
6 0.8677083333333334 0.7525362318840579 0.2504166666666667 0.2891304347826087
3 0.4997916666666667 0.051449275362318844 0.9962500000000001 0.10289855072463769
3 0.5014583333333333 0.22028985507246376 0.9962500000000001 0.2463768115942029
3 0.4989583333333334 0.47644927536231885 0.9979166666666668 0.2572463768115942
3 0.4997916666666667 0.7583333333333333 0.9995833333333334 0.29347826086956524
