2 0.05520833333333334 0.04420289855072464 0.07625 0.08840579710144927
2 0.13270833333333334 0.042391304347826085 0.06958333333333334 0.08478260869565217
2 0.059375000000000004 0.2753623188405797 0.06958333333333334 0.08550724637681159
2 0.555 0.26811594202898553 0.06833333333333334 0.06956521739130435
2 0.0575 0.5318840579710145 0.06833333333333334 0.06956521739130435
2 0.5529166666666667 0.5289855072463768 0.06833333333333334 0.06956521739130435
2 0.059583333333333335 0.7869565217391304 0.06833333333333334 0.06956521739130435
2 0.5554166666666667 0.7876811594202898 0.06833333333333334 0.06956521739130435
7 0.055625 0.16594202898550725 0.06375 0.05507246376811594
7 0.5552083333333334 0.16666666666666666 0.06375 0.05507246376811594
7 0.058958333333333335 0.41956521739130437 0.06375 0.05507246376811594
7 0.5502083333333334 0.41449275362318844 0.06375 0.05507246376811594
7 0.05604166666666667 0.672463768115942 0.06375 0.05507246376811594
7 0.5547916666666667 0.6818840579710145 0.06375 0.05507246376811594
1 0.20750000000000002 0.213768115942029 0.36833333333333335 0.04782608695652174
1 0.6847916666666667 0.2170289855072464 0.31875000000000003 0.04710144927536232
1 0.20875000000000002 0.47246376811594204 0.36833333333333335 0.04782608695652174
1 0.6975 0.4688405797101449 0.36833333333333335 0.04782608695652174
1 0.20916666666666667 0.7326086956521739 0.36833333333333335 0.04782608695652174
1 0.7047916666666667 0.7307971014492753 0.36625 0.042753623188405795
5 0.24958333333333335 0.21521739130434783 0.4966666666666667 0.2536231884057971
5 0.75 0.21884057971014492 0.4966666666666667 0.2536231884057971
5 0.25125000000000003 0.4826086956521739 0.4966666666666667 0.2536231884057971
5 0.7470833333333334 0.47681159420289854 0.4966666666666667 0.2536231884057971
5 0.248125 0.7376811594202899 0.49625 0.2536231884057971
5 0.75 0.7384057971014493 0.4966666666666667 0.2536231884057971
3 0.50375 0.042753623188405795 0.9916666666666667 0.08550724637681159
3 0.5018750000000001 0.22246376811594204 0.9954166666666667 0.24782608695652175
3 0.5018750000000001 0.4826086956521739 0.9954166666666667 0.24782608695652175
3 0.4972916666666667 0.7355072463768116 0.9945833333333334 0.24782608695652175
