2 0.0575 0.03985507246376812 0.08 0.07971014492753624
2 0.13625 0.03985507246376812 0.08 0.07971014492753624
2 0.21541666666666667 0.03985507246376812 0.08 0.07971014492753624
2 0.290625 0.04021739130434783 0.06791666666666667 0.08043478260869566
2 0.36250000000000004 0.040942028985507244 0.08166666666666667 0.08188405797101449
2 0.061250000000000006 0.30144927536231886 0.08166666666666667 0.08260869565217391
2 0.304375 0.3036231884057971 0.06958333333333334 0.07246376811594203
2 0.56 0.30471014492753623 0.08666666666666667 0.07028985507246377
2 0.8045833333333334 0.302536231884058 0.08666666666666667 0.07028985507246377
2 0.058958333333333335 0.5572463768115942 0.07291666666666667 0.06811594202898551
2 0.5502083333333334 0.557608695652174 0.059583333333333335 0.0746376811594203
2 0.05520833333333334 0.8228260869565217 0.059583333333333335 0.0746376811594203
7 0.06416666666666668 0.16231884057971013 0.08 0.057971014492753624
7 0.3075 0.17173913043478262 0.08 0.057971014492753624
7 0.5575 0.16014492753623188 0.08 0.057971014492753624
7 0.7987500000000001 0.16521739130434782 0.08 0.057971014492753624
7 0.060000000000000005 0.4463768115942029 0.08 0.057971014492753624
7 0.5591666666666667 0.44855072463768114 0.08 0.057971014492753624
7 0.0575 0.7123188405797102 0.08 0.057971014492753624
1 0.12770833333333334 0.2246376811594203 0.2054166666666667 0.06666666666666667
1 0.37375 0.2326086956521739 0.20750000000000002 0.07246376811594203
1 0.62 0.2311594202898551 0.20750000000000002 0.07246376811594203
1 0.8695833333333334 0.23478260869565218 0.20750000000000002 0.07246376811594203
1 0.19187500000000002 0.5032608695652174 0.34958333333333336 0.04710144927536232
1 0.686875 0.5018115942028986 0.34958333333333336 0.04710144927536232
1 0.19687500000000002 0.761231884057971 0.34958333333333336 0.04710144927536232
6 0.12979166666666667 0.23043478260869565 0.24791666666666667 0.2898550724637681
6 0.3722916666666667 0.2289855072463768 0.24791666666666667 0.2898550724637681
6 0.624375 0.2289855072463768 0.24791666666666667 0.2898550724637681
6 0.869375 0.22753623188405797 0.24791666666666667 0.2898550724637681
5 0.25333333333333335 0.5094202898550725 0.4966666666666667 0.27246376811594203
5 0.7483333333333334 0.5014492753623189 0.4966666666666667 0.27246376811594203
4 0.500625 0.7648550724637682 0.9962500000000001 0.26304347826086955
3 0.5041666666666667 0.043115942028985506 0.9908333333333333 0.08623188405797101
3 0.500625 0.23804347826086958 0.9920833333333334 0.29782608695652174
3 0.49875 0.5090579710144928 0.9975 0.26304347826086955
3 0.5004166666666667 0.7717391304347826 0.9983333333333334 0.263768115942029
