2 0.05666666666666667 0.04021739130434783 0.07500000000000001 0.08043478260869566
2 0.13375 0.04021739130434783 0.07500000000000001 0.08043478260869566
2 0.21166666666666667 0.03840579710144928 0.08 0.07681159420289856
2 0.28833333333333333 0.03949275362318841 0.08 0.07753623188405798
2 0.06375 0.2684782608695652 0.08 0.07753623188405798
2 0.5527083333333334 0.2710144927536232 0.05708333333333334 0.07101449275362319
2 0.06520833333333334 0.5373188405797101 0.08125 0.07173913043478261
2 0.060208333333333336 0.8271739130434783 0.08125 0.07173913043478261
2 0.3072916666666667 0.8264492753623188 0.08125 0.07173913043478261
2 0.5535416666666667 0.8271739130434783 0.08125 0.07173913043478261
2 0.8060416666666668 0.8271739130434783 0.08125 0.07173913043478261
7 0.05916666666666667 0.16376811594202897 0.07 0.07246376811594203
7 0.5575 0.1644927536231884 0.07 0.07246376811594203
7 0.05541666666666667 0.4246376811594203 0.07 0.07246376811594203
7 0.058333333333333334 0.6869565217391305 0.07 0.07246376811594203
7 0.30833333333333335 0.6869565217391305 0.07 0.07246376811594203
7 0.5554166666666667 0.6840579710144927 0.07 0.07246376811594203
7 0.8004166666666667 0.6884057971014493 0.07 0.07246376811594203
1 0.19375 0.21304347826086956 0.3416666666666667 0.0463768115942029
1 0.6904166666666667 0.2144927536231884 0.3416666666666667 0.0463768115942029
1 0.18583333333333335 0.47608695652173916 0.3416666666666667 0.0463768115942029
1 0.12666666666666668 0.7543478260869565 0.21750000000000003 0.0782608695652174
1 0.375 0.755072463768116 0.21750000000000003 0.0782608695652174
1 0.6212500000000001 0.7528985507246377 0.21750000000000003 0.0782608695652174
1 0.8702083333333334 0.7492753623188406 0.21791666666666668 0.0782608695652174
5 0.2520833333333333 0.21920289855072464 0.4866666666666667 0.26159420289855073
5 0.7464583333333333 0.21521739130434783 0.4979166666666667 0.2594202898550725
4 0.4989583333333334 0.48079710144927534 0.9954166666666667 0.25579710144927537
6 0.12562500000000001 0.7536231884057971 0.2504166666666667 0.2971014492753623
6 0.3735416666666667 0.75 0.2504166666666667 0.2971014492753623
6 0.6206250000000001 0.7557971014492754 0.2504166666666667 0.2971014492753623
6 0.8739583333333334 0.7594202898550725 0.2504166666666667 0.2971014492753623
3 0.5016666666666667 0.043478260869565216 0.9958333333333333 0.08695652173913043
3 0.5016666666666667 0.22391304347826088 0.9958333333333333 0.263768115942029
3 0.5016666666666667 0.47898550724637684 0.9958333333333333 0.263768115942029
3 0.5016666666666667 0.756159420289855 0.9958333333333333 0.3094202898550725
