2 0.051875000000000004 0.042753623188405795 0.07208333333333333 0.08550724637681159
2 0.12187500000000001 0.041666666666666664 0.06708333333333334 0.08333333333333333
2 0.18395833333333333 0.0391304347826087 0.06208333333333334 0.0782608695652174
2 0.24770833333333334 0.0391304347826087 0.06208333333333334 0.0782608695652174
2 0.0625 0.3036231884057971 0.07916666666666668 0.06521739130434782
2 0.3104166666666667 0.30579710144927535 0.07916666666666668 0.06521739130434782
2 0.5554166666666667 0.30579710144927535 0.08416666666666667 0.07101449275362319
2 0.8054166666666667 0.3065217391304348 0.08416666666666667 0.07101449275362319
2 0.06375 0.5963768115942029 0.08416666666666667 0.07101449275362319
2 0.3066666666666667 0.5927536231884059 0.08416666666666667 0.07101449275362319
2 0.5508333333333334 0.5985507246376812 0.07 0.07681159420289856
2 0.8031250000000001 0.5945652173913043 0.08208333333333334 0.07753623188405798
7 0.06625 0.16702898550724637 0.08916666666666667 0.058695652173913045
7 0.31375000000000003 0.16630434782608697 0.08916666666666667 0.058695652173913045
7 0.5608333333333334 0.16630434782608697 0.08916666666666667 0.058695652173913045
7 0.8079166666666667 0.16630434782608697 0.08916666666666667 0.058695652173913045
7 0.06666666666666667 0.4532608695652174 0.08916666666666667 0.058695652173913045
7 0.3116666666666667 0.45760869565217394 0.08916666666666667 0.058695652173913045
7 0.5595833333333333 0.44673913043478264 0.08916666666666667 0.058695652173913045
7 0.8108333333333334 0.4539855072463768 0.08916666666666667 0.058695652173913045
1 0.12562500000000001 0.23007246376811594 0.21125000000000002 0.06739130434782609
1 0.37270833333333336 0.2286231884057971 0.21125000000000002 0.06739130434782609
1 0.6227083333333334 0.23442028985507246 0.21125000000000002 0.06739130434782609
1 0.8689583333333334 0.23297101449275362 0.21125000000000002 0.06739130434782609
1 0.12520833333333334 0.5257246376811594 0.21125000000000002 0.06739130434782609
1 0.37145833333333333 0.5221014492753623 0.21125000000000002 0.06739130434782609
1 0.6218750000000001 0.5206521739130435 0.21125000000000002 0.06739130434782609
1 0.8656250000000001 0.5177536231884058 0.21125000000000002 0.06739130434782609
6 0.12583333333333335 0.23297101449275362 0.2516666666666667 0.2876811594202899
6 0.3772916666666667 0.23369565217391305 0.2520833333333333 0.2876811594202899
6 0.6214583333333333 0.23804347826086958 0.2520833333333333 0.2876811594202899
6 0.8733333333333334 0.2351449275362319 0.2525 0.2876811594202899
6 0.12583333333333335 0.5228260869565218 0.2516666666666667 0.2876811594202899
6 0.374375 0.5228260869565218 0.2520833333333333 0.2876811594202899
6 0.6239583333333334 0.5264492753623189 0.2520833333333333 0.2876811594202899
6 0.8716666666666667 0.5155797101449275 0.2525 0.2876811594202899
3 0.5016666666666667 0.05036231884057971 0.9958333333333333 0.10072463768115943
3 0.4997916666666667 0.2358695652173913 0.9995833333333334 0.286231884057971
3 0.4997916666666667 0.5329710144927536 0.9995833333333334 0.286231884057971
