2 0.04895833333333334 0.041666666666666664 0.06875 0.08333333333333333
2 0.12229166666666667 0.04021739130434783 0.07375000000000001 0.08043478260869566
2 0.2 0.04021739130434783 0.07833333333333334 0.08043478260869566
2 0.05166666666666667 0.30471014492753623 0.05416666666666667 0.07753623188405798
2 0.3129166666666667 0.3036231884057971 0.08083333333333334 0.07971014492753624
2 0.5558333333333334 0.3007246376811594 0.08083333333333334 0.07971014492753624
2 0.8043750000000001 0.3039855072463768 0.08125 0.06884057971014493
2 0.06395833333333334 0.557608695652174 0.08125 0.06884057971014493
2 0.5589583333333333 0.5597826086956522 0.08125 0.06884057971014493
2 0.06354166666666668 0.8199275362318841 0.08125 0.06884057971014493
2 0.5597916666666667 0.8184782608695652 0.08125 0.06884057971014493
7 0.06291666666666668 0.1641304347826087 0.08 0.06594202898550725
7 0.3041666666666667 0.161231884057971 0.08 0.06594202898550725
7 0.5533333333333333 0.16847826086956522 0.08 0.06594202898550725
7 0.7983333333333333 0.16340579710144928 0.08 0.06594202898550725
7 0.058333333333333334 0.4496376811594203 0.08 0.06594202898550725
7 0.5604166666666667 0.44673913043478264 0.08 0.06594202898550725
7 0.06041666666666667 0.7068840579710145 0.08 0.06594202898550725
7 0.5637500000000001 0.7177536231884059 0.08 0.06594202898550725
1 0.12666666666666668 0.23297101449275362 0.20833333333333334 0.07753623188405798
1 0.37333333333333335 0.23007246376811594 0.20833333333333334 0.07753623188405798
1 0.6252083333333334 0.23478260869565218 0.21375000000000002 0.06521739130434782
1 0.8664583333333334 0.2318840579710145 0.21375000000000002 0.06521739130434782
1 0.17479166666666668 0.5039855072463768 0.3104166666666667 0.04565217391304348
1 0.6739583333333333 0.5010869565217392 0.3104166666666667 0.04565217391304348
1 0.181875 0.7648550724637682 0.3104166666666667 0.04565217391304348
1 0.6752083333333334 0.7648550724637682 0.3129166666666667 0.03840579710144928
6 0.12937500000000002 0.22934782608695653 0.24625000000000002 0.2833333333333333
6 0.37520833333333337 0.2358695652173913 0.24625000000000002 0.2833333333333333
6 0.6214583333333333 0.23297101449275362 0.24625000000000002 0.2833333333333333
6 0.8689583333333334 0.23369565217391305 0.24625000000000002 0.2833333333333333
5 0.248125 0.5079710144927536 0.49125 0.2594202898550725
5 0.744375 0.505072463768116 0.49125 0.2594202898550725
5 0.2522916666666667 0.7673913043478261 0.49125 0.2594202898550725
5 0.7514583333333333 0.7717391304347826 0.49625 0.2608695652173913
3 0.5022916666666667 0.04782608695652174 0.9929166666666668 0.09565217391304348
3 0.5025000000000001 0.23550724637681159 0.9941666666666668 0.2927536231884058
3 0.49770833333333336 0.5097826086956522 0.9954166666666667 0.25869565217391305
3 0.49770833333333336 0.7597826086956522 0.9954166666666667 0.25869565217391305
