2 0.04729166666666667 0.041304347826086954 0.06458333333333334 0.08115942028985507
2 0.11208333333333334 0.0391304347826087 0.07416666666666667 0.0782608695652174
2 0.19062500000000002 0.04021739130434783 0.08125 0.08043478260869566
2 0.060208333333333336 0.2688405797101449 0.08125 0.08115942028985507
2 0.5566666666666668 0.2702898550724638 0.07083333333333333 0.0782608695652174
2 0.05666666666666667 0.5659420289855073 0.07083333333333333 0.0782608695652174
2 0.3075 0.5655797101449276 0.07666666666666667 0.07898550724637682
2 0.5541666666666667 0.5619565217391305 0.07666666666666667 0.07898550724637682
2 0.8016666666666667 0.5641304347826087 0.07666666666666667 0.07898550724637682
2 0.06583333333333334 0.8242753623188406 0.07666666666666667 0.07898550724637682
7 0.05166666666666667 0.16159420289855073 0.05166666666666667 0.05652173913043478
7 0.5541666666666667 0.15507246376811595 0.05166666666666667 0.05652173913043478
7 0.059375000000000004 0.42028985507246375 0.06958333333333334 0.05507246376811594
7 0.3072916666666667 0.4282608695652174 0.06958333333333334 0.05507246376811594
7 0.5522916666666667 0.42246376811594205 0.06958333333333334 0.05507246376811594
7 0.7947916666666667 0.4282608695652174 0.06958333333333334 0.05507246376811594
7 0.058125 0.7231884057971014 0.06958333333333334 0.05507246376811594
1 0.19125 0.2144927536231884 0.33416666666666667 0.0536231884057971
1 0.6887500000000001 0.2144927536231884 0.33416666666666667 0.0536231884057971
1 0.12354166666666667 0.48985507246376814 0.19875 0.07391304347826087
1 0.3697916666666667 0.49130434782608695 0.19875 0.07391304347826087
1 0.6152083333333334 0.4934782608695652 0.19875 0.07391304347826087
1 0.8572916666666667 0.4905797101449275 0.19875 0.07391304347826087
1 0.18958333333333335 0.7673913043478261 0.33916666666666667 0.043478260869565216
5 0.25020833333333337 0.21920289855072464 0.5004166666666667 0.26014492753623186
5 0.7491666666666668 0.2213768115942029 0.5008333333333334 0.26014492753623186
6 0.12770833333333334 0.49130434782608695 0.2554166666666667 0.28695652173913044
6 0.3766666666666667 0.49420289855072463 0.25583333333333336 0.28695652173913044
6 0.6225 0.48985507246376814 0.2525 0.2898550724637681
6 0.8695833333333334 0.4920289855072464 0.2525 0.2898550724637681
4 0.4997916666666667 0.769927536231884 0.9995833333333334 0.25869565217391305
3 0.499375 0.042028985507246375 0.9920833333333334 0.08405797101449275
3 0.4979166666666667 0.21521739130434783 0.9925 0.2594202898550725
3 0.5016666666666667 0.4963768115942029 0.9958333333333333 0.2942028985507246
3 0.4997916666666667 0.7721014492753623 0.9995833333333334 0.26014492753623186
