2 0.04979166666666667 0.042028985507246375 0.06625 0.08260869565217391
2 0.12291666666666667 0.03985507246376812 0.08 0.07971014492753624
2 0.2004166666666667 0.03985507246376812 0.08 0.07971014492753624
2 0.2754166666666667 0.04384057971014493 0.07833333333333334 0.08623188405797101
2 0.059375000000000004 0.30543478260869567 0.07541666666666667 0.07318840579710145
2 0.3022916666666667 0.3061594202898551 0.07541666666666667 0.07318840579710145
2 0.5483333333333333 0.3068840579710145 0.0625 0.07173913043478261
2 0.7958333333333334 0.3076086956521739 0.0625 0.07173913043478261
7 0.04895833333333334 0.16268115942028985 0.04875 0.05434782608695652
7 0.30520833333333336 0.1673913043478261 0.06041666666666667 0.04782608695652174
7 0.5464583333333334 0.1673913043478261 0.06041666666666667 0.04782608695652174
7 0.7977083333333334 0.16231884057971013 0.06041666666666667 0.04782608695652174
1 0.12604166666666666 0.2286231884057971 0.20208333333333334 0.06304347826086956
1 0.37145833333333333 0.22934782608695653 0.20208333333333334 0.06304347826086956
1 0.6197916666666667 0.22934782608695653 0.20208333333333334 0.06304347826086956
1 0.8529166666666668 0.23007246376811594 0.18250000000000002 0.06739130434782609
6 0.1275 0.23442028985507246 0.24416666666666667 0.29492753623188406
6 0.3754166666666667 0.2358695652173913 0.24416666666666667 0.29492753623188406
6 0.6220833333333333 0.23804347826086958 0.24916666666666668 0.2963768115942029
6 0.8675 0.23876811594202899 0.24916666666666668 0.2963768115942029
3 0.49875 0.04818840579710145 0.9850000000000001 0.0963768115942029
3 0.5004166666666667 0.23550724637681159 0.9983333333333334 0.2942028985507246
