2 0.05604166666666667 0.042753623188405795 0.07625 0.08550724637681159
2 0.135 0.0391304347826087 0.085 0.0782608695652174
2 0.059375000000000004 0.3061594202898551 0.07375000000000001 0.0746376811594203
2 0.30812500000000004 0.3061594202898551 0.07375000000000001 0.0746376811594203
2 0.5547916666666667 0.30471014492753623 0.07375000000000001 0.0746376811594203
2 0.8014583333333334 0.3039855072463768 0.07375000000000001 0.0746376811594203
2 0.057708333333333334 0.592391304347826 0.07375000000000001 0.0746376811594203
2 0.30520833333333336 0.5960144927536232 0.07375000000000001 0.0746376811594203
2 0.551875 0.5945652173913043 0.07375000000000001 0.0746376811594203
2 0.801875 0.5945652173913043 0.07375000000000001 0.0746376811594203
2 0.057708333333333334 0.8894927536231885 0.07375000000000001 0.0746376811594203
2 0.30645833333333333 0.8880434782608696 0.07375000000000001 0.0746376811594203
2 0.5539583333333333 0.8865942028985507 0.07375000000000001 0.0746376811594203
2 0.7947916666666667 0.9155797101449276 0.07375000000000001 0.0746376811594203
7 0.061250000000000006 0.16485507246376813 0.07583333333333334 0.058695652173913045
7 0.30625 0.16485507246376813 0.07583333333333334 0.058695652173913045
7 0.5508333333333334 0.16340579710144928 0.07583333333333334 0.058695652173913045
7 0.8041666666666667 0.16340579710144928 0.07583333333333334 0.058695652173913045
7 0.06041666666666667 0.4503623188405797 0.07583333333333334 0.058695652173913045
7 0.30375 0.4539855072463768 0.07583333333333334 0.058695652173913045
7 0.55 0.4503623188405797 0.07583333333333334 0.058695652173913045
7 0.8033333333333333 0.45471014492753625 0.07583333333333334 0.058695652173913045
7 0.06375 0.7402173913043478 0.07583333333333334 0.058695652173913045
7 0.30541666666666667 0.7402173913043478 0.07583333333333334 0.058695652173913045
7 0.555 0.7510869565217392 0.07583333333333334 0.058695652173913045
7 0.7979166666666667 0.7460144927536232 0.07583333333333334 0.058695652173913045
1 0.115625 0.23043478260869565 0.18291666666666667 0.06666666666666667
1 0.3635416666666667 0.22971014492753625 0.18291666666666667 0.06666666666666667
1 0.6183333333333334 0.23442028985507246 0.2016666666666667 0.06884057971014493
1 0.8608333333333333 0.23297101449275362 0.2016666666666667 0.06884057971014493
1 0.11791666666666667 0.5166666666666667 0.2 0.08115942028985507
1 0.3741666666666667 0.5253623188405797 0.2 0.08115942028985507
1 0.61 0.5195652173913043 0.2 0.08115942028985507
1 0.8720833333333334 0.5195652173913043 0.2 0.08115942028985507
1 0.12333333333333334 0.813768115942029 0.2 0.08115942028985507
1 0.35958333333333337 0.8123188405797102 0.2 0.08115942028985507
1 0.6158333333333333 0.8155797101449276 0.21250000000000002 0.07753623188405798
1 0.8668750000000001 0.8297101449275363 0.21875000000000003 0.09420289855072464
6 0.12916666666666668 0.2282608695652174 0.24666666666666667 0.2811594202898551
6 0.3741666666666667 0.23043478260869565 0.24666666666666667 0.2811594202898551
6 0.6204166666666667 0.23043478260869565 0.24666666666666667 0.2811594202898551
6 0.8700000000000001 0.23405797101449274 0.24666666666666667 0.2811594202898551
6 0.12854166666666667 0.5228260869565218 0.2520833333333333 0.2876811594202899
6 0.3747916666666667 0.5242753623188405 0.2520833333333333 0.2876811594202899
6 0.6210416666666667 0.5264492753623189 0.2520833333333333 0.2876811594202899
6 0.869375 0.5235507246376812 0.2520833333333333 0.2876811594202899
6 0.12645833333333334 0.8155797101449276 0.2520833333333333 0.2876811594202899
6 0.3760416666666667 0.8166666666666667 0.24708333333333335 0.2898550724637681
6 0.6222916666666667 0.8152173913043478 0.24708333333333335 0.2898550724637681
6 0.8725 0.8300724637681159 0.2541666666666667 0.3108695652173913
3 0.5014583333333333 0.04782608695652174 0.9962500000000001 0.09565217391304348
3 0.5014583333333333 0.23152173913043478 0.9962500000000001 0.2833333333333333
3 0.5014583333333333 0.5221014492753623 0.9962500000000001 0.2833333333333333
3 0.5014583333333333 0.8307971014492753 0.9962500000000001 0.322463768115942
