2 0.05541666666666667 0.042753623188405795 0.0825 0.08550724637681159
2 0.12833333333333335 0.04021739130434783 0.07250000000000001 0.08043478260869566
2 0.059791666666666674 0.3039855072463768 0.07458333333333333 0.0746376811594203
2 0.30812500000000004 0.30543478260869567 0.07458333333333333 0.0746376811594203
2 0.558125 0.3068840579710145 0.07458333333333333 0.0746376811594203
2 0.7920833333333334 0.3050724637681159 0.0625 0.07246376811594203
2 0.05666666666666667 0.5666666666666667 0.0625 0.07246376811594203
2 0.05666666666666667 0.8239130434782609 0.0625 0.07246376811594203
2 0.5525 0.8239130434782609 0.0625 0.07246376811594203
7 0.05041666666666667 0.16304347826086957 0.05583333333333334 0.0463768115942029
7 0.30583333333333335 0.16231884057971013 0.06666666666666667 0.04782608695652174
7 0.5537500000000001 0.16521739130434782 0.06666666666666667 0.04782608695652174
7 0.7964583333333334 0.16485507246376813 0.06958333333333334 0.05
7 0.060208333333333336 0.46268115942028987 0.06875 0.058695652173913045
7 0.058125 0.7097826086956521 0.06875 0.058695652173913045
7 0.5585416666666667 0.7105072463768116 0.06875 0.058695652173913045
1 0.10604166666666667 0.22753623188405797 0.16291666666666668 0.06521739130434782
1 0.36770833333333336 0.2322463768115942 0.18958333333333335 0.07028985507246377
1 0.614375 0.2322463768115942 0.18958333333333335 0.07028985507246377
1 0.8585416666666668 0.2286231884057971 0.18958333333333335 0.07028985507246377
1 0.18104166666666668 0.5105072463768116 0.3120833333333334 0.03985507246376812
1 0.17645833333333336 0.7655797101449275 0.3120833333333334 0.03985507246376812
1 0.6760416666666668 0.7713768115942029 0.3120833333333334 0.03985507246376812
6 0.12666666666666668 0.2322463768115942 0.25 0.28043478260869564
6 0.37583333333333335 0.23079710144927537 0.25 0.28043478260869564
6 0.6212500000000001 0.23442028985507246 0.25 0.28043478260869564
6 0.8691666666666668 0.23731884057971014 0.25 0.28043478260869564
4 0.49750000000000005 0.5079710144927536 0.9950000000000001 0.26231884057971017
5 0.25083333333333335 0.7677536231884058 0.49833333333333335 0.2688405797101449
5 0.7504166666666667 0.775 0.49833333333333335 0.2688405797101449
3 0.5033333333333334 0.043115942028985506 0.9925 0.08623188405797101
3 0.5033333333333334 0.23623188405797102 0.9925 0.29130434782608694
3 0.5033333333333334 0.5094202898550725 0.9925 0.26231884057971017
3 0.5033333333333334 0.7681159420289855 0.9925 0.26231884057971017
