2 0.05541666666666667 0.042028985507246375 0.07833333333333334 0.08405797101449275
2 0.13041666666666668 0.042028985507246375 0.07833333333333334 0.08405797101449275
2 0.2025 0.042028985507246375 0.06416666666666668 0.08405797101449275
2 0.26125000000000004 0.042028985507246375 0.05666666666666667 0.08260869565217391
2 0.31958333333333333 0.041666666666666664 0.06416666666666668 0.08333333333333333
2 0.06041666666666667 0.2710144927536232 0.07166666666666667 0.06811594202898551
2 0.5541666666666667 0.26811594202898553 0.07166666666666667 0.06811594202898551
2 0.059583333333333335 0.5355072463768116 0.07166666666666667 0.06811594202898551
2 0.05916666666666667 0.8260869565217391 0.07166666666666667 0.06811594202898551
2 0.30083333333333334 0.8239130434782609 0.06833333333333334 0.07536231884057971
2 0.5458333333333334 0.8260869565217391 0.06833333333333334 0.07536231884057971
2 0.8008333333333334 0.8568840579710145 0.07500000000000001 0.07608695652173914
7 0.05520833333333334 0.15615942028985508 0.06958333333333334 0.06159420289855073
7 0.5572916666666667 0.15108695652173912 0.06958333333333334 0.06159420289855073
7 0.06145833333333334 0.4257246376811594 0.06958333333333334 0.06159420289855073
7 0.05854166666666667 0.6880434782608695 0.06958333333333334 0.06159420289855073
7 0.3035416666666667 0.6858695652173913 0.06958333333333334 0.06159420289855073
7 0.5527083333333334 0.6807971014492754 0.06958333333333334 0.06159420289855073
7 0.7997916666666667 0.6778985507246377 0.06958333333333334 0.06159420289855073
1 0.19208333333333336 0.2144927536231884 0.335 0.04927536231884058
1 0.6908333333333334 0.21739130434782608 0.335 0.04927536231884058
1 0.19375 0.47934782608695653 0.3375 0.03840579710144928
1 0.11937500000000001 0.7532608695652174 0.19791666666666669 0.06739130434782609
1 0.36645833333333333 0.7554347826086957 0.19791666666666669 0.06739130434782609
1 0.62 0.7521739130434782 0.20333333333333334 0.06666666666666667
1 0.868125 0.7641304347826087 0.20625000000000002 0.0963768115942029
5 0.2504166666666667 0.21920289855072464 0.4966666666666667 0.26304347826086955
5 0.7512500000000001 0.21920289855072464 0.4966666666666667 0.26304347826086955
4 0.4989583333333334 0.4818840579710145 0.9979166666666668 0.26666666666666666
6 0.12687500000000002 0.7572463768115942 0.2520833333333333 0.2971014492753623
6 0.3772916666666667 0.75 0.2520833333333333 0.2971014492753623
6 0.6235416666666667 0.763768115942029 0.2520833333333333 0.2971014492753623
6 0.8720833333333334 0.7695652173913043 0.255 0.32028985507246377
3 0.4985416666666667 0.04456521739130435 0.9970833333333334 0.0891304347826087
3 0.5002083333333334 0.21956521739130436 0.99875 0.2608695652173913
3 0.5002083333333334 0.4688405797101449 0.99875 0.2608695652173913
3 0.4997916666666667 0.7666666666666667 0.9995833333333334 0.32753623188405795
