2 0.055625 0.04384057971014493 0.07541666666666667 0.08768115942028985
2 0.12416666666666668 0.042028985507246375 0.065 0.08405797101449275
2 0.19 0.042028985507246375 0.065 0.08405797101449275
2 0.06520833333333334 0.2713768115942029 0.08125 0.07753623188405798
2 0.5593750000000001 0.27210144927536234 0.08125 0.07753623188405798
2 0.059375000000000004 0.5373188405797101 0.08125 0.07753623188405798
2 0.050625 0.8282608695652174 0.05708333333333334 0.07536231884057971
2 0.30791666666666667 0.8253623188405798 0.08333333333333334 0.07101449275362319
2 0.5558333333333334 0.8246376811594203 0.08333333333333334 0.07101449275362319
2 0.7958333333333334 0.825 0.065 0.07173913043478261
7 0.06291666666666668 0.16231884057971013 0.07666666666666667 0.06811594202898551
7 0.5591666666666667 0.15144927536231884 0.07666666666666667 0.06811594202898551
7 0.058750000000000004 0.42318840579710143 0.07666666666666667 0.06811594202898551
7 0.06166666666666667 0.6811594202898551 0.07666666666666667 0.06811594202898551
7 0.30333333333333334 0.6927536231884058 0.07666666666666667 0.06811594202898551
7 0.5604166666666667 0.6847826086956522 0.07666666666666667 0.06811594202898551
7 0.7995833333333334 0.6833333333333333 0.07666666666666667 0.06811594202898551
1 0.18875 0.21340579710144927 0.32916666666666666 0.04420289855072464
1 0.6829166666666667 0.21195652173913043 0.32916666666666666 0.04420289855072464
1 0.18458333333333335 0.4815217391304348 0.32916666666666666 0.04420289855072464
1 0.125 0.7485507246376811 0.21750000000000003 0.06086956521739131
1 0.37625000000000003 0.7543478260869565 0.21750000000000003 0.06086956521739131
1 0.6225 0.7536231884057971 0.21750000000000003 0.06086956521739131
1 0.8675 0.7536231884057971 0.21750000000000003 0.06086956521739131
5 0.24895833333333334 0.22065217391304348 0.4979166666666667 0.26304347826086955
5 0.7504166666666667 0.21992753623188407 0.49833333333333335 0.26304347826086955
4 0.4997916666666667 0.47789855072463766 0.9995833333333334 0.2717391304347826
6 0.1275 0.7532608695652174 0.24666666666666667 0.2833333333333333
6 0.37375 0.7503623188405797 0.24666666666666667 0.2833333333333333
6 0.6191666666666668 0.7539855072463768 0.24666666666666667 0.2833333333333333
6 0.86875 0.7510869565217392 0.24666666666666667 0.2833333333333333
3 0.5041666666666667 0.04927536231884058 0.9908333333333333 0.09855072463768116
3 0.5041666666666667 0.22391304347826088 0.9908333333333333 0.2565217391304348
3 0.49833333333333335 0.48043478260869565 0.9908333333333333 0.2565217391304348
3 0.5022916666666667 0.7536231884057971 0.9945833333333334 0.2971014492753623
