2 0.046875 0.043115942028985506 0.06958333333333334 0.08623188405797101
2 0.115625 0.043115942028985506 0.06958333333333334 0.08623188405797101
2 0.19229166666666667 0.0391304347826087 0.08125 0.0782608695652174
2 0.058333333333333334 0.2684782608695652 0.07166666666666667 0.07173913043478261
2 0.5575 0.2742753623188406 0.07166666666666667 0.07173913043478261
7 0.058333333333333334 0.15507246376811595 0.07416666666666667 0.057971014492753624
7 0.5583333333333333 0.16231884057971013 0.07416666666666667 0.057971014492753624
1 0.1860416666666667 0.2144927536231884 0.32708333333333334 0.052173913043478265
1 0.6802083333333334 0.21159420289855072 0.32708333333333334 0.052173913043478265
5 0.249375 0.21847826086956523 0.4929166666666667 0.25434782608695655
5 0.7472916666666667 0.22065217391304348 0.4929166666666667 0.25434782608695655
3 0.5008333333333334 0.0463768115942029 0.9975 0.0927536231884058
3 0.5008333333333334 0.21920289855072464 0.9975 0.26014492753623186
