2 0.05520833333333334 0.042028985507246375 0.08708333333333333 0.08405797101449275
2 0.139375 0.042028985507246375 0.08708333333333333 0.08405797101449275
2 0.21937500000000001 0.040942028985507244 0.07958333333333334 0.08188405797101449
2 0.290625 0.040942028985507244 0.06958333333333334 0.08188405797101449
2 0.3579166666666667 0.042028985507246375 0.07416666666666667 0.08405797101449275
2 0.060000000000000005 0.3076086956521739 0.07666666666666667 0.0746376811594203
2 0.30583333333333335 0.3068840579710145 0.07666666666666667 0.0746376811594203
2 0.555 0.3032608695652174 0.07666666666666667 0.0746376811594203
2 0.7964583333333334 0.3050724637681159 0.06708333333333334 0.07391304347826087
2 0.05395833333333334 0.5648550724637681 0.05708333333333334 0.07173913043478261
2 0.06166666666666667 0.8231884057971015 0.08 0.07246376811594203
2 0.5545833333333333 0.8231884057971015 0.08 0.07246376811594203
7 0.053750000000000006 0.1681159420289855 0.05666666666666667 0.0536231884057971
7 0.30625 0.1681159420289855 0.05666666666666667 0.0536231884057971
7 0.5543750000000001 0.15797101449275364 0.06208333333333334 0.052173913043478265
7 0.7987500000000001 0.1673913043478261 0.05666666666666667 0.0536231884057971
7 0.05645833333333334 0.4594202898550725 0.07375000000000001 0.0536231884057971
7 0.065 0.7123188405797102 0.07916666666666668 0.050724637681159424
7 0.54625 0.7188405797101449 0.05583333333333334 0.05507246376811594
1 0.10916666666666668 0.2311594202898551 0.1691666666666667 0.07246376811594203
1 0.36291666666666667 0.2351449275362319 0.18250000000000002 0.06884057971014493
1 0.6091666666666667 0.23152173913043478 0.18250000000000002 0.06884057971014493
1 0.8633333333333334 0.2358695652173913 0.20333333333333334 0.07173913043478261
1 0.184375 0.5105072463768116 0.3304166666666667 0.04710144927536232
1 0.18770833333333334 0.7706521739130435 0.3304166666666667 0.04710144927536232
1 0.6835416666666667 0.7655797101449275 0.3304166666666667 0.04710144927536232
6 0.12979166666666667 0.23550724637681159 0.24791666666666667 0.28695652173913044
6 0.37395833333333334 0.23333333333333334 0.24791666666666667 0.28695652173913044
6 0.6222916666666667 0.23695652173913043 0.24791666666666667 0.28695652173913044
6 0.8689583333333334 0.2391304347826087 0.24791666666666667 0.28695652173913044
4 0.49812500000000004 0.5123188405797101 0.99375 0.2536231884057971
5 0.24916666666666668 0.7807971014492754 0.49250000000000005 0.2673913043478261
5 0.7483333333333334 0.7771739130434783 0.49250000000000005 0.2673913043478261
3 0.5012500000000001 0.04528985507246377 0.9933333333333334 0.09057971014492754
3 0.4997916666666667 0.23478260869565218 0.9995833333333334 0.29130434782608694
3 0.4997916666666667 0.5126811594202899 0.9995833333333334 0.26594202898550723
3 0.4997916666666667 0.761231884057971 0.9995833333333334 0.26594202898550723
