2 0.05437500000000001 0.042753623188405795 0.08125 0.08550724637681159
2 0.12541666666666668 0.042753623188405795 0.07 0.08550724637681159
2 0.19 0.042753623188405795 0.07 0.08550724637681159
2 0.25875000000000004 0.04384057971014493 0.07 0.08623188405797101
2 0.05520833333333334 0.2713768115942029 0.06625 0.07753623188405798
2 0.556875 0.26920289855072466 0.07708333333333334 0.07753623188405798
2 0.055 0.5365942028985508 0.058333333333333334 0.0746376811594203
2 0.06041666666666667 0.8271739130434783 0.07250000000000001 0.06884057971014493
2 0.30083333333333334 0.8271739130434783 0.07250000000000001 0.06884057971014493
2 0.5547916666666667 0.8264492753623188 0.07791666666666668 0.07173913043478261
2 0.8041666666666667 0.827536231884058 0.07833333333333334 0.07101449275362319
7 0.06520833333333334 0.15615942028985508 0.08125 0.04565217391304348
7 0.5647916666666667 0.16340579710144928 0.08125 0.04565217391304348
7 0.06729166666666667 0.42644927536231886 0.08125 0.04565217391304348
7 0.058958333333333335 0.6865942028985508 0.07708333333333334 0.05289855072463768
7 0.3060416666666667 0.6873188405797102 0.07708333333333334 0.05289855072463768
7 0.5552083333333334 0.6909420289855073 0.07708333333333334 0.05289855072463768
7 0.8035416666666667 0.6873188405797102 0.07708333333333334 0.05289855072463768
1 0.18416666666666667 0.20724637681159422 0.31583333333333335 0.0536231884057971
1 0.6797916666666667 0.21739130434782608 0.31708333333333333 0.0463768115942029
1 0.19020833333333334 0.47934782608695653 0.32458333333333333 0.05
1 0.12854166666666667 0.7525362318840579 0.20791666666666667 0.07608695652173914
1 0.37062500000000004 0.7460144927536232 0.20791666666666667 0.07608695652173914
1 0.6135416666666667 0.7576086956521739 0.20791666666666667 0.07608695652173914
1 0.868125 0.7597826086956522 0.20791666666666667 0.07608695652173914
5 0.25083333333333335 0.2144927536231884 0.49583333333333335 0.25507246376811593
5 0.7516666666666667 0.21304347826086956 0.49583333333333335 0.25507246376811593
4 0.4997916666666667 0.4822463768115942 0.9995833333333334 0.25579710144927537
6 0.12729166666666666 0.7557971014492754 0.24958333333333335 0.29130434782608694
6 0.3710416666666667 0.7507246376811594 0.24958333333333335 0.29130434782608694
6 0.6202083333333334 0.7565217391304347 0.24958333333333335 0.29130434782608694
6 0.8677083333333334 0.7586956521739131 0.24958333333333335 0.29130434782608694
3 0.5022916666666667 0.04818840579710145 0.9945833333333334 0.0963768115942029
3 0.5004166666666667 0.22065217391304348 0.9983333333333334 0.2528985507246377
3 0.49875 0.47934782608695653 0.9975 0.2528985507246377
3 0.4985416666666667 0.7630434782608696 0.9970833333333334 0.30289855072463767
