2 0.05229166666666667 0.042391304347826085 0.07041666666666667 0.08478260869565217
2 0.12604166666666666 0.04384057971014493 0.07875 0.08768115942028985
2 0.20187500000000003 0.04384057971014493 0.07875 0.08768115942028985
2 0.05395833333333334 0.26920289855072466 0.06041666666666667 0.0746376811594203
2 0.5585416666666667 0.26920289855072466 0.07125000000000001 0.0746376811594203
2 0.061875000000000006 0.5641304347826087 0.07125000000000001 0.0746376811594203
2 0.30395833333333333 0.5641304347826087 0.07125000000000001 0.0746376811594203
2 0.5547916666666667 0.5648550724637681 0.07125000000000001 0.0746376811594203
2 0.7947916666666667 0.5655797101449276 0.06208333333333334 0.07318840579710145
2 0.05604166666666667 0.8242753623188406 0.06208333333333334 0.07318840579710145
7 0.061250000000000006 0.16340579710144928 0.07416666666666667 0.060144927536231886
7 0.56125 0.16268115942028985 0.07416666666666667 0.060144927536231886
7 0.058333333333333334 0.4257246376811594 0.07416666666666667 0.060144927536231886
7 0.31125 0.4235507246376812 0.07416666666666667 0.060144927536231886
7 0.5504166666666667 0.42644927536231886 0.07416666666666667 0.060144927536231886
7 0.805 0.42644927536231886 0.07416666666666667 0.060144927536231886
7 0.06458333333333334 0.711231884057971 0.07416666666666667 0.060144927536231886
1 0.17708333333333334 0.21666666666666667 0.30583333333333335 0.04057971014492753
1 0.6891666666666667 0.2144927536231884 0.3375 0.04927536231884058
1 0.12062500000000001 0.4923913043478261 0.19125 0.07028985507246377
1 0.3747916666666667 0.4916666666666667 0.21541666666666667 0.07173913043478261
1 0.6268750000000001 0.4996376811594203 0.21541666666666667 0.07173913043478261
1 0.8664583333333334 0.4967391304347826 0.21541666666666667 0.07173913043478261
1 0.19562500000000002 0.7681159420289855 0.3379166666666667 0.04782608695652174
5 0.248125 0.21594202898550724 0.4929166666666667 0.2579710144927536
5 0.748125 0.21739130434782608 0.4929166666666667 0.2579710144927536
6 0.125 0.4905797101449275 0.25 0.2898550724637681
6 0.37145833333333333 0.48985507246376814 0.2504166666666667 0.2898550724637681
6 0.6239583333333334 0.49927536231884057 0.2504166666666667 0.2898550724637681
6 0.8710416666666667 0.4920289855072464 0.2504166666666667 0.2898550724637681
4 0.496875 0.7724637681159421 0.99375 0.26956521739130435
3 0.5027083333333333 0.043478260869565216 0.99375 0.08695652173913043
3 0.5004166666666667 0.2177536231884058 0.9975 0.25434782608695655
3 0.4972916666666667 0.49746376811594206 0.9945833333333334 0.2833333333333333
3 0.4972916666666667 0.7764492753623189 0.9945833333333334 0.2833333333333333
