2 0.050208333333333334 0.04456521739130435 0.07458333333333333 0.0891304347826087
2 0.12020833333333335 0.04456521739130435 0.07458333333333333 0.0891304347826087
2 0.06104166666666667 0.3079710144927536 0.07291666666666667 0.0782608695652174
2 0.3095833333333334 0.3105072463768116 0.08416666666666667 0.07753623188405798
2 0.55 0.3036231884057971 0.06833333333333334 0.07101449275362319
2 0.7954166666666668 0.3079710144927536 0.06833333333333334 0.07101449275362319
2 0.063125 0.5659420289855073 0.08458333333333334 0.0782608695652174
2 0.05604166666666667 0.8217391304347826 0.07041666666666667 0.07246376811594203
2 0.5604166666666667 0.8228260869565217 0.08166666666666667 0.07318840579710145
7 0.053750000000000006 0.15797101449275364 0.06666666666666667 0.06086956521739131
7 0.305 0.15869565217391304 0.06666666666666667 0.06086956521739131
7 0.5558333333333334 0.16086956521739132 0.06666666666666667 0.06086956521739131
7 0.7987500000000001 0.16159420289855073 0.06666666666666667 0.06086956521739131
7 0.05625 0.4572463768115942 0.06666666666666667 0.06086956521739131
7 0.061250000000000006 0.7166666666666667 0.06666666666666667 0.06086956521739131
7 0.5575 0.7210144927536232 0.06666666666666667 0.06086956521739131
1 0.13208333333333333 0.2257246376811594 0.21166666666666667 0.06884057971014493
1 0.3745833333333334 0.2322463768115942 0.21166666666666667 0.06884057971014493
1 0.6179166666666667 0.23079710144927537 0.21166666666666667 0.06884057971014493
1 0.8683333333333334 0.23297101449275362 0.21166666666666667 0.06884057971014493
1 0.18645833333333334 0.5090579710144928 0.32375000000000004 0.04420289855072464
1 0.1872916666666667 0.7684782608695653 0.32625000000000004 0.03695652173913044
1 0.6843750000000001 0.769927536231884 0.32625000000000004 0.03695652173913044
6 0.12770833333333334 0.23079710144927537 0.24958333333333335 0.286231884057971
6 0.3745833333333334 0.2286231884057971 0.2516666666666667 0.286231884057971
6 0.6195833333333334 0.22717391304347825 0.2516666666666667 0.286231884057971
6 0.8700000000000001 0.23297101449275362 0.2516666666666667 0.286231884057971
4 0.4995833333333334 0.5094202898550725 0.9991666666666668 0.25072463768115943
5 0.25104166666666666 0.768840579710145 0.4920833333333334 0.26666666666666666
5 0.7472916666666667 0.7710144927536232 0.4920833333333334 0.26666666666666666
3 0.5014583333333333 0.04021739130434783 0.9929166666666668 0.08043478260869566
3 0.5 0.23043478260869565 0.9991666666666668 0.2797101449275362
3 0.49875 0.5163043478260869 0.9966666666666667 0.25579710144927537
3 0.4979166666666667 0.7692028985507247 0.9958333333333333 0.25579710144927537
