2 0.052083333333333336 0.043115942028985506 0.07 0.08478260869565217
2 0.12416666666666668 0.04384057971014493 0.07500000000000001 0.08768115942028985
2 0.19791666666666669 0.04384057971014493 0.07500000000000001 0.08768115942028985
2 0.05645833333333334 0.2739130434782609 0.06958333333333334 0.07391304347826087
2 0.5535416666666667 0.26956521739130435 0.06958333333333334 0.07391304347826087
2 0.056875 0.5659420289855073 0.06958333333333334 0.07391304347826087
2 0.3060416666666667 0.5659420289855073 0.06958333333333334 0.07391304347826087
2 0.5575 0.566304347826087 0.07666666666666667 0.07318840579710145
2 0.8016666666666667 0.5648550724637681 0.07666666666666667 0.07318840579710145
2 0.06458333333333334 0.8293478260869566 0.07666666666666667 0.07318840579710145
7 0.05479166666666667 0.1677536231884058 0.05708333333333334 0.058695652173913045
7 0.5493750000000001 0.16992753623188406 0.05708333333333334 0.058695652173913045
7 0.055625 0.4213768115942029 0.05708333333333334 0.058695652173913045
7 0.3072916666666667 0.4300724637681159 0.05708333333333334 0.058695652173913045
7 0.5527083333333334 0.4322463768115942 0.05708333333333334 0.058695652173913045
7 0.7972916666666667 0.4271739130434783 0.05708333333333334 0.058695652173913045
7 0.05791666666666667 0.7094202898550724 0.06833333333333334 0.0536231884057971
1 0.17770833333333336 0.21231884057971015 0.30041666666666667 0.043478260869565216
1 0.680625 0.21159420289855072 0.3179166666666667 0.04057971014492753
1 0.1125 0.488768115942029 0.17083333333333334 0.06739130434782609
1 0.3770833333333334 0.49130434782608695 0.20500000000000002 0.07246376811594203
1 0.6212500000000001 0.49420289855072463 0.20500000000000002 0.07246376811594203
1 0.8670833333333334 0.49420289855072463 0.20500000000000002 0.07246376811594203
1 0.186875 0.7666666666666667 0.32708333333333334 0.050724637681159424
5 0.25062500000000004 0.21521739130434783 0.48958333333333337 0.263768115942029
5 0.7477083333333334 0.2108695652173913 0.48958333333333337 0.263768115942029
6 0.12687500000000002 0.48768115942028983 0.2520833333333333 0.2942028985507246
6 0.3747916666666667 0.4985507246376812 0.2520833333333333 0.2942028985507246
6 0.6218750000000001 0.4956521739130435 0.2520833333333333 0.2942028985507246
6 0.8672916666666667 0.4963768115942029 0.2520833333333333 0.2942028985507246
4 0.496875 0.7724637681159421 0.99375 0.26521739130434785
3 0.4989583333333334 0.043478260869565216 0.9979166666666668 0.08695652173913043
3 0.4964583333333334 0.2144927536231884 0.9929166666666668 0.2579710144927536
3 0.499375 0.49094202898550726 0.99875 0.2847826086956522
3 0.499375 0.7728260869565218 0.99875 0.2847826086956522
