2 0.12475049900199602 0.0973397823458283 0.14114627887082978 0.12615880693268844
2 0.3216424294268606 0.09028617492946393 0.206444254348446 0.1362353889560661
2 0.1887653264898774 0.3663845223700121 0.18591388651268892 0.10802095929060863
2 0.13202167094382664 0.6539701733172109 0.17735956658112348 0.12212817412333737
2 0.3857998289136014 0.718863361547763 0.17735956658112348 0.12212817412333737
2 0.6444254348445966 0.7144296654574769 0.17735956658112348 0.12212817412333737
2 0.3561448531508412 0.8724304715840387 0.15055603079555177 0.08988311164852883
2 0.7958368976333049 0.8817009270455461 0.14200171086398633 0.11003627569528417
1 0.2737382378100941 0.25151148730350664 0.3467351012261192 0.12091898428053205
1 0.13515825491873398 0.5255945183393793 0.1442828628457371 0.13462313583232569
1 0.3865126889078985 0.5580411124546554 0.15768463073852296 0.18581217251108426
1 0.6595380667236955 0.577186618299073 0.15055603079555177 0.16767432486900444
1 0.18619903051040776 0.8615477629987909 0.14029084687767324 0.11648528819024587
1 0.6317365269461078 0.8688029020556227 0.19019104647847165 0.11567916162837566
4 0.4664955802680354 0.31297863764611045 0.8736812090105504 0.2889963724304716
5 0.25905332192757347 0.8873438129786377 0.4741944682064443 0.19709794437726724
5 0.7034502423723982 0.8893591293833132 0.4379811804961506 0.20274083031035872
3 0.4970059880239521 0.08484482063683998 0.9694895922440834 0.16968964127367997
3 0.49985742800114064 0.3196291817815397 0.9997148560022813 0.3022974607013301
3 0.49985742800114064 0.6189036678758565 0.9997148560022813 0.3639661426844015
3 0.5005702879954378 0.8897621926642483 0.9931565440547477 0.21644498186215236
