2 0.16238950670088395 0.14328899637243048 0.2859994297120046 0.2543329302700524
2 0.45152552038779586 0.13119709794437728 0.30652979754776166 0.26239419588875457
2 0.11833475905332194 0.38956066102378073 0.12090105503279157 0.13744457879887143
2 0.7737382378100942 0.40024183796856105 0.20216709438266325 0.2079806529625151
2 0.0784145993726832 0.7071745264006449 0.10835471913316226 0.1124546553808948
2 0.3913601368691189 0.709391374445788 0.14798973481608213 0.11850060459492141
2 0.6824921585400627 0.7053607416364369 0.14798973481608213 0.11850060459492141
1 0.16866267465069862 0.5882708585247884 0.2415169660678643 0.10761789600967352
1 0.20444824636441405 0.6908504635227731 0.12432278300541774 0.14913341394598953
1 0.44482463644140297 0.6140669085046353 0.19332763045337897 0.12293430068520758
1 0.7486455660108355 0.6096332124143491 0.2130025662959795 0.0761789600967352
1 0.8290561733675507 0.7069729947601774 0.11719418306244654 0.14349052801289802
1 0.4499572284003422 0.38391777509068925 0.4379811804961506 0.14469971785570335
4 0.49130310806957517 0.4113260781942765 0.9683490162532079 0.31559854897218864
3 0.5032791559737668 0.12817412333736397 0.9928714000570289 0.2482869810560258
3 0.5032791559737668 0.420596533655784 0.9928714000570289 0.31076178960096734
3 0.5032791559737668 0.6636436920596533 0.9928714000570289 0.31076178960096734
