5 0.32321072141431423 0.15800080612656187 0.2939834616481323 0.29665457476823864
1 0.3418876532648988 0.10519951632406288 0.16310236669518108 0.07980652962515115
2 0.3013972055888224 0.19750100765820236 0.12033076703735388 0.10076582023377671
2 0.4026233247790134 0.19830713422007257 0.10835471913316226 0.10399032648125756
1 0.5806957513544341 0.11930673115679162 0.13715426290276592 0.10318419991938735
2 0.5306529797547762 0.20918984280532044 0.09409751924721986 0.08383716243450222
2 0.6240376390076989 0.21120515920999597 0.10749928714000571 0.07819427650141073
2 0.6137724550898204 0.38391777509068925 0.16566866267465072 0.19871019750100766
2 0.7288280581693756 0.38956066102378073 0.13686911890504705 0.21402660217654174
2 0.8317650413458797 0.39298669891172916 0.1305959509552324 0.2184602982668279
2 0.07827202737382379 0.7412333736396615 0.10236669518106645 0.10882708585247884
2 0.5771314513829484 0.7535268037081823 0.14086113487311094 0.11084240225715437
2 0.8202167094382664 0.6761386537686417 0.20102651839178787 0.11326078194276502
1 0.30610208155118335 0.39177750906892383 0.4388366124893071 0.17331721080209594
1 0.3145138294838894 0.6896412736799677 0.23039635015682922 0.20959290608625555
1 0.5747077274023382 0.6461104393389763 0.1394354148845167 0.09754131398629586
1 0.8234958654120331 0.605602579604998 0.16310236669518108 0.03909713825070536
1 0.8130881094952952 0.7708585247883918 0.19019104647847165 0.07859733978234583
1 0.07812945537496437 0.6553808948004837 0.09181636726546907 0.07174526400644901
5 0.6055032791559738 0.13603385731559856 0.274023381807813 0.264006449012495
4 0.5001425719988595 0.3954050785973398 0.9803250641573996 0.3063280935106812
6 0.08825206729398347 0.7025392986698912 0.1679498146564015 0.2885933091495365
6 0.31921870544625036 0.6997178557033454 0.30652979754776166 0.31035872632003225
6 0.5724265754205874 0.6924627166465135 0.2249786142001711 0.32728738411930675
6 0.8297690333618478 0.7051592099959694 0.3056743655546051 0.34381297863764615
3 0.5146849158825207 0.14207980652962515 0.970059880239521 0.2785167271261588
3 0.5124037639007699 0.4032648125755744 0.970059880239521 0.29222087867795243
3 0.49985742800114064 0.713422007255139 0.9997148560022813 0.3530834340991536
