2 0.36883376104932997 0.19649334945586458 0.0949529512403764 0.11648528819024587
2 0.618334759053322 0.2249093107617896 0.1092101511263188 0.11769447803305119
2 0.1679498146564015 0.3901652559451834 0.17051611063587113 0.13865376864167675
2 0.3850869689193043 0.5332527206771464 0.197034502423724 0.1475211608222491
2 0.5892500712859995 0.554615074566707 0.1702309666381523 0.1410721483272874
2 0.7948388936412889 0.40689238210399037 0.2124322783005418 0.13663845223700122
2 0.2737382378100941 0.8548972188633616 0.1585400627316795 0.12333736396614269
2 0.7830054177359567 0.8553002821442967 0.2030225263758198 0.1128577186618299
1 0.2626176218990591 0.15820233776702944 0.09980039920159682 0.17210802095929062
1 0.5537496435700029 0.1320032245062475 0.20074137439406903 0.09713825070536075
1 0.15055603079555177 0.5066505441354293 0.21328771029369833 0.16122531237404272
1 0.3889364128885087 0.39137444578798875 0.18306244653550044 0.1120515920999597
1 0.5889649272882806 0.39298669891172916 0.14741944682064445 0.12656187021362356
1 0.8072426575420588 0.54695687222894 0.21157684630738524 0.13865376864167675
1 0.11976047904191618 0.7541313986295849 0.1323068149415455 0.23297057638049173
1 0.2617621899059025 0.7085852478839179 0.16310236669518108 0.11527609834744056
1 0.6785001425719989 0.7349858927851673 0.3692614770459082 0.14550584441757355
5 0.31850584545195326 0.16465135026199115 0.28286284573709725 0.2809351068117695
5 0.561163387510693 0.17271261588069328 0.28286284573709725 0.2809351068117695
6 0.15098374679213003 0.45747682386134625 0.2677502138579983 0.3313180169286578
6 0.3745366410037069 0.4647319629181782 0.2677502138579983 0.3313180169286578
6 0.5966638152266895 0.475211608222491 0.2677502138579983 0.3313180169286578
6 0.8130881094952952 0.49072954453849255 0.3150841174793271 0.3567110036275695
5 0.22241231822070148 0.7754937525191455 0.43341887653264904 0.36275695284159615
5 0.6676646706586827 0.7974607013301088 0.5238095238095238 0.3567110036275695
3 0.49287140005702884 0.15538089480048367 0.9378386084972912 0.31076178960096734
3 0.5012831479897348 0.46311970979443773 0.9911605360707157 0.36920596533655786
3 0.4980039920159681 0.8020959290608626 0.9960079840319362 0.3950020153164047
