2 0.11961790704305675 0.12434502216848045 0.13088109495295125 0.13986295848448208
2 0.4463929284288566 0.24848851269649336 0.13487311092101512 0.12212817412333737
2 0.7028799543769604 0.1328093510681177 0.1283147989734816 0.12535268037081823
2 0.16780724265754207 0.4538492543329303 0.19418306244653552 0.1410721483272874
2 0.7670373538637012 0.5721483272873842 0.21385799828913604 0.1600161225312374
2 0.6431422868548617 0.8234582829504232 0.13715426290276592 0.19669488109633212
2 0.2440832620473339 0.8162031438935913 0.11804961505560309 0.22732769044740025
1 0.18776732249786143 0.24022571543732368 0.2574850299401198 0.12978637646110439
1 0.48175078414599376 0.11628375654977832 0.23524379811804963 0.1309955663039097
1 0.8376104932991161 0.1388553002821443 0.11890504704875964 0.13341394598952036
1 0.7750213857998289 0.26320032245062475 0.24864556601083548 0.11769447803305119
1 0.4593669803250642 0.4647319629181782 0.3872255489021956 0.13784764207980654
1 0.1276019389791845 0.8278919790407094 0.13373253493013973 0.21039903264812576
1 0.48873681209010555 0.7742845626763403 0.17678927858568577 0.1120515920999597
4 0.4974337040205304 0.5161225312374043 0.9338465925292273 0.3639661426844015
5 0.18149415454804677 0.826682789197904 0.3413173652694611 0.3111648528819025
5 0.5597376675220987 0.8291011688835147 0.41631023666951816 0.3111648528819025
3 0.4978614200171087 0.19085046352277307 0.9854576561163388 0.3720274083031036
3 0.5049900199600799 0.5080612656187021 0.9854576561163388 0.3720274083031036
3 0.49828913601368696 0.8297057638049175 0.9874536641003707 0.33978234582829503
