2 0.18377530652979757 0.3095525997581621 0.18790989449672085 0.17896009673518742
2 0.592101511263188 0.2859733978234583 0.18676931850584547 0.13422007255139057
2 0.7948388936412889 0.5709391374445788 0.17422298260621616 0.1713018943974204
2 0.17907043056743657 0.7591696896412737 0.19731964642144284 0.0882708585247884
2 0.4111776447105789 0.7450624748085449 0.1591103507271172 0.10761789600967352
2 0.6395779868833762 0.854695687222894 0.12660393498716854 0.09633212414349053
1 0.26817792985457656 0.12494961708988311 0.33903621328771033 0.1523579201934704
1 0.3473053892215569 0.2557436517533253 0.16310236669518108 0.18581217251108426
1 0.6749358426005133 0.13603385731559856 0.31137724550898205 0.15679161628375657
1 0.7952666096378672 0.2855703345425232 0.21157684630738524 0.1285771866182991
1 0.24123182207014543 0.5530028214429665 0.2885657256914742 0.14913341394598953
1 0.5662959794696322 0.5491737202740831 0.2954091816367266 0.15679161628375657
1 0.1793555745651554 0.8722289399435712 0.20758483033932137 0.13301088270858524
1 0.429712004562304 0.8407900040306329 0.19788993441688055 0.11527609834744056
1 0.6468491588252068 0.7488915759774285 0.1679498146564015 0.1064087061668682
1 0.8788138009694897 0.7887948407900041 0.16310236669518108 0.1410721483272874
5 0.25705731394354153 0.22047561467150342 0.4405474764756202 0.411124546553809
5 0.7010265183917879 0.21100362756952842 0.47305389221556887 0.4212011285771866
4 0.49900199600798406 0.5477629987908101 0.9495295124037639 0.2668278919790407
6 0.1762189905902481 0.8335348649738009 0.2868548617051611 0.2821442966545748
6 0.43484459652124324 0.8016928657799275 0.24009124607927004 0.25634824667472794
6 0.6606786427145709 0.8077388149939541 0.2606216139150271 0.2845626763401854
6 0.8786712289706302 0.8188230552196695 0.24208725406330198 0.28657799274486095
3 0.5075563159395495 0.2007255139056832 0.9843170801254635 0.39822652156388555
3 0.49985742800114064 0.5709391374445788 0.9997148560022813 0.2873841193067312
3 0.49985742800114064 0.8313180169286578 0.9997148560022813 0.3365578395808142
