2 0.11263187909894498 0.09572752922208787 0.18135158254918735 0.17210802095929062
2 0.4232962646136299 0.08141878274889158 0.1964642144282863 0.16283756549778317
2 0.1097804391217565 0.2972591696896413 0.07584830339321358 0.11890366787585652
6 0.2011690903906473 0.26702942361950827 0.35557456515540353 0.23256751309955664
6 0.4500998003992016 0.2724707779121322 0.20672939834616483 0.24425634824667475
6 0.6555460507556317 0.260378879484079 0.22811519817507844 0.23297057638049173
6 0.8712574850299402 0.26582023377670294 0.2512118619903051 0.2486900443369609
2 0.14699173082406616 0.45445384925433296 0.14570858283433136 0.08182184602982669
2 0.3661248930710009 0.4582829504232165 0.1750784145993727 0.08061265618702136
2 0.6237524950099801 0.46170898831116486 0.16167664670658685 0.0939137444578799
2 0.8417450812660394 0.4641273679967755 0.1568291987453664 0.10761789600967352
2 0.2266894781864842 0.7047561467150343 0.2668947818648418 0.10278113663845224
2 0.6836327345309382 0.7384119306731157 0.3110921015112632 0.14993954050785974
6 0.14228685486170517 0.5070536074163644 0.22640433418876535 0.22732769044740025
6 0.3768177929854577 0.5048367593712213 0.23410322212717424 0.24949617089883114
6 0.6204733390362134 0.49858927851672713 0.2503564299971486 0.25151148730350664
6 0.8548617051611064 0.5139056831922612 0.2480752780153978 0.2789197904070939
2 0.4451097804391218 0.31418782748891577 0.11804961505560309 0.0761789600967352
2 0.6170516110635872 0.25413139862958484 0.10550327915597378 0.09552599758162032
2 0.8605645851154834 0.32245062474808545 0.1300256629597947 0.08625554212011285
1 0.24436840604505278 0.2642079806529625 0.18363273453093815 0.11970979443772672
1 0.44197319646421446 0.21825876662636035 0.10835471913316226 0.0882708585247884
1 0.7001710863986313 0.26702942361950827 0.07214143142286855 0.1656590084643289
1 0.6534074707727403 0.3212414349052801 0.15768463073852296 0.03708182184602983
1 0.8749643570002852 0.2305521966948811 0.1662389506700884 0.1128577186618299
1 0.3739663530082692 0.545143087464732 0.16224693470202453 0.09310761789600967
1 0.1429997148560023 0.5362756952841596 0.14399771884801826 0.08424022571543732
1 0.6201881950384945 0.5350665054413544 0.17678927858568577 0.06811769447803305
1 0.8440262332477902 0.5552196694881096 0.15226689478186486 0.10842402257154374
1 0.2142857142857143 0.7938331318016929 0.30424864556601083 0.11084240225715437
1 0.6047904191616766 0.8077388149939541 0.29597946963216426 0.10318419991938735
5 0.21856287425149704 0.7557436517533253 0.4285714285714286 0.2474808544941556
5 0.6726546906187625 0.7871825876662636 0.5583119475335044 0.2789197904070939
3 0.5027088679783291 0.08424022571543732 0.9854576561163388 0.16848045143087464
3 0.49885942400912464 0.27529222087867794 0.9977188480182493 0.2523176138653769
3 0.5001425719988595 0.5120918984280532 0.9991445680068435 0.27529222087867794
3 0.49985742800114064 0.7702539298669892 0.9997148560022813 0.30390971382507054
