2 0.3240661534074708 0.12656187021362356 0.228970630168235 0.19830713422007257
2 0.7770173937838609 0.1259572752922209 0.24465355004277162 0.2172511084240226
2 0.11890504704875964 0.38291011688835147 0.1305959509552324 0.17331721080209594
2 0.3886512688907899 0.37908101571946795 0.09181636726546907 0.1479242241031842
1 0.25905332192757347 0.38452237001209194 0.1559737667522099 0.17492946392583636
1 0.5597376675220987 0.3587263200322451 0.12204163102366695 0.1700927045546151
1 0.7226974622184204 0.2877871825876663 0.24550898203592816 0.03466344216041919
2 0.7369546621043628 0.38774687625957277 0.2249786142001711 0.16122531237404272
2 0.1216139150270887 0.6414752116082225 0.08867978329056174 0.12454655380894801
2 0.3822355289421158 0.6644498186215236 0.09666381522668949 0.12535268037081823
1 0.25705731394354153 0.6571946795646917 0.1536926147704591 0.1535671100362757
1 0.5680068434559453 0.6146715034260379 0.14029084687767324 0.12011285771866184
1 0.4372683205018535 0.8710197501007658 0.43655546050755634 0.09270455461507457
2 0.7905617336755062 0.8671906489318824 0.2512118619903051 0.14550584441757355
2 0.13872255489021956 0.8559048770656994 0.10065583119475335 0.08746473196291818
2 0.750499001996008 0.6320032245062475 0.2298260621613915 0.14590890769850867
5 0.6767892785856858 0.38129786376461106 0.4468206444254349 0.2910116888351471
5 0.24080410607356717 0.39399435711406694 0.4268605645851155 0.29222087867795243
5 0.6930424864556601 0.6330108827085853 0.4856002281151982 0.2688432083837163
5 0.2345309381237525 0.6505441354292624 0.44111776447105794 0.23861346231358324
4 0.49116053607071575 0.8770656993147925 0.9133162246934703 0.20153164046755342
3 0.47205588822355293 0.12091898428053205 0.919589392643285 0.2361950826279726
3 0.48003992015968067 0.3810963321241435 0.940119760479042 0.2777106005642886
3 0.47319646421442835 0.6467150342603789 0.940119760479042 0.2777106005642886
3 0.48517251211861995 0.8800886739218058 0.9395494724836043 0.23901652559451836
