2 0.3336184773310522 0.3476420798065296 0.12432278300541774 0.09149536477226924
2 0.7519247219846023 0.3637646110439339 0.12432278300541774 0.09149536477226924
2 0.12489307100085544 0.30773881499395406 0.12318220701454236 0.10439338976219267
2 0.11177644710578843 0.5457476823861347 0.10550327915597378 0.11446997178557033
2 0.33147989734816086 0.5322450624748085 0.10635871114913031 0.11729141475211609
2 0.5186769318505846 0.5205562273276905 0.142571998859424 0.10116888351471182
2 0.7445109780439122 0.6350261991132609 0.142571998859424 0.10116888351471182
2 0.18805246649558027 0.7956469165659009 0.08753920729968635 0.09915356711003628
2 0.4552323923581409 0.7891979040709391 0.08753920729968635 0.09915356711003628
2 0.6639577986883377 0.7984683595324467 0.09780439121756487 0.094316807738815
2 0.8892215568862276 0.8214429665457477 0.09780439121756487 0.094316807738815
1 0.27088679783290565 0.2607819427650141 0.18306244653550044 0.04353083434099154
1 0.22455089820359284 0.3206368399838775 0.08867978329056174 0.09633212414349053
1 0.7246934702024523 0.2742845626763402 0.24950099800399203 0.0769850866586054
1 0.5902480752780155 0.3530834340991536 0.19560878243512975 0.06932688432083838
2 0.5426290276589678 0.2809351068117695 0.09751924721984603 0.07738814993954052
2 0.4593669803250642 0.11769447803305119 0.1733675506130596 0.1354292623941959
1 0.6984602224123183 0.5141072148327288 0.228970630168235 0.10116888351471182
1 0.5688622754491018 0.6174929463925837 0.2178500142571999 0.07819427650141073
1 0.21628172226974623 0.5509875050382911 0.12118619903051042 0.11527609834744056
1 0.22455089820359284 0.6279725916968965 0.29455374964357 0.05723498589278517
1 0.11248930710008555 0.777106005642886 0.0658682634730539 0.05723498589278517
1 0.15925292272597663 0.867795243853285 0.1531223267750214 0.05723498589278517
1 0.3517251211861991 0.8190245868601371 0.11491303108069575 0.12333736396614269
1 0.44282862845737103 0.8615477629987909 0.08953521528371829 0.04232164449818622
1 0.570287995437696 0.8246674727932286 0.06558311947533504 0.13865376864167675
1 0.6310236669518107 0.8804917372027409 0.12204163102366695 0.07376058041112454
1 0.807955517536356 0.8502619911326078 0.06244653550042772 0.11890366787585652
1 0.8634160250926719 0.9068923821039904 0.08155118334759054 0.05239822652156389
6 0.15568862275449102 0.8234582829504232 0.22469347020245226 0.23700120918984283
6 0.39378386084972916 0.8274889157597743 0.23838038209295695 0.25634824667472794
6 0.6237524950099801 0.8361547762998791 0.23296264613629886 0.264006449012495
6 0.852723125178215 0.8575171301894398 0.23467351012261195 0.22289399435711407
5 0.22455089820359284 0.3180169286577993 0.416595380667237 0.23861346231358324
5 0.6713715426290278 0.3180169286577993 0.4753350441973197 0.23861346231358324
5 0.21827773025377817 0.5630794034663442 0.39606501283147993 0.25634824667472794
5 0.6442828628457371 0.5759774284562676 0.4593669803250642 0.2845626763401854
3 0.4820359281437126 0.10479645304312778 0.9252922725976619 0.19266424828698106
3 0.4867408041060736 0.3200322450624748 0.9329911605360708 0.2434502216848045
3 0.4770459081836328 0.5796049979846836 0.9289991445680069 0.2708585247883918
3 0.5042771599657827 0.8434099153567111 0.9908753920729969 0.2825473599355099
