2 0.41502708867978333 0.1146715034260379 0.23695466210436272 0.19709794437726724
2 0.8199315654405476 0.10963321241434906 0.2557741659538067 0.19830713422007257
1 0.8491588252067295 0.35328496573962115 0.14029084687767324 0.18823055219669488
1 0.36427145708582837 0.3335348649738009 0.3464499572284004 0.1825876662636034
2 0.11405759908753922 0.32728738411930675 0.11633875106929 0.1410721483272874
2 0.11847733105218136 0.43792825473599356 0.1360136869118905 0.11084240225715437
2 0.6874821785001426 0.2984683595324466 0.1465640148274879 0.12777106005642885
2 0.6887653264898774 0.41354292623941963 0.14741944682064445 0.09189842805320436
2 0.6243227830054178 0.5709391374445788 0.13544339891645282 0.10439338976219267
2 0.8748217850014258 0.577186618299073 0.14086113487311094 0.12333736396614269
2 0.37952666096378673 0.5854494155582427 0.11177644710578843 0.12212817412333737
2 0.11847733105218136 0.6191051995163241 0.10293698317650414 0.12172511084240226
1 0.21656686626746507 0.643087464731963 0.07442258340461934 0.1946795646916566
1 0.1561163387510693 0.7222893994357115 0.14798973481608213 0.05481660620717453
1 0.47205588822355293 0.6213220475614671 0.07214143142286855 0.1777509068923821
1 0.40319361277445115 0.7031438935912938 0.13401767892785857 0.09713825070536075
1 0.8803820929569434 0.6914550584441758 0.1377245508982036 0.12535268037081823
1 0.6685201026518393 0.6852075775896816 0.17650413458796693 0.10399032648125756
1 0.716852010265184 0.5586457073760581 0.07356715141146279 0.0951229343006852
1 0.3664100370687197 0.861950826279726 0.5069860279441119 0.10197501007658202
4 0.5017108639863131 0.8760580411124547 0.9093242087254064 0.20354695687222896
5 0.304961505560308 0.33252720677146314 0.583689763330482 0.3143893591293833
5 0.7707442258340462 0.34744054816606207 0.380952380952381 0.282950423216445
6 0.17194183062446536 0.6432889963724305 0.2971200456230397 0.29343006852075776
6 0.4241516966067865 0.647118097541314 0.24550898203592816 0.3075372833534865
6 0.6571143427430853 0.6414752116082225 0.25805531793555747 0.3147924224103184
6 0.8805246649558027 0.6477226924627166 0.20758483033932137 0.32245062474808545
3 0.49543769603649845 0.1124546553808948 0.9726261762189906 0.2241031841999194
3 0.4957228400342173 0.34421604191858124 0.9914456800684346 0.27972591696896415
3 0.5032791559737668 0.6444981862152358 0.9928714000570289 0.32245062474808545
3 0.5055603079555175 0.8837162434502217 0.9883090960935274 0.18984280532043532
