2 0.3691189050470488 0.22269246271664653 0.27630453378956377 0.1422813381700927
2 0.3514399771884802 0.09794437726723096 0.1536926147704591 0.12575574365175332
2 0.6662389506700884 0.21664651350261993 0.23524379811804963 0.11003627569528417
2 0.12888508696891932 0.469770253929867 0.1568291987453664 0.16807738814993956
2 0.4198745366410037 0.44155582426440954 0.20844026233247792 0.13422007255139057
2 0.7489307100085544 0.4594921402660218 0.20615911035072712 0.1588069326884321
2 0.10935272312517823 0.6767432486900443 0.16053607071571144 0.1120515920999597
2 0.3664100370687197 0.6594115276098348 0.14086113487311094 0.12898024989923418
2 0.37539207299686345 0.7686416767432487 0.14970059880239522 0.12978637646110439
2 0.6223267750213859 0.8363563079403467 0.17422298260621616 0.16444981862152358
2 0.864128885086969 0.8581217251108424 0.19418306244653552 0.16364369205965337
1 0.8609923011120617 0.7249093107617897 0.1086398631308811 0.12293430068520758
1 0.6511263187909895 0.6924627166465135 0.16053607071571144 0.11850060459492141
1 0.12631879098944968 0.8127771060056429 0.09181636726546907 0.16888351471180976
1 0.26390076988879385 0.45787988714228134 0.08639863130881095 0.12656187021362356
1 0.5945252352437982 0.4534461910519952 0.11861990305104078 0.16928657799274488
4 0.5048474479612205 0.45485691253526805 0.9897348160821215 0.27287384119306735
6 0.14385514684915884 0.7758968158000806 0.2694610778443114 0.40870616686819833
6 0.3983461648132307 0.768037081821846 0.2668947818648418 0.41555824264409513
6 0.6471343028229256 0.7652156388553003 0.27174222982606216 0.4478033051189037
6 0.8695466210436271 0.779322853688029 0.26033646991730824 0.38170092704554615
1 0.6700883946392929 0.10983474405481661 0.23039635015682922 0.12212817412333737
3 0.5027088679783291 0.16424828698105604 0.9928714000570289 0.32204756146715036
3 0.4978614200171087 0.4943571140669085 0.9928714000570289 0.32204756146715036
3 0.49985742800114064 0.7773075372833536 0.9997148560022813 0.4292623941958888
