2 0.5143997718848019 0.18238613462313585 0.12033076703735388 0.09310761789600967
2 0.7212717422298262 0.386739218057235 0.2090105503279156 0.15679161628375657
2 0.7072996863416026 0.6833937928254736 0.19418306244653552 0.10761789600967352
2 0.41702309666381526 0.6757355904877066 0.14741944682064445 0.10278113663845224
1 0.28885086968919305 0.14933494558645707 0.20587396635300828 0.17452640064490127
1 0.5230966638152267 0.09854897218863362 0.13145138294838896 0.06166868198307134
1 0.3430282292557742 0.38553002821442967 0.502994011976048 0.1656590084643289
1 0.16723695466210436 0.6360338573155986 0.1844881665240947 0.13784764207980654
1 0.4372683205018535 0.5989520354695688 0.1827773025377816 0.07255139056831923
1 0.6938979184488167 0.6058041112454655 0.2112917023096664 0.06610237807335752
1 0.502994011976048 0.786577992744861 0.7961220416310237 0.07376058041112454
5 0.28400342172797266 0.14046755340588474 0.27259766181921874 0.2551390568319226
5 0.5268035357855717 0.14832728738411932 0.22098659823210723 0.22168480451430875
4 0.469061876247505 0.3984280532043531 0.9021956087824352 0.30350665054413545
4 0.4813230681494155 0.8180169286577993 0.9489592244083263 0.20596533655783958
3 0.49116053607071575 0.643087464731963 0.9577986883376106 0.22611850060459493
3 0.5058454519532364 0.14611043933897622 0.9615055603079556 0.27529222087867794
3 0.5055603079555175 0.4022571543732366 0.9883090960935274 0.2910116888351471
3 0.5025662959794697 0.8145908907698509 0.9806102081551185 0.20153164046755342
