2 0.14385514684915884 0.12817412333736397 0.12974051896207586 0.15638855300282145
2 0.1632449386940405 0.37404272470777916 0.125748502994012 0.15800080612656187
2 0.47048759623609926 0.3694074969770254 0.1305959509552324 0.17372027408303103
2 0.5762760193897919 0.36658605401047967 0.10607356715141147 0.18823055219669488
2 0.7322497861420018 0.12212817412333737 0.12204163102366695 0.15558242644095124
2 0.8407470772740234 0.12273276904474002 0.1251782149985743 0.1825876662636034
1 0.7714570858283434 0.3286981056025796 0.20501853435985173 0.2486900443369609
1 0.5085543199315655 0.16182990729544539 0.21015112631879102 0.2172511084240226
1 0.28029654975762763 0.2486900443369609 0.12432278300541774 0.39983877468762596
1 0.3541488451668093 0.6499395405078597 0.542343883661249 0.2688432083837163
2 0.750499001996008 0.6694881096332125 0.19788993441688055 0.23377670294236197
4 0.4769033361847734 0.6928657799274487 0.8705446250356431 0.3974203950020153
3 0.5078414599372684 0.2581620314389359 0.9575135443398918 0.5106811769447803
3 0.5095523239235814 0.6948810963321241 0.9689193042486457 0.41193067311567916
