2 0.7771599657827203 0.16767432486900444 0.20501853435985173 0.2241031841999194
2 0.741374394069005 0.4540507859733978 0.28286284573709725 0.24627166465135028
2 0.1822070145423439 0.44276501410721486 0.1910464784716282 0.12777106005642885
2 0.18862275449101798 0.6717049576783556 0.2272597661819219 0.1600161225312374
2 0.7288280581693756 0.8861346231358324 0.1608212147134303 0.1592099959693672
1 0.3407470772740234 0.8688029020556227 0.452238380382093 0.0882708585247884
1 0.4934416880524665 0.673317210802096 0.32078699743370404 0.1479242241031842
1 0.19375534644995723 0.35489721886336156 0.21870544625035646 0.056831922611850064
1 0.45152552038779586 0.44961708988311166 0.32534930139720564 0.08504635227730754
1 0.38066723695466215 0.16888351471180976 0.5845451953236385 0.18702136235388958
4 0.4838893641288851 0.16021765417170497 0.9369831765041347 0.29222087867795243
4 0.4790419161676647 0.4391374445787989 0.9392643284858855 0.3164046755340589
4 0.4683490162532079 0.6819830713422007 0.9366980325064158 0.2547359935509875
4 0.4677787282577702 0.8897621926642483 0.9332763045337896 0.21966948810963322
3 0.4927288280581694 0.1656590084643289 0.9734816082121472 0.32567513099556633
3 0.4865982321072142 0.42805320435308347 0.9731964642144284 0.32567513099556633
3 0.487881380096949 0.6972994760177348 0.9672084402623325 0.2652156388553003
3 0.49001996007984033 0.8847239016525595 0.9726261762189906 0.2297460701330109
