2 0.4016253207869975 0.19326884320838372 0.3099515255203878 0.32688432083837166
2 0.21400057028799546 0.48246674727932287 0.20501853435985173 0.14429665457476826
2 0.18291987453664102 0.7501007658202338 0.1559737667522099 0.16686819830713423
1 0.5936698032506417 0.4931479242241032 0.5320786997433704 0.2349858927851673
1 0.5236669518106645 0.7730753728335349 0.4856002281151982 0.19266424828698106
4 0.4883090960935273 0.5366787585650947 0.9395494724836043 0.3115679161628376
4 0.488879384088965 0.7652156388553003 0.97775876817793 0.3534864973800887
3 0.5111206159110351 0.18359532446594115 0.9771884801824923 0.34623135832325674
3 0.4938694040490448 0.4927448609431681 0.9820359281437127 0.2857718661829907
3 0.4984317080125464 0.7698508665860541 0.9968634160250928 0.3401854091092302
