2 0.4716281722269747 0.24848851269649336 0.13629883090960937 0.13341394598952036
2 0.24436840604505278 0.48045143087464737 0.1727972626176219 0.15558242644095124
2 0.5001425719988595 0.6739218057234986 0.19960079840319364 0.15558242644095124
1 0.5374964357000286 0.47480854494155583 0.23438836612489308 0.17815397017331722
1 0.10935272312517823 0.5693268843208384 0.10065583119475335 0.30028214429665456
1 0.21357285429141717 0.648931882305522 0.15511833475905334 0.1700927045546151
1 0.38907898488736814 0.11749294639258365 0.26375819788993443 0.10439338976219267
1 0.33304818933561453 0.2400241837968561 0.16937553464499575 0.06489318823055219
6 0.3992015968063873 0.17795243853284967 0.4094667807242658 0.34381297863764615
5 0.18491588252067295 0.5900846432889963 0.36755061305959513 0.45546150745667074
5 0.5283718277730254 0.5828295042321645 0.35585970915312237 0.4635227730753729
3 0.48089535215283724 0.5765820233776703 0.9543769603649844 0.4582829504232165
3 0.48274878813800975 0.177347843611447 0.9329911605360708 0.3426037887948408
