2 0.15297975477616196 0.11588069326884322 0.17992586256059312 0.1833937928254736
2 0.6237524950099801 0.09834744054816606 0.18676931850584547 0.17573559048770657
2 0.8055317935557457 0.11144699717855704 0.22754491017964074 0.21483272873841194
2 0.14342743085258056 0.32627972591696897 0.14314228685486172 0.16324062877871826
2 0.5062731679498147 0.3291011688835147 0.11491303108069575 0.1777509068923821
2 0.10764185913886513 0.5519951632406288 0.10692899914456802 0.10842402257154374
2 0.13672654690618763 0.7988714228133817 0.1251782149985743 0.15477629987908104
2 0.5825491873396066 0.7936316001612254 0.1442828628457371 0.17573559048770657
1 0.2788708297690334 0.3180169286577993 0.1465640148274879 0.13301088270858524
1 0.7199885942400913 0.3343409915356711 0.2623324779013402 0.14550584441757355
1 0.36954662104362707 0.5530028214429665 0.3723980610208155 0.12898024989923418
1 0.7259766181921871 0.586658605401048 0.27259766181921874 0.1600161225312374
1 0.30182492158540064 0.786577992744861 0.16053607071571144 0.14550584441757355
1 0.7453664100370688 0.8079403466344216 0.11976047904191618 0.13663845223700122
5 0.22241231822070148 0.33031035872632003 0.3929284288565726 0.24949617089883114
5 0.6678072426575421 0.33575171301894396 0.4967208440262333 0.29665457476823864
4 0.49543769603649845 0.5878677952438534 0.9441117764471059 0.27448609431680776
5 0.24650698602794413 0.8111648528819025 0.43484459652124324 0.2841596130592503
5 0.70544625035643 0.8162031438935913 0.47048759623609926 0.30552196694881095
3 0.4984317080125464 0.1086255542120113 0.9968634160250928 0.21160822249093109
3 0.49985742800114064 0.35368802902055624 0.9997148560022813 0.30834340991535675
3 0.49957228400342174 0.5767835550181378 0.9991445680068435 0.26924627166465137
3 0.49985742800114064 0.8089480048367594 0.9997148560022813 0.32889963724304716
