2 0.15212432278300542 0.10741636436920597 0.1228970630168235 0.1285771866182991
2 0.32549187339606506 0.08665860540104797 0.22098659823210723 0.12333736396614269
2 0.4865982321072142 0.07154373236598147 0.11548331907613346 0.14308746473196293
2 0.6070715711434275 0.08282950423216445 0.12204163102366695 0.12454655380894801
2 0.8296264613629883 0.08141878274889158 0.14399771884801826 0.1241434905280129
2 0.2773025377815797 0.33595324465941157 0.1827773025377816 0.07940346634421605
2 0.5095523239235814 0.31257557436517536 0.2549187339606501 0.0882708585247884
2 0.7593384659252923 0.26320032245062475 0.23609923011120618 0.18460298266827893
2 0.20886797832905618 0.5187424425634825 0.1394354148845167 0.10076582023377671
2 0.3351867693185059 0.5211608222490931 0.13544339891645282 0.08544941555824265
2 0.6060735671514115 0.5133010882708585 0.1685201026518392 0.11003627569528417
2 0.7547761619617908 0.5223700120918985 0.12432278300541774 0.09189842805320436
2 0.20088394639292845 0.6848045143087464 0.20273738237810096 0.12091898428053205
2 0.455945252352438 0.6275695284159614 0.0729968634160251 0.07416364369205966
2 0.52723125178215 0.6386537686416768 0.071285999429712 0.0939137444578799
2 0.4519532363843741 0.7108020959290609 0.071285999429712 0.09068923821039904
2 0.5283718277730254 0.71664651350262 0.08497291132021671 0.09754131398629586
2 0.7570573139435416 0.7126158806932689 0.11177644710578843 0.10318419991938735
2 0.8551468491588253 0.7216848045143088 0.0872540633019675 0.10519951632406288
2 0.16367265469061879 0.9169689641273681 0.10778443113772455 0.0886739218057235
2 0.3679783290561734 0.9280532043530835 0.11890504704875964 0.07940346634421605
2 0.5714285714285715 0.9439742039500202 0.12033076703735388 0.07496977025392987
2 0.734673510122612 0.9443772672309553 0.08240661534074709 0.06287787182587666
2 0.8240661534074708 0.9405481660620718 0.0855431993156544 0.0705360741636437
1 0.7785856857713146 0.8671906489318824 0.15141146278870832 0.08504635227730754
1 0.5715711434274309 0.8710197501007658 0.11092101511263189 0.08141878274889158
1 0.3632734530938124 0.854695687222894 0.1157684630738523 0.0939137444578799
1 0.1512688907898489 0.8464328899637243 0.1228970630168235 0.07980652962515115
1 0.22697462218420303 0.6178960096735188 0.14713430282292558 0.05481660620717453
1 0.6844881665240947 0.4316807738814994 0.3413173652694611 0.10318419991938735
1 0.2559167379526661 0.44236195082627977 0.24493869404049046 0.09955663039097139
1 0.41231822070145424 0.2257154373236598 0.43855146849158827 0.10963321241434906
4 0.5106928999144569 0.2682386134623136 0.9654975762760195 0.22853688029020558
5 0.24479612204163104 0.4729947601773479 0.43940690048474484 0.21966948810963322
5 0.6859138865126889 0.46856106408706166 0.4776161961790705 0.2124143490528013
6 0.15012831479897348 0.8760580411124547 0.24550898203592816 0.24627166465135028
6 0.3585685771314514 0.8810963321241435 0.2107214143142287 0.2297460701330109
6 0.5754205873966354 0.8945989520354696 0.19788993441688055 0.20515920999596937
6 0.7708867978329057 0.8941958887545345 0.20558882235528944 0.21080209592906088
3 0.509409751924722 0.08141878274889158 0.9703450242372399 0.16283756549778317
3 0.5095523239235814 0.2646110439338976 0.9803250641573996 0.23901652559451836
3 0.5139720558882236 0.484683595324466 0.9714856002281153 0.24304715840386942
3 0.5124037639007699 0.6789600967351874 0.9746221842030226 0.2349858927851673
3 0.5052751639577987 0.8889560661023781 0.9877388080980896 0.20515920999596937
