2 0.10806957513544341 0.12555421201128578 0.17735956658112348 0.19145505844417574
2 0.2938408896492729 0.11991132607819428 0.1844881665240947 0.2003224506247481
2 0.49230111206159116 0.11950826279725918 0.21870544625035646 0.21402660217654174
2 0.13857998289136014 0.4113260781942765 0.12603364699173084 0.0761789600967352
2 0.5192472198460223 0.3690044336960903 0.16139150270886798 0.11406690850463523
2 0.15511833475905334 0.6273679967754938 0.15283718277730254 0.10278113663845224
2 0.5919589392643285 0.6346231358323257 0.1300256629597947 0.0882708585247884
2 0.16367265469061879 0.863764611043934 0.12033076703735388 0.08303103587263201
2 0.43128029654975764 0.8770656993147925 0.14570858283433136 0.1120515920999597
2 0.6685201026518393 0.8704151551793632 0.15768463073852296 0.11406690850463523
2 0.8962075848303394 0.8845223700120919 0.12660393498716854 0.09713825070536075
1 0.16395779868833762 0.33031035872632003 0.20986598232107215 0.10842402257154374
1 0.5317935557456516 0.27650141072148327 0.1283147989734816 0.05723498589278517
1 0.7359566581123468 0.3538895606610238 0.1893356144853151 0.16444981862152358
1 0.21941830624465355 0.5324465941152762 0.2574850299401198 0.05804111245465538
1 0.313373253493014 0.6112454655380896 0.12660393498716854 0.10842402257154374
1 0.6300256629597948 0.5413139862958485 0.2392358140861135 0.12978637646110439
1 0.7584830339321358 0.6459089076985087 0.15055603079555177 0.08182184602982669
1 0.16124893071000856 0.784764207980653 0.15027088679783293 0.08625554212011285
1 0.42814371257485034 0.7742845626763403 0.16167664670658685 0.10963321241434906
1 0.699030510407756 0.7803305118903668 0.1822070145423439 0.10157194679564692
1 0.8962075848303394 0.7875856509471988 0.1015112631879099 0.09189842805320436
5 0.20758483033932137 0.33978234582829503 0.38551468491588253 0.23941958887545345
5 0.6474194468206445 0.34945586457073763 0.500998003992016 0.2539298669891173
5 0.245794126033647 0.5810157194679565 0.41573994867408043 0.24949617089883114
5 0.6874821785001426 0.5882708585247884 0.4664955802680354 0.25755743651753327
6 0.16609637867122898 0.8363563079403467 0.2677502138579983 0.23377670294236197
6 0.4295694325634446 0.829907295445385 0.2540633019674936 0.260378879484079
6 0.6816367265469062 0.837565497783152 0.2694610778443114 0.2587666263603386
6 0.9036213287710294 0.8403869407496978 0.1921870544625036 0.24909310761789602
3 0.5028514399771885 0.11104393389762193 0.9937268320501854 0.22208786779524387
3 0.49985742800114064 0.34381297863764615 0.9997148560022813 0.2539298669891173
3 0.5005702879954378 0.5854494155582427 0.9891645280866839 0.2720677146311971
3 0.5051325919589393 0.8288996372430472 0.9891645280866839 0.2720677146311971
