2 0.12802965497576277 0.11406690850463523 0.16937553464499575 0.17573559048770657
2 0.285143997718848 0.0951229343006852 0.16709438266324494 0.15558242644095124
2 0.4589392643284859 0.0973397823458283 0.1679498146564015 0.15114873035066506
2 0.6355859709153123 0.08343409915356712 0.14884516680923868 0.14349052801289802
2 0.35700028514399773 0.3010882708585248 0.11405759908753922 0.1354292623941959
2 0.7865697177074423 0.27005239822652155 0.1827773025377816 0.12333736396614269
2 0.7841459937268321 0.3945989520354696 0.2035928143712575 0.11850060459492141
2 0.7351012261191903 0.6035872632003225 0.27944111776447106 0.2003224506247481
2 0.21285999429712008 0.8291011688835147 0.10122611919019106 0.10963321241434906
2 0.4724836042201312 0.8442160419185812 0.11405759908753922 0.10439338976219267
2 0.7112917023096664 0.8436114469971786 0.11662389506700885 0.10721483272873841
2 0.9338465925292273 0.8603385731559855 0.11633875106929 0.10278113663845224
1 0.3234958654120331 0.5582426440951229 0.4593669803250642 0.13220475614671504
1 0.5593099515255204 0.347037484885127 0.1086398631308811 0.16928657799274488
1 0.19446820644425436 0.3158000806126562 0.2155688622754491 0.13341394598952036
1 0.12232677502138581 0.7841596130592503 0.06501283147989735 0.11648528819024587
1 0.3766752209865983 0.8109633212414349 0.0872540633019675 0.16122531237404272
1 0.6357285429141717 0.7972591696896413 0.07613344739093243 0.08383716243450222
1 0.852723125178215 0.8329302700523983 0.05845451953236385 0.11084240225715437
4 0.5071285999429712 0.5939137444578799 0.98517251211862 0.3043127771060057
5 0.23652694610778444 0.3186215235792019 0.42457941260336474 0.26642482869810563
5 0.677502138579983 0.33151954856912536 0.5052751639577987 0.3212414349052801
6 0.1668092386655261 0.8089480048367594 0.2771599657827203 0.2708585247883918
6 0.42301112061591106 0.8127771060056429 0.26375819788993443 0.2833534864973801
6 0.6686626746506986 0.8345425231761386 0.23666951810664388 0.2551390568319226
6 0.8929284288565726 0.8383716243450222 0.21357285429141717 0.22249093107617898
3 0.5038494439692045 0.10116888351471182 0.9751924721984603 0.19266424828698106
3 0.5088394639292844 0.34381297863764615 0.9817507841459938 0.32567513099556633
3 0.5008554319931566 0.6054010479645304 0.9977188480182493 0.30310358726320036
3 0.5064157399486742 0.8252720677146312 0.9865982321072142 0.3059250302297461
