2 0.13629883090960937 0.09754131398629586 0.20815511833475908 0.16686819830713423
2 0.3655546050755632 0.0912938331318017 0.26917593384659255 0.1769447803305119
2 0.7767322497861421 0.2932285368802902 0.24864556601083548 0.16243450221684805
2 0.19090390647276875 0.5878677952438534 0.10521813515825493 0.08182184602982669
2 0.42586256059309957 0.5761789600967352 0.09666381522668949 0.0761789600967352
2 0.6504134587966924 0.58484482063684 0.09580838323353294 0.06932688432083838
2 0.8614200171086399 0.5979443772672309 0.12660393498716854 0.09955663039097139
1 0.1559737667522099 0.5126964933494559 0.15283718277730254 0.11769447803305119
1 0.3437410892500713 0.2916162837565498 0.49814656401482754 0.13905683192261187
1 0.3430282292557742 0.49818621523579204 0.10379241516966069 0.12656187021362356
1 0.6043627031650984 0.4969770253929867 0.10065583119475335 0.12656187021362356
1 0.8377530652979756 0.4937525191455059 0.12033076703735388 0.10399032648125756
2 0.3882235528942116 0.7623941958887546 0.14970059880239522 0.1825876662636034
2 0.8522954091816368 0.7881902458686014 0.20986598232107215 0.19145505844417574
1 0.632449386940405 0.7478839177750907 0.18534359851725124 0.1309955663039097
1 0.19960079840319364 0.7321644498186216 0.1893356144853151 0.09955663039097139
6 0.15355004277159967 0.5360741636436921 0.23752495009980043 0.2474808544941556
6 0.3805246649558027 0.5264006449012495 0.23752495009980043 0.2474808544941556
6 0.6246079270031366 0.520757758968158 0.23752495009980043 0.2474808544941556
6 0.8495865412033078 0.5336557839580814 0.23752495009980043 0.2474808544941556
5 0.2658967778728258 0.7769044740024185 0.4673510122611919 0.26320032245062475
5 0.7389506700883947 0.7918178153970173 0.4673510122611919 0.26320032245062475
4 0.5078414599372684 0.2932285368802902 0.9529512403763901 0.22289399435711407
3 0.5024237239806102 0.08948004836759371 0.9945822640433419 0.17896009673518742
3 0.5024237239806102 0.30048367593712216 0.9945822640433419 0.23982265215638857
3 0.5024237239806102 0.5233776702942362 0.9945822640433419 0.28012898024989924
3 0.5024237239806102 0.7910116888351472 0.9945822640433419 0.28012898024989924
