2 0.11847733105218136 0.09834744054816606 0.15996578272027376 0.16444981862152358
2 0.31137724550898205 0.08907698508665861 0.19731964642144284 0.1523579201934704
2 0.7634730538922156 0.07738814993954052 0.13544339891645282 0.1354292623941959
2 0.8993441688052467 0.07718661829907296 0.15511833475905334 0.13744457879887143
2 0.4416880524664956 0.2519145505844418 0.14884516680923868 0.13301088270858524
2 0.8765326489877389 0.24425634824667475 0.14884516680923868 0.13301088270858524
2 0.6495580268035358 0.43369609028617495 0.14884516680923868 0.13301088270858524
2 0.8175078414599374 0.44216041918581217 0.14884516680923868 0.13301088270858524
2 0.19275734245794127 0.6106408706166868 0.07927003136583975 0.11688835147118098
2 0.41345879669232966 0.6162837565497783 0.07698887938408897 0.14349052801289802
2 0.6007984031936128 0.6098347440548166 0.07698887938408897 0.14349052801289802
2 0.8621328771029371 0.6245465538089481 0.08753920729968635 0.10681176944780331
2 0.5139720558882236 0.8297057638049175 0.08753920729968635 0.10681176944780331
2 0.6645280866837754 0.8276904474002419 0.08753920729968635 0.10681176944780331
2 0.6635300826917594 0.8254735993550988 0.0866837753065298 0.10963321241434906
2 0.8443113772455091 0.8448206368399839 0.0866837753065298 0.10963321241434906
1 0.23766752209865985 0.826279725916969 0.30025662959794697 0.14026602176541716
1 0.4456800684345595 0.8373639661426845 0.05075563159395495 0.09310761789600967
1 0.6143427430852582 0.835751713018944 0.04761904761904762 0.11890366787585652
1 0.7386655260906758 0.6096332124143491 0.08240661534074709 0.09875050382910118
1 0.3203592814371258 0.6174929463925837 0.06814941545480468 0.11850060459492141
1 0.10707157114342744 0.6185006045949214 0.07214143142286855 0.11648528819024587
1 0.20245223838038212 0.44619105199516323 0.22811519817507844 0.08948004836759371
1 0.21499857428001143 0.26924627166465137 0.264613629883091 0.12736799677549376
1 0.661391502708868 0.23115679161628377 0.18619903051040776 0.11003627569528417
5 0.28043912175648705 0.26541717049576785 0.5300826917593385 0.20274083031035872
5 0.7661819218705447 0.26219266424828697 0.46706586826347307 0.1954856912535268
4 0.4961505560307956 0.4373236598145909 0.9375534644995723 0.17492946392583636
6 0.1508411747932706 0.6152760983474406 0.22184203022526378 0.17936316001612254
6 0.36940404904476765 0.620918984280532 0.22326775021385803 0.20354695687222896
6 0.5671514114627888 0.6120515920999597 0.20188195038494441 0.20999596936719067
6 0.8071000855431993 0.6309955663039097 0.28885086968919305 0.218863361547763
6 0.22455089820359284 0.8407900040306329 0.3550042771599658 0.2297460701330109
6 0.48517251211861995 0.8452237001209191 0.1964642144282863 0.21362353889560662
6 0.651268890789849 0.847037484885127 0.1619617907043057 0.20354695687222896
6 0.8242087254063303 0.8478436114469973 0.20444824636441405 0.20677146311970981
3 0.5052751639577987 0.08766626360338574 0.988879384088965 0.17533252720677148
3 0.503706871970345 0.26118500604594924 0.9920159680638724 0.2241031841999194
3 0.5068434559452524 0.43631600161225315 0.9857428001140577 0.18097541313986296
3 0.5054177359566582 0.6309955663039097 0.9828913601368692 0.24385328496573963
3 0.5082691759338467 0.8405884723901653 0.9828913601368692 0.24385328496573963
