2 0.10179640718562875 0.08061265618702136 0.11405759908753922 0.10399032648125756
2 0.2189905902480753 0.06811769447803305 0.12033076703735388 0.1064087061668682
2 0.6046478471628173 0.055219669488109635 0.09666381522668949 0.08061265618702136
2 0.6981750784145995 0.05380894800483676 0.09666381522668949 0.09068923821039904
2 0.40647276874821786 0.1829907295445385 0.09894496720844027 0.08061265618702136
2 0.5260906757912747 0.1807738814993954 0.09580838323353294 0.08504635227730754
2 0.1283147989734816 0.426440951229343 0.07356715141146279 0.0886739218057235
2 0.358426005132592 0.416968964127368 0.13287710293698318 0.08746473196291818
2 0.567579127459367 0.4131398629584845 0.14570858283433136 0.0951229343006852
2 0.7810094097519248 0.40689238210399037 0.07698887938408897 0.06489318823055219
2 0.5834046193327631 0.6045949214026602 0.08383233532934133 0.08383716243450222
2 0.18334759053321928 0.613260781942765 0.13629883090960937 0.07376058041112454
2 0.3252067293983462 0.7579604997984684 0.10635871114913031 0.12212817412333737
1 0.1869118905047049 0.5378879484079001 0.15768463073852296 0.08746473196291818
1 0.6170516110635872 0.5346634421604192 0.1608212147134303 0.08504635227730754
1 0.17907043056743657 0.7378073357517131 0.1733675506130596 0.0882708585247884
1 0.509409751924722 0.7648125755743652 0.12917023096663816 0.12212817412333737
1 0.7517821499857429 0.7478839177750907 0.1559737667522099 0.11970979443772672
1 0.7932706016538352 0.3309149536477227 0.1015112631879099 0.09189842805320436
1 0.5735671514114629 0.31902458686013707 0.1086398631308811 0.10197501007658202
1 0.3708297690333619 0.3264812575574365 0.12745936698032506 0.09189842805320436
1 0.15697177074422586 0.3391777509068924 0.14970059880239522 0.07940346634421605
1 0.16281722269746224 0.2055622732769045 0.17907043056743657 0.08464328899637244
2 0.4863130881094953 0.8871422813381701 0.1228970630168235 0.1120515920999597
2 0.7197034502423725 0.8363563079403467 0.1015112631879099 0.08141878274889158
5 0.24964357000285145 0.5709391374445788 0.42058739663530087 0.18016928657799275
5 0.6913316224693471 0.556428859330915 0.44967208440262335 0.19790407093913745
6 0.1585400627316795 0.37182587666263606 0.23838038209295695 0.22047561467150342
6 0.3732534930139721 0.3573155985489722 0.20986598232107215 0.20918984280532044
6 0.5795551753635586 0.3544941555824265 0.2107214143142287 0.20596533655783958
6 0.7968349016253209 0.35530028214429665 0.1987453664100371 0.20596533655783958
4 0.4642144282862846 0.19326884320838372 0.9078984887368121 0.17452640064490127
3 0.5034217279726262 0.8188230552196695 0.9361277445109781 0.3180169286577993
3 0.5005702879954378 0.5638855300282144 0.9560878243512975 0.20395002015316405
3 0.4994297120045623 0.3599355098750504 0.9788993441688053 0.22168480451430875
3 0.50741374394069 0.1860137041515518 0.9806102081551185 0.16888351471180976
3 0.503706871970345 0.06852075775896817 0.9920159680638724 0.13704151551793634
