2 0.14456800684345594 0.08665860540104797 0.142571998859424 0.13865376864167675
2 0.34573709723410323 0.08847239016525595 0.14570858283433136 0.11970979443772672
2 0.7446535500427717 0.26642482869810563 0.15768463073852296 0.13784764207980654
2 0.14100370687197036 0.539701733172108 0.08468776732249787 0.07255139056831923
2 0.4174508126603935 0.5838371624345022 0.09580838323353294 0.08504635227730754
2 0.6582549187339607 0.6068117694478034 0.12917023096663816 0.1060056428859331
2 0.8645566010835473 0.6180975413139863 0.09980039920159682 0.09068923821039904
2 0.2946963216424294 0.7573559048770657 0.13715426290276592 0.11446997178557033
2 0.5909609352723125 0.7416364369205966 0.11320216709438267 0.10963321241434906
2 0.8691189050470488 0.7773075372833536 0.10379241516966069 0.11406690850463523
2 0.2848588537211292 0.23115679161628377 0.35642999714856005 0.09633212414349053
1 0.18263473053892218 0.4512293430068521 0.12061591103507271 0.0705360741636437
1 0.4463929284288566 0.4719871019750101 0.1360136869118905 0.11850060459492141
1 0.6803535785571714 0.494155582426441 0.1020815511833476 0.1120515920999597
1 0.8895067008839465 0.5010076582023378 0.11491303108069575 0.12091898428053205
1 0.14214428286284575 0.73559048770657 0.0949529512403764 0.07496977025392987
1 0.45551753635585973 0.7404272470777913 0.0784145993726832 0.10076582023377671
1 0.7603364699173083 0.7555421201128577 0.08468776732249787 0.09068923821039904
6 0.4468206444254349 0.5096735187424426 0.25891074992871405 0.3027005239822652
6 0.19375534644995723 0.48186215235792024 0.2723125178214999 0.26642482869810563
6 0.6740804106073568 0.539701733172108 0.22868548617051612 0.27650141072148327
6 0.886655260906758 0.548770656993148 0.2261191901910465 0.28174123337363965
4 0.5165383518676933 0.2629987908101572 0.958939264328486 0.27448609431680776
3 0.5215283718277731 0.7871825876662636 0.9563729683490163 0.23861346231358324
3 0.5079840319361277 0.5342603788794841 0.9834616481323069 0.26803708182184605
3 0.5024237239806102 0.26279725916968966 0.9945822640433419 0.260378879484079
3 0.5048474479612205 0.08242644095122935 0.9897348160821215 0.15276098347440548
