2 0.10422013116623896 0.07819427650141073 0.14741944682064445 0.14671503426037888
2 0.24864556601083548 0.08282950423216445 0.1323068149415455 0.1463119709794438
2 0.4000570287995438 0.08101571946795648 0.1323068149415455 0.14993954050785974
2 0.5856857713145138 0.09189842805320436 0.19161676646706588 0.1354292623941959
2 0.7710293698317651 0.08786779524385328 0.1283147989734816 0.13220475614671504
2 0.7299686341602509 0.2871825876662636 0.1442828628457371 0.15034260378879485
2 0.15925292272597663 0.31076178960096734 0.16395779868833762 0.07174526400644901
2 0.30424864556601083 0.45002015316404675 0.10379241516966069 0.09310761789600967
2 0.48602794411177647 0.5227730753728336 0.10293698317650414 0.06852075775896817
2 0.1775021385799829 0.5126964933494559 0.11947533504419733 0.06852075775896817
2 0.1465640148274879 0.686819830713422 0.10835471913316226 0.094316807738815
2 0.3882235528942116 0.7192664248286982 0.11491303108069575 0.08746473196291818
2 0.6107784431137725 0.7390165255945184 0.1020815511833476 0.09068923821039904
2 0.8400342172797264 0.7607819427650141 0.0872540633019675 0.07134220072551391
1 0.18491588252067295 0.6259572752922209 0.1251782149985743 0.04353083434099154
1 0.37624750499001997 0.635832325675131 0.10236669518106645 0.05280128980249899
1 0.6250356429997149 0.6521563885530028 0.07698887938408897 0.0354695687222894
1 0.8424579412603366 0.6975010076582023 0.08411747932706017 0.030229746070133012
1 0.5192472198460223 0.44276501410721486 0.16139150270886798 0.07376058041112454
1 0.17236954662104365 0.4343006852075776 0.13145138294838896 0.08182184602982669
1 0.20045623039635016 0.23155985489721886 0.23666951810664388 0.0705360741636437
1 0.5248075278015398 0.2625957275292221 0.19304248645566013 0.15437323659814592
4 0.5109780439121757 0.2900040306328094 0.9449672084402624 0.2656187021362354
5 0.21870544625035646 0.46231358323256755 0.34445394924436845 0.20475614671503428
5 0.6508411747932706 0.492341797662233 0.5506130595950955 0.2349858927851673
6 0.16766467065868265 0.675130995566304 0.24864556601083548 0.24506247480854496
6 0.39734816082121477 0.6896412736799677 0.23296264613629886 0.27005239822652155
6 0.6320216709438267 0.7097944377267231 0.2130025662959795 0.2410318419991939
6 0.8488736812090106 0.7303506650544136 0.24237239806102084 0.2418379685610641
3 0.5027088679783291 0.08605401047964531 0.975762760193898 0.1713018943974204
3 0.5011405759908755 0.2877871825876663 0.9960079840319362 0.27408303103587267
3 0.5017108639863131 0.4772269246271665 0.9960079840319362 0.27408303103587267
3 0.5017108639863131 0.6968964127367997 0.9960079840319362 0.27408303103587267
