2 0.13187909894496722 0.12152357920193471 0.2124322783005418 0.18581217251108426
2 0.33561448531508414 0.11648528819024587 0.18819503849443972 0.19105199516324065
2 0.11961790704305675 0.3746473196291818 0.11491303108069575 0.06489318823055219
2 0.5694325634445395 0.35489721886336156 0.11006558311947534 0.06408706166868199
2 0.8444539492443685 0.31721080209592906 0.14342743085258056 0.1410721483272874
2 0.8649843170801256 0.5133010882708585 0.08183632734530939 0.0939137444578799
2 0.6280296549757628 0.5233776702942362 0.10692899914456802 0.09149536477226924
2 0.37781579697747364 0.5525997581620314 0.08953521528371829 0.06287787182587666
2 0.2000285143997719 0.5715437323659814 0.09837467921300258 0.08061265618702136
2 0.7700313658397492 0.7349858927851673 0.1702309666381523 0.13663845223700122
1 0.39449672084402626 0.7496977025392987 0.5728542914171657 0.10076582023377671
1 0.564870259481038 0.46130592503022977 0.08326204733390363 0.021362353889560662
1 0.5469061876247505 0.5330511890366788 0.05075563159395495 0.05925030229746071
1 0.7869974337040206 0.507255139056832 0.071285999429712 0.07940346634421605
1 0.3749643570002852 0.49334945586457074 0.11405759908753922 0.060459492140266025
1 0.11648132306814943 0.5384925433293027 0.04990019960079841 0.07255139056831923
1 0.17707442258340464 0.31459089076985086 0.19332763045337897 0.04393389762192664
1 0.3786712289706302 0.32466747279322855 0.1020815511833476 0.12454655380894801
1 0.6139150270886798 0.28274889157597743 0.20188195038494441 0.08504635227730754
5 0.2368120901055033 0.32365981459089077 0.44910179640718567 0.2249093107617896
5 0.7219846022241232 0.31459089076985086 0.5195323638437411 0.24062877871825877
6 0.15925292272597663 0.5413139862958485 0.23524379811804963 0.2079806529625151
6 0.3889364128885087 0.5199516324062878 0.21613915027088682 0.1902458686013704
6 0.6083547191331623 0.5082627972591697 0.2255489021956088 0.19588875453446192
6 0.831194753350442 0.5145102781136639 0.22811519817507844 0.18581217251108426
4 0.4797547761619618 0.7652156388553003 0.895067008839464 0.28012898024989924
3 0.5072711719418307 0.11023780733575171 0.9848873681209012 0.21483272873841194
3 0.506700883946393 0.3164046755340589 0.9837467921300257 0.24586860137041516
3 0.5078414599372684 0.5259975816203144 0.9837467921300257 0.24586860137041516
3 0.5075563159395495 0.7583635630794034 0.9843170801254635 0.3067311567916163
