9 0.08041060735671515 0.07557436517533253 0.13458796692329628 0.15034260378879485
2 0.36598232107214146 0.18500604594921402 0.6452808668377531 0.05239822652156389
7 0.22455089820359284 0.42503022974607013 0.3612774451097805 0.06569931479242241
1 0.39093242087254065 0.2517130189439742 0.6735101226119191 0.0705360741636437
1 0.2661819218705446 0.4969770253929867 0.43826632449386943 0.0951229343006852
7 0.12917023096663816 0.6991132607819428 0.1750784145993727 0.053607416364369206
7 0.7003136583974908 0.4248286981056026 0.36669518106643856 0.04917372027408303
7 0.37724550898203596 0.6690850463522774 0.2469347020245224 0.07174526400644901
7 0.6515540347875678 0.656187021362354 0.2155688622754491 0.08625554212011285
7 0.9050470487596237 0.6890366787585651 0.18363273453093815 0.05844417573559049
1 0.7148560022811521 0.4758162031438936 0.3803820929569433 0.06408706166868199
1 0.1281722269746222 0.7891979040709391 0.17194183062446536 0.11527609834744056
1 0.37710293698317654 0.7994760177347844 0.2512118619903051 0.1600161225312374
1 0.6591103507271172 0.7859733978234583 0.22098659823210723 0.18460298266827893
1 0.8993441688052467 0.8004836759371221 0.17907043056743657 0.12898024989923418
8 0.11362988309096095 0.3202337767029424 0.10008554319931566 0.0705360741636437
8 0.09751924721984603 0.8984280532043531 0.09580838323353294 0.08303103587263201
8 0.8565725691474195 0.9101168883514712 0.1015112631879099 0.0886739218057235
13 0.1870544625035643 0.07718661829907296 0.09751924721984603 0.15114873035066506
13 0.09352723125178215 0.5973397823458283 0.09580838323353294 0.07174526400644901
11 0.2837182777302538 0.0731559854897219 0.08782435129740519 0.1463119709794438
11 0.5725691474194469 0.5517936316001613 0.1020815511833476 0.0709391374445788
12 0.37439406900484745 0.07839580814187828 0.10607356715141147 0.14469971785570335
12 0.3116623895067009 0.911124546553809 0.09181636726546907 0.08182184602982669
10 0.6261762189905903 0.9185812172511084 0.09523809523809525 0.08303103587263201
4 0.502994011976048 0.25594518339379285 0.9592244083262048 0.24425634824667475
5 0.26504134587966927 0.5004030632809351 0.48160821214713434 0.24304715840386942
5 0.7409466780724266 0.5010076582023378 0.49586541203307677 0.2482869810560258
6 0.12332477901340178 0.8224506247480855 0.23296264613629886 0.35429262394195893
6 0.38736812090105505 0.7988714228133817 0.3128029654975763 0.35630794034663443
6 0.6591103507271172 0.800080612656187 0.27972626176218995 0.38291011688835147
6 0.8909324208725407 0.8139862958484483 0.21756487025948104 0.3615477629987908
3 0.5001425719988595 0.07537283353486497 0.9991445680068435 0.15074566706972994
3 0.4987168520102652 0.2708585247883918 0.9962931280296551 0.24989923417976623
3 0.5002851439977188 0.5060459492140266 0.9988594240091246 0.2720677146311971
3 0.5002851439977188 0.8049173720274083 0.9988594240091246 0.3893591293833132
