7 0.24764756201881952 0.2267230955259976 0.4183062446535501 0.06731156791616284
7 0.6524094667807243 0.22793228536880292 0.3022526375819789 0.07376058041112454
7 0.4535215283718278 0.469770253929867 0.8015397775876818 0.053607416364369206
7 0.14100370687197036 0.7434502216848046 0.19076133447390933 0.056831922611850064
7 0.389364128885087 0.7652156388553003 0.20102651839178787 0.053607416364369206
7 0.5691474194468207 0.7382103990326482 0.09637867122897063 0.05602579604997985
7 0.846307385229541 0.7214832728738412 0.1727972626176219 0.04030632809351068
1 0.24836042201311664 0.2815397017331721 0.426005132591959 0.0826279725916969
1 0.6930424864556601 0.31136638452237003 0.35557456515540353 0.1487303506650544
1 0.4364128885086969 0.528415961305925 0.7832905617336756 0.05481660620717453
1 0.5049900199600799 0.5828295042321645 0.6592529227259767 0.06932688432083838
1 0.14342743085258056 0.8212414349052801 0.21328771029369833 0.10278113663845224
1 0.389364128885087 0.833937928254736 0.2090105503279156 0.11527609834744056
1 0.627744510978044 0.8256751309955663 0.1804961505560308 0.10519951632406288
1 0.6749358426005133 0.8190245868601371 0.10550327915597378 0.1950826279725917
1 0.8661248930710009 0.8061265618702137 0.21870544625035646 0.11527609834744056
1 0.9066153407470774 0.8738411930673116 0.14741944682064445 0.11608222490931076
9 0.09124607927003137 0.36275695284159615 0.11006558311947534 0.0951229343006852
9 0.5584545195323639 0.3633615477629988 0.10521813515825493 0.0761789600967352
13 0.7841459937268321 0.9050785973397824 0.08782435129740519 0.0939137444578799
12 0.23011120615911038 0.0947198710197501 0.13629883090960937 0.16122531237404272
12 0.10935272312517823 0.615074566706973 0.13088109495295125 0.09189842805320436
12 0.5822640433418877 0.9169689641273681 0.09409751924721986 0.10399032648125756
11 0.08796692329626463 0.9097138250705361 0.1086398631308811 0.08061265618702136
10 0.0973766752209866 0.09028617492946393 0.16395779868833762 0.16122531237404272
10 0.34573709723410323 0.9236195082627973 0.11263187909894498 0.09310761789600967
11 0.3501568291987454 0.08847239016525595 0.11976047904191618 0.17372027408303103
13 0.4674935842600514 0.08424022571543732 0.13544339891645282 0.16848045143087464
5 0.24565155403478758 0.2932285368802902 0.4901625320786998 0.2607819427650141
5 0.7194183062446536 0.30652962515114873 0.4961505560307956 0.27287384119306735
4 0.49985742800114064 0.5600564288593309 0.9997148560022813 0.2825473599355099
6 0.14342743085258056 0.8309149536477227 0.25719988594240095 0.33736396614268443
6 0.39078984887368123 0.8494558645707376 0.26033646991730824 0.30028214429665456
6 0.622041631023667 0.837565497783152 0.22840034217279728 0.3006852075775897
6 0.8604220131166239 0.833937928254736 0.27858568577131454 0.3313180169286578
3 0.5024237239806102 0.0882708585247884 0.9945822640433419 0.1708988311164853
1 0.7362418021100656 0.09230149133413947 0.2931280296549758 0.12736799677549376
3 0.49258625605931 0.30612656187021364 0.98517251211862 0.29786376461104397
3 0.5051325919589393 0.5544135429262395 0.9817507841459938 0.28496573962112054
3 0.5055603079555175 0.8297057638049175 0.9883090960935274 0.3349455864570738
