7 0.13515825491873398 0.22450624748085451 0.17907043056743657 0.060459492140266025
7 0.6491303108069576 0.2267230955259976 0.3738237810094098 0.06489318823055219
7 0.18349016253207873 0.48125755743651755 0.2820074137439407 0.04594921402660218
7 0.13387510692899915 0.779322853688029 0.1844881665240947 0.09955663039097139
7 0.358426005132592 0.7781136638452237 0.17735956658112348 0.07940346634421605
7 0.5714285714285715 0.7898024989923418 0.142571998859424 0.11890366787585652
7 0.8202167094382664 0.7460701330108828 0.23296264613629886 0.051592099959693674
1 0.2345309381237525 0.2938331318016929 0.37610493299116055 0.06287787182587666
1 0.6906187624750499 0.28274889157597743 0.40319361277445115 0.0761789600967352
1 0.3949244368406045 0.5435308343409916 0.6826347305389222 0.10116888351471182
1 0.1442828628457371 0.8548972188633616 0.20188195038494441 0.042724707779121324
1 0.3644140290846878 0.8555018137847642 0.16709438266324494 0.050382910116888356
1 0.8150841174793271 0.8117694478033052 0.2512118619903051 0.09270455461507457
1 0.8792415169660679 0.8788794840790004 0.11320216709438267 0.056831922611850064
9 0.10222412318220703 0.08686013704151552 0.17821499857428003 0.1479242241031842
8 0.26133447390932424 0.09572752922208787 0.17821499857428003 0.17452640064490127
8 0.10293698317650414 0.6392583635630794 0.11633875106929 0.09270455461507457
11 0.5181066438551469 0.35147118097541313 0.10379241516966069 0.0951229343006852
12 0.09666381522668949 0.9324869004433697 0.09923011120615911 0.08182184602982669
13 0.3283433133732535 0.914752116082225 0.10635871114913031 0.0769850866586054
12 0.5461933276304535 0.9097138250705361 0.0949529512403764 0.094316807738815
13 0.757199885942401 0.9044740024183797 0.10692899914456802 0.0951229343006852
5 0.23609923011120618 0.2972591696896413 0.44425434844596523 0.27287384119306735
5 0.699030510407756 0.31338170092704554 0.5004277159965783 0.3123740427247078
4 0.48531508411747937 0.5646916565900847 0.955232392358141 0.2821442966545748
6 0.1360136869118905 0.8504635227730755 0.2566295979469632 0.29343006852075776
6 0.3614200171086399 0.8440145102781137 0.22041631023666955 0.2974607013301088
6 0.5627316794981466 0.8432083837162435 0.22041631023666955 0.2974607013301088
6 0.8162246934702025 0.8363563079403467 0.30881094952951244 0.29665457476823864
3 0.4938694040490448 0.09572752922208787 0.9820359281437127 0.1769447803305119
3 0.4898773880809809 0.31620314389359133 0.975762760193898 0.3293027005239823
3 0.4881665240946678 0.533857315598549 0.9763330481893356 0.26239419588875457
3 0.49529512403763903 0.8413945989520355 0.9905902480752781 0.3164046755340589
