7 0.3256344453949245 0.20878677952438535 0.5503279155973767 0.055622732769044746
7 0.17308240661534077 0.4647319629181782 0.23609923011120618 0.05723498589278517
7 0.44710578842315374 0.45445384925433296 0.19960079840319364 0.05280128980249899
7 0.6843455945252352 0.4768238613462314 0.16709438266324494 0.06368399838774688
7 0.8984887368120902 0.4885126964933495 0.20245223838038212 0.05078597339782346
7 0.26931850584545197 0.7561467150342605 0.4251497005988024 0.04030632809351068
7 0.70544625035643 0.7601773478436115 0.3421727972626176 0.06368399838774688
1 0.4009124607927003 0.27871825876662637 0.6678072426575421 0.08424022571543732
1 0.17707442258340464 0.5413139862958485 0.2315369261477046 0.08706166868198308
1 0.45423438836612495 0.535671100362757 0.19960079840319364 0.08303103587263201
1 0.679213002566296 0.5574365175332527 0.1568291987453664 0.08625554212011285
1 0.8879384088964928 0.5665054413542926 0.18591388651268892 0.11567916162837566
1 0.26489877388080985 0.8224506247480855 0.3912175648702595 0.05602579604997985
1 0.3093812375249501 0.8899637243047159 0.27259766181921874 0.05723498589278517
1 0.7326775021385801 0.8244659411527611 0.3966353008269176 0.07376058041112454
9 0.12004562303963502 0.3615477629987908 0.11234673510122613 0.07738814993954052
9 0.40205303678357573 0.6416767432486901 0.09181636726546907 0.06610237807335752
8 0.30467636156258915 0.0939137444578799 0.10464784716281723 0.16444981862152358
11 0.08839463929284289 0.08162031438935913 0.14884516680923868 0.1422813381700927
10 0.21228970630168237 0.09068923821039904 0.09096093527231253 0.15558242644095124
12 0.40319361277445115 0.09451833937928256 0.10379241516966069 0.15679161628375657
13 0.1097804391217565 0.6364369205965337 0.11405759908753922 0.07819427650141073
13 0.6344453949244369 0.648931882305522 0.09409751924721986 0.08948004836759371
12 0.8418876532648989 0.673317210802096 0.10692899914456802 0.09633212414349053
8 0.6000855431993157 0.8883514711809755 0.11890504704875964 0.07416364369205966
10 0.11092101511263189 0.8994357114066909 0.08155118334759054 0.08504635227730754
4 0.5064157399486742 0.30350665054413545 0.9865982321072142 0.2950423216444982
6 0.17265469061876249 0.5642885933091496 0.32249786142001713 0.31680773881499397
6 0.4499572284003422 0.5600564288593309 0.2606216139150271 0.31721080209592906
6 0.6757912745936698 0.5673115679161629 0.22412318220701455 0.3422007255139057
6 0.8865126889078986 0.5741636436920596 0.22412318220701455 0.3422007255139057
5 0.2600513259195894 0.8379685610640871 0.5007128599942972 0.2756952841596131
5 0.7493584260051327 0.8403869407496978 0.5007128599942972 0.2756952841596131
3 0.5028514399771885 0.08121725110842402 0.9937268320501854 0.16243450221684805
3 0.5028514399771885 0.3016928657799275 0.9937268320501854 0.3027005239822652
3 0.5028514399771885 0.5749697702539299 0.9937268320501854 0.32688432083837166
3 0.5028514399771885 0.8583232567513099 0.9937268320501854 0.2825473599355099
