7 0.22768748217850016 0.1807738814993954 0.3612774451097805 0.07376058041112454
7 0.7295409181636727 0.23639661426844016 0.46963216424294274 0.10358726320032245
7 0.14984317080125464 0.48810963321241435 0.20330767037353864 0.12011285771866184
7 0.3939264328485886 0.4814590890769851 0.20444824636441405 0.09068923821039904
7 0.6317365269461078 0.4995969367190649 0.20444824636441405 0.09068923821039904
7 0.8364699173082407 0.520757758968158 0.1542629027658968 0.0765820233776703
7 0.4345594525235244 0.7867795243853285 0.7601938979184488 0.11850060459492141
1 0.2398061020815512 0.269850866586054 0.3934987168520103 0.11084240225715437
1 0.7197034502423725 0.31338170092704554 0.4357000285143998 0.06811769447803305
1 0.38380382092956944 0.5654977831519549 0.1899059024807528 0.0951229343006852
1 0.6313088109495295 0.5743651753325272 0.20815511833475908 0.0951229343006852
1 0.836897633304819 0.5906892382103991 0.16652409466780727 0.0761789600967352
1 0.16010835471913318 0.5648931882305522 0.20045623039635016 0.03829101168883515
1 0.4096093527231252 0.9058847239016526 0.6834901625320787 0.11084240225715437
10 0.09666381522668949 0.3319226118500605 0.11348731109210151 0.08988311164852883
12 0.09295694325634446 0.06972994760177348 0.14086113487311094 0.13945989520354696
12 0.23267750213858 0.08948004836759371 0.14086113487311094 0.14026602176541716
11 0.5412033076703736 0.367795243853285 0.11291702309666382 0.07779121322047562
13 0.09694895922440834 0.6219266424828699 0.1015112631879099 0.09189842805320436
13 0.5939549472483605 0.6533655783958082 0.1015112631879099 0.09189842805320436
8 0.3517251211861991 0.6509471987101976 0.10236669518106645 0.08948004836759371
9 0.8240661534074708 0.6795646916565901 0.1283147989734816 0.1128577186618299
8 0.8721129170230967 0.8748488512696494 0.17821499857428003 0.15437323659814592
5 0.2428001140575991 0.27267230955259975 0.4656401482748789 0.2889963724304716
5 0.733675506130596 0.30350665054413545 0.5320786997433704 0.32083837162434503
6 0.15796977473624182 0.547359935509875 0.2817222697462219 0.32567513099556633
6 0.38907898488736814 0.5628778718258767 0.24779013401767894 0.32204756146715036
6 0.627744510978044 0.5757758968158001 0.24779013401767894 0.32204756146715036
6 0.8658397490732821 0.5999596936719065 0.24779013401767894 0.32204756146715036
4 0.5132591958939264 0.8496573962112052 0.9729113202167096 0.28536880290205563
3 0.5044197319646422 0.08162031438935913 0.9905902480752781 0.1600161225312374
3 0.4950099800399202 0.2958484482063684 0.9900199600798404 0.3345425231761387
3 0.49985742800114064 0.588472390165256 0.9997148560022813 0.3941958887545345
3 0.49985742800114064 0.8548972188633616 0.9997148560022813 0.2893994357114067
