7 0.26375819788993443 0.2063683998387747 0.40148274878813806 0.060459492140266025
7 0.7137154262902766 0.20596533655783958 0.41573994867408043 0.05965336557839581
7 0.16395779868833762 0.5135026199113261 0.23666951810664388 0.060459492140266025
7 0.3347590533219276 0.7605804111245466 0.5400627316794981 0.060459492140266025
1 0.2677502138579983 0.2736799677549375 0.4077559167379527 0.09189842805320436
1 0.694325634445395 0.2883917775090689 0.3974907328200742 0.10519951632406288
1 0.48445965212432285 0.5620717452640065 0.833190761334474 0.04393389762192664
1 0.5593099515255204 0.607416364369206 0.6977473624180212 0.09189842805320436
1 0.4856002281151982 0.8196291817815398 0.8371827773025379 0.06811769447803305
1 0.7611919019104648 0.7769044740024185 0.30481893356144857 0.06811769447803305
12 0.5640148274878815 0.4014510278113664 0.12774451097804393 0.10963321241434906
12 0.1216139150270887 0.9062877871825877 0.13145138294838896 0.09875050382910118
9 0.08126603934987169 0.06972994760177348 0.12375249500998005 0.13945989520354696
11 0.11876247504990022 0.35590487706569934 0.12745936698032506 0.09754131398629586
13 0.33746792130025666 0.10358726320032245 0.1559737667522099 0.14993954050785974
8 0.19960079840319364 0.08464328899637244 0.12432278300541774 0.1523579201934704
10 0.11919019104647847 0.6257557436517533 0.1300256629597947 0.09955663039097139
5 0.25192472198460225 0.30511890366787586 0.47305389221556887 0.3401854091092302
5 0.727972626176219 0.3089480048367594 0.4932991160536071 0.37283353486497384
4 0.4975762760193898 0.5951229343006852 0.9734816082121472 0.26642482869810563
4 0.5014257199885943 0.8323256751309956 0.9800399201596807 0.25957275292220877
3 0.5008554319931566 0.08464328899637244 0.9977188480182493 0.16606207174526402
3 0.5005702879954378 0.3240628778718259 0.998289136013687 0.4006449012494962
3 0.4975762760193898 0.5963321241434906 0.9923011120615912 0.2599758162031439
3 0.4980039920159681 0.8438129786376461 0.9960079840319362 0.27932285368802906
