7 0.22526375819788996 0.1995163240628779 0.3706871970345025 0.04594921402660218
7 0.6546906187624751 0.17573559048770657 0.38836612489307104 0.06610237807335752
7 0.411890504704876 0.45787988714228134 0.6994582264043342 0.05723498589278517
7 0.16951810664385517 0.7533252720677147 0.2415169660678643 0.06610237807335752
7 0.41003706871970347 0.7378073357517131 0.14884516680923868 0.04554615074566707
7 0.5972341032221272 0.7474808544941556 0.13715426290276592 0.044740024183796856
7 0.8163672654690619 0.7462716646513503 0.19332763045337897 0.07859733978234583
1 0.22412318220701455 0.26320032245062475 0.3524379811804962 0.08383716243450222
1 0.6789278585685772 0.24405481660620718 0.40148274878813806 0.0705360741636437
1 0.4847447961220417 0.5384925433293027 0.8291987453664101 0.0951229343006852
1 0.17707442258340464 0.8291011688835147 0.22811519817507844 0.08303103587263201
1 0.4076133447390933 0.8190245868601371 0.17422298260621616 0.10076582023377671
1 0.6047904191616766 0.8246674727932286 0.16481323068149417 0.1120515920999597
1 0.8170801254633591 0.8178153970173317 0.1981750784145994 0.07416364369205966
9 0.0960935272312518 0.07496977025392987 0.16766467065868265 0.13301088270858524
9 0.3726832050185344 0.9191858121725112 0.09352723125178215 0.0882708585247884
10 0.2760193897918449 0.07819427650141073 0.19960079840319364 0.14671503426037888
8 0.10992301112061592 0.6269649334945586 0.11776447105788423 0.09310761789600967
12 0.10892500712859995 0.9226118500604595 0.10436270316509838 0.11769447803305119
10 0.5588822355289421 0.9157597742845627 0.09181636726546907 0.07738814993954052
11 0.0955232392358141 0.33978234582829503 0.10607356715141147 0.08544941555824265
11 0.7743085258055319 0.8984280532043531 0.10293698317650414 0.08948004836759371
13 0.5085543199315655 0.3180169286577993 0.11491303108069575 0.0886739218057235
5 0.22141431422868552 0.2714631197097945 0.43256344453949247 0.24627166465135028
5 0.6777872825777018 0.2682386134623136 0.4830339321357286 0.27287384119306735
4 0.4770459081836328 0.5499798468359532 0.9540918163672656 0.3027005239822652
6 0.16281722269746224 0.8464328899637243 0.2948388936412889 0.30552196694881095
6 0.40932420872540637 0.8452237001209191 0.20558882235528944 0.30874647319629184
6 0.5972341032221272 0.8440145102781137 0.20558882235528944 0.30874647319629184
6 0.8384659252922727 0.8428053204353084 0.28828058169375537 0.30390971382507054
3 0.4974337040205304 0.07879887142281339 0.9863130881094954 0.15437323659814592
3 0.5008554319931566 0.2694478033051189 0.9977188480182493 0.2841596130592503
3 0.5008554319931566 0.5421201128577187 0.9977188480182493 0.2893994357114067
3 0.5008554319931566 0.837565497783152 0.9977188480182493 0.3240628778718259
