8 0.07641859138865127 0.08242644095122935 0.12660393498716854 0.15195485691253527
7 0.1133447390932421 0.2128174123337364 0.16224693470202453 0.05481660620717453
7 0.3829483889364129 0.19246271664651352 0.17735956658112348 0.04796453043127771
7 0.583689763330482 0.20153164046755342 0.1323068149415455 0.07980652962515115
7 0.834901625320787 0.20495767835550183 0.16880524664955804 0.04796453043127771
7 0.394069004847448 0.49032648125755746 0.7048759623609924 0.050382910116888356
7 0.20630168234958657 0.7239016525594518 0.3247790134017679 0.07819427650141073
7 0.6495580268035358 0.7438532849657397 0.37011690903906475 0.06489318823055219
1 0.12631879098944968 0.26481257557436516 0.19161676646706588 0.042724707779121324
1 0.1921870544625036 0.3139862958484482 0.10778443113772455 0.12978637646110439
1 0.3758197889934417 0.2660217654171705 0.1727972626176219 0.09189842805320436
1 0.4261477045908184 0.3212414349052801 0.07214143142286855 0.1128577186618299
1 0.5983746792130026 0.2883917775090689 0.17422298260621616 0.0939137444578799
1 0.8277730253778158 0.26582023377670294 0.15625891074992873 0.05602579604997985
1 0.29954376960364987 0.5592503022974608 0.49814656401482754 0.09875050382910118
1 0.20986598232107215 0.7932285368802903 0.3256344453949245 0.06690850463522774
1 0.2701739378386085 0.8389762192664248 0.2272597661819219 0.14550584441757355
1 0.6709438266324494 0.816807738814994 0.3889364128885087 0.0826279725916969
1 0.7700313658397492 0.8504635227730755 0.1987453664100371 0.13220475614671504
9 0.5608782435129741 0.3655783958081419 0.09124607927003137 0.08061265618702136
9 0.8246364414029085 0.5703345425231762 0.17678927858568577 0.14993954050785974
11 0.31494154548046766 0.08726320032245063 0.14114627887082978 0.1600161225312374
10 0.34345594525235246 0.3599355098750504 0.11092101511263189 0.12091898428053205
10 0.5148274878813801 0.8952035469568723 0.11320216709438267 0.10076582023377671
10 0.09865982321072142 0.8905683192261186 0.12660393498716854 0.11890366787585652
12 0.7981180496150556 0.3520757758968158 0.10778443113772455 0.0939137444578799
13 0.07613344739093243 0.33252720677146314 0.11633875106929 0.11769447803305119
13 0.19332763045337897 0.0856509471987102 0.12261191901910466 0.1656590084643289
6 0.14414029084687768 0.2972591696896413 0.27801539777587686 0.28657799274486095
6 0.38594240091246085 0.2952438532849658 0.21756487025948104 0.3067311567916163
6 0.5929569432563445 0.2968561064087062 0.21756487025948104 0.3067311567916163
6 0.828485885372113 0.2879887142281338 0.21756487025948104 0.3067311567916163
4 0.47576276019389796 0.560459492140266 0.9486740804106074 0.23982265215638857
5 0.22055888223552897 0.8200322450624749 0.42286854861705164 0.33575171301894396
5 0.6666666666666667 0.8276904474002419 0.5081266039349872 0.32769044740024184
3 0.5001425719988595 0.08403869407496978 0.9991445680068435 0.16243450221684805
3 0.5001425719988595 0.2974607013301088 0.9991445680068435 0.3200322450624748
3 0.5001425719988595 0.5568319226118501 0.9991445680068435 0.24465941152760984
3 0.5001425719988595 0.816807738814994 0.9991445680068435 0.3293027005239823
