7 0.4294268605645851 0.1902458686013704 0.7436555460507557 0.06852075775896817
7 0.17593384659252925 0.41777509068923824 0.25434844596521244 0.050382910116888356
7 0.43598517251211866 0.42039500201531643 0.17735956658112348 0.046755340588472395
7 0.6345879669232963 0.4373236598145909 0.11491303108069575 0.051592099959693674
7 0.8625605930995153 0.447198710197501 0.187624750499002 0.06489318823055219
7 0.26304533789563733 0.7220878677952439 0.39207299686341607 0.08182184602982669
7 0.7378100940975193 0.7372027408303103 0.4148845166809239 0.09189842805320436
1 0.46621043627031655 0.2569528415961306 0.8126603934987169 0.10278113663845224
1 0.16923296264613633 0.48045143087464737 0.24721984602224126 0.07496977025392987
1 0.44282862845737103 0.47964530431277713 0.21157684630738524 0.07174526400644901
1 0.6268890789848874 0.4947601773478436 0.1251782149985743 0.06166868198307134
1 0.8534359851725122 0.5183393792825474 0.19960079840319364 0.0886739218057235
1 0.23838038209295695 0.7994760177347844 0.34616481323068155 0.10842402257154374
1 0.7211291702309667 0.8117694478033052 0.3786712289706302 0.08625554212011285
8 0.3376104932991161 0.06751309955663039 0.1448531508411748 0.13502619911326078
8 0.10350727117194183 0.5532043530834341 0.13458796692329628 0.08424022571543732
9 0.4749073282007414 0.06852075775896817 0.1536926147704591 0.13704151551793634
9 0.1026518391787853 0.30935106811769447 0.11861990305104078 0.07859733978234583
10 0.20444824636441405 0.07214832728738413 0.1305959509552324 0.13220475614671504
10 0.609923011120616 0.5665054413542926 0.08497291132021671 0.07537283353486497
11 0.3869404049044768 0.5503829101168883 0.1015112631879099 0.08504635227730754
11 0.07171371542629028 0.0743651753325272 0.12974051896207586 0.12777106005642885
11 0.5708582834331338 0.880894800483676 0.1015112631879099 0.09633212414349053
13 0.788138009694896 0.5806126561870214 0.09124607927003137 0.08504635227730754
12 0.10222412318220703 0.8716243450221686 0.10065583119475335 0.09149536477226924
4 0.49472483604220135 0.2682386134623136 0.9632164242942687 0.2777106005642886
6 0.16752209865982323 0.49818621523579204 0.2962646136298831 0.28133817009270456
6 0.43056743655546054 0.5028214429665457 0.24237239806102084 0.2873841193067312
6 0.6495580268035358 0.5102781136638452 0.19560878243512975 0.2926239419588876
6 0.8602794411177646 0.514913341394599 0.27773025377815796 0.2994760177347844
5 0.2510692899914457 0.803305118903668 0.4776161961790705 0.32728738411930675
5 0.728970630168235 0.8093510681176945 0.4776161961790705 0.32728738411930675
3 0.49985742800114064 0.07557436517533253 0.9923011120615912 0.14550584441757355
3 0.5035642999714857 0.2688432083837163 0.9923011120615912 0.28053204353083433
3 0.5035642999714857 0.5126964933494559 0.9923011120615912 0.30390971382507054
3 0.5035642999714857 0.8127771060056429 0.9923011120615912 0.33897621926642485
