7 0.16880524664955804 0.22108020959290609 0.19731964642144284 0.04957678355501814
7 0.42899914456800686 0.20818218460298268 0.17251211861990307 0.06811769447803305
7 0.6595380667236955 0.18863361547763 0.16481323068149417 0.046755340588472395
7 0.8875106928999146 0.2003224506247481 0.1804961505560308 0.05239822652156389
7 0.41345879669232966 0.4987908101571947 0.6581123467351013 0.08988311164852883
1 0.17308240661534077 0.2883917775090689 0.22355289421157687 0.07376058041112454
1 0.4103222127174223 0.2815397017331721 0.14314228685486172 0.06731156791616284
1 0.6676646706586827 0.24949617089883114 0.1702309666381523 0.04594921402660218
1 0.8756772169945823 0.26924627166465137 0.16310236669518108 0.09592906086255543
1 0.46977473624180216 0.588472390165256 0.7958368976333049 0.1120515920999597
1 0.6602509267179927 0.6527609834744055 0.46278870829769037 0.15759774284562678
9 0.6364414029084688 0.3297057638049174 0.11861990305104078 0.08544941555824265
9 0.5711434274308527 0.06711003627569528 0.13857998289136014 0.13422007255139057
8 0.3956372968349017 0.3621523579201935 0.11092101511263189 0.09633212414349053
8 0.8458796692329628 0.06912535268037082 0.16395779868833762 0.13825070536074163
10 0.09994297120045624 0.08665860540104797 0.16395779868833762 0.1588069326884321
10 0.16395779868833762 0.7059653365578397 0.15283718277730254 0.11890366787585652
12 0.2601938979184488 0.08121725110842402 0.16966067864271459 0.1592099959693672
12 0.31722269746221843 0.7047561467150343 0.16966067864271459 0.12293430068520758
13 0.42543484459652126 0.07275292220878678 0.15454804676361564 0.14469971785570335
13 0.8371827773025379 0.33575171301894396 0.08953521528371829 0.09754131398629586
11 0.7038779583689764 0.06932688432083838 0.1234673510122612 0.12898024989923418
11 0.10692899914456802 0.3690044336960903 0.1020815511833476 0.09633212414349053
6 0.17251211861990307 0.30128980249899234 0.28742514970059885 0.2607819427650141
6 0.4292842885657257 0.29866989117291415 0.23524379811804963 0.2837565497783152
6 0.6599657827202738 0.27529222087867794 0.23524379811804963 0.2837565497783152
6 0.8778157969774737 0.2756952841596131 0.23524379811804963 0.2837565497783152
4 0.487881380096949 0.6243450221684804 0.9404049044767608 0.3780733575171302
3 0.5012831479897348 0.08020959290608626 0.9968634160250928 0.16041918581217252
3 0.5012831479897348 0.2900040306328094 0.9968634160250928 0.30350665054413545
3 0.5012831479897348 0.6422813381700927 0.9968634160250928 0.41636436920596537
