7 0.23524379811804963 0.230149133413946 0.37467921300256635 0.05804111245465538
7 0.661391502708868 0.22732769044740025 0.32877102936983177 0.05239822652156389
7 0.39962931280296554 0.45445384925433296 0.6971770744225835 0.03909713825070536
7 0.1276019389791845 0.7406287787182588 0.1685201026518392 0.07859733978234583
7 0.3833761049329912 0.7535268037081823 0.19418306244653552 0.06408706166868199
7 0.5980895352152837 0.7331721080209593 0.14171656686626746 0.07496977025392987
7 0.8179355574565156 0.7222893994357115 0.151981750784146 0.04594921402660218
1 0.2539207299686342 0.2815397017331721 0.37724550898203596 0.04232164449818622
1 0.699030510407756 0.2893994357114067 0.37553464499572287 0.07416364369205966
1 0.4657827202737383 0.5088673921805724 0.8260621613915028 0.0761789600967352
1 0.15141146278870832 0.8158000806126562 0.21613915027088682 0.060459492140266025
1 0.3922155688622755 0.8250705360741637 0.18619903051040776 0.07738814993954052
1 0.5976618192187055 0.8115679161628376 0.15055603079555177 0.07940346634421605
1 0.8400342172797264 0.7994760177347844 0.22469347020245226 0.11970979443772672
1 0.8922155688622755 0.8291011688835147 0.1283147989734816 0.1588069326884321
8 0.08825206729398347 0.8970173317210802 0.0949529512403764 0.09955663039097139
8 0.09509552323923583 0.347037484885127 0.10065583119475335 0.07738814993954052
8 0.7810094097519248 0.903466344216042 0.08611348731109211 0.09713825070536075
9 0.10935272312517823 0.6039903264812576 0.11776447105788423 0.08746473196291818
13 0.5402053036783576 0.3426037887948408 0.08297690333618478 0.08383716243450222
13 0.5571713715426291 0.8980249899234181 0.09352723125178215 0.08625554212011285
12 0.34103222127174226 0.914752116082225 0.09352723125178215 0.09955663039097139
10 0.2978329056173368 0.08786779524385328 0.2130025662959795 0.16122531237404272
11 0.10593099515255204 0.07134220072551391 0.1804961505560308 0.14268440145102781
5 0.24479612204163104 0.2815397017331721 0.4570858283433134 0.264006449012495
5 0.703735386370117 0.2799274486094317 0.4955802680353579 0.2760983474405482
4 0.5002851439977188 0.539701733172108 0.9806102081551185 0.29020556227327693
6 0.1407185628742515 0.8353486497380089 0.2694610778443114 0.32849657396211207
6 0.3863701169090391 0.8353486497380089 0.22640433418876535 0.32849657396211207
6 0.6019389791844882 0.8341394598952035 0.21499857428001143 0.3260781942765014
6 0.855717137154263 0.8278919790407094 0.2879954376960365 0.33373639661426846
3 0.501996007984032 0.08585247883917775 0.9954376960364986 0.1717049576783555
3 0.5024237239806102 0.2785167271261588 0.9945822640433419 0.282950423216445
3 0.5024237239806102 0.5316404675534059 0.9945822640433419 0.282950423216445
3 0.5024237239806102 0.8343409915356711 0.9945822640433419 0.3305118903667876
