7 0.21157684630738524 0.18137847642079807 0.290846877673225 0.05965336557839581
7 0.6645280866837754 0.18137847642079807 0.33675506130595956 0.07496977025392987
7 0.4167379526660964 0.4355098750503829 0.7485029940119761 0.07295445384925434
7 0.16909039064727688 0.7517130189439742 0.24066153407470775 0.07819427650141073
7 0.4051896207584831 0.7585650947198711 0.174508126603935 0.07416364369205966
7 0.6150556030795552 0.7617896009673519 0.12660393498716854 0.06287787182587666
7 0.8297690333618478 0.7460701330108828 0.18078129455374967 0.07174526400644901
1 0.23966353008269178 0.22793228536880292 0.3435985172512119 0.06731156791616284
1 0.2978329056173368 0.25594518339379285 0.24493869404049046 0.10076582023377671
1 0.6899059024807528 0.2349858927851673 0.38751069289991447 0.05723498589278517
1 0.7429426860564585 0.269850866586054 0.2654690618762475 0.10439338976219267
1 0.47205588822355293 0.5199516324062878 0.8403193612774452 0.10963321241434906
1 0.18349016253207873 0.8313180169286578 0.23296264613629886 0.08988311164852883
1 0.4214428286284574 0.826279725916969 0.16709438266324494 0.07738814993954052
1 0.609923011120616 0.826682789197904 0.12888508696891932 0.07174526400644901
1 0.8075278015397777 0.8143893591293834 0.13800969489592246 0.053607416364369206
8 0.2338180781294554 0.05763804917372028 0.08155118334759054 0.1120515920999597
8 0.3880809808953522 0.9125352680370818 0.1020815511833476 0.08383716243450222
10 0.41631023666951816 0.05118903667875857 0.10778443113772455 0.10237807335751714
10 0.1086398631308811 0.9159613059250302 0.11006558311947534 0.09955663039097139
11 0.7623324779013403 0.9119306731156792 0.10293698317650414 0.10278113663845224
11 0.09709153122326776 0.6136638452237001 0.12175648702594812 0.11729141475211609
13 0.1169090390647277 0.3158000806126562 0.09808953521528373 0.09310761789600967
13 0.5913886512688908 0.9137444578798872 0.11405759908753922 0.08625554212011285
11 0.31408611348731114 0.05663039097138251 0.08867978329056174 0.10923014913341395
9 0.14856002281151984 0.06287787182587666 0.0872540633019675 0.12575574365175332
12 0.05988023952095809 0.05925030229746071 0.0855431993156544 0.1128577186618299
5 0.23966353008269178 0.2557436517533253 0.44967208440262335 0.28657799274486095
5 0.7182777302537782 0.25372833534864975 0.5269461077844312 0.2841596130592503
4 0.49187339606501285 0.5330511890366788 0.981465640148275 0.33252720677146314
6 0.17308240661534077 0.848851269649335 0.3153692614770459 0.3014913341394599
6 0.40818363273453095 0.8434099153567111 0.2112917023096664 0.3123740427247078
6 0.6114913031080697 0.8434099153567111 0.1816367265469062 0.3123740427247078
6 0.8421727972626177 0.8405884723901653 0.3150841174793271 0.313180169286578
3 0.49543769603649845 0.06912535268037082 0.9806102081551185 0.13825070536074163
3 0.49985742800114064 0.2513099556630391 0.9997148560022813 0.27529222087867794
3 0.49985742800114064 0.5235792019347038 0.9997148560022813 0.32245062474808545
3 0.49985742800114064 0.828093510681177 0.9997148560022813 0.32204756146715036
