7 0.10849729113202168 0.20999596936719067 0.12917023096663816 0.04917372027408303
7 0.3597091531223268 0.20415155179363162 0.0943826632449387 0.044740024183796856
7 0.6019389791844882 0.20475614671503428 0.11633875106929 0.05723498589278517
7 0.8092386655260907 0.20838371624345023 0.06330196749358427 0.05481660620717453
7 0.2439406900484745 0.45787988714228134 0.3618477331052182 0.06368399838774688
7 0.7639007698887939 0.47178557033454255 0.3627031650983747 0.06731156791616284
7 0.21585400627316798 0.7412333736396615 0.3467351012261192 0.06852075775896817
7 0.7611919019104648 0.7634018540910923 0.2985457656116339 0.06610237807335752
1 0.11876247504990022 0.2962515114873035 0.12118619903051042 0.10076582023377671
1 0.3532934131736527 0.2871825876662636 0.11462788708297691 0.11406690850463523
1 0.5829769033361848 0.28617492946392586 0.11662389506700885 0.10076582023377671
1 0.8190761334473909 0.28698105602579604 0.07670373538637013 0.10076582023377671
1 0.2225548902195609 0.5552196694881096 0.33504419731964646 0.13341394598952036
1 0.7547761619617908 0.5388956066102378 0.3033932135728543 0.08061265618702136
1 0.8254918733960651 0.581217251108424 0.2035928143712575 0.15558242644095124
1 0.2368120901055033 0.8474405481660621 0.35728542914171657 0.1535671100362757
1 0.8317650413458797 0.8587263200322451 0.17678927858568577 0.13341394598952036
8 0.20872540633019676 0.2686416767432487 0.09010550327915598 0.10842402257154374
8 0.22540633019674938 0.07275292220878678 0.1251782149985743 0.12212817412333737
9 0.09224408326204735 0.08343409915356712 0.13316224693470202 0.12978637646110439
10 0.4499572284003422 0.27388149939540507 0.09124607927003137 0.13663845223700122
10 0.3632734530938124 0.07456670697299476 0.12033076703735388 0.10076582023377671
10 0.6856287425149701 0.27267230955259975 0.08867978329056174 0.12293430068520758
10 0.8876532648987739 0.2571543732365982 0.071285999429712 0.1120515920999597
11 0.4526660963786713 0.5425231761386538 0.11719418306244654 0.1700927045546151
11 0.6526946107784432 0.6235388956066102 0.12432278300541774 0.11769447803305119
12 0.61633875106929 0.06489318823055219 0.13544339891645282 0.0951229343006852
12 0.6709438266324494 0.8756549778315196 0.11177644710578843 0.1309955663039097
12 0.47205588822355293 0.8385731559854898 0.11491303108069575 0.1463119709794438
13 0.4874536641003707 0.06771463119709795 0.11719418306244654 0.10721483272873841
6 0.14798973481608213 0.2642079806529625 0.2606216139150271 0.24304715840386942
6 0.39021956087824355 0.2672309552599758 0.23125178214998576 0.23216444981862153
6 0.6224693470202453 0.26844014510278114 0.251497005988024 0.24506247480854496
6 0.8739663530082692 0.26763401854091096 0.251497005988024 0.24506247480854496
5 0.2971200456230397 0.5453446191051995 0.5617336755061306 0.3079403466344216
5 0.7589107499287141 0.5582426440951229 0.44910179640718567 0.31358323256751314
5 0.30182492158540064 0.8284965739621121 0.5551753635585971 0.3010882708585248
5 0.7852865697177075 0.841193067311568 0.42885657256914744 0.2724707779121322
3 0.5025662959794697 0.07295445384925434 0.98517251211862 0.14590890769850867
3 0.5071285999429712 0.2607819427650141 0.98517251211862 0.24989923417976623
3 0.5071285999429712 0.5532043530834341 0.98517251211862 0.3164046755340589
3 0.5071285999429712 0.8413945989520355 0.98517251211862 0.3164046755340589
