7 0.12717422298260622 0.22168480451430875 0.1174793270601654 0.05239822652156389
7 0.33989164528086685 0.2783151954856913 0.12603364699173084 0.035872632003224506
7 0.5402053036783576 0.2629987908101572 0.13088109495295125 0.05280128980249899
7 0.7747362418021101 0.2607819427650141 0.16709438266324494 0.05723498589278517
7 0.2302537781579698 0.46533655783958083 0.15996578272027376 0.05602579604997985
7 0.5085543199315655 0.44014510278113667 0.08297690333618478 0.05481660620717453
7 0.39364128885086974 0.7041515517936316 0.5996578272027374 0.06368399838774688
1 0.11134873110921016 0.3033051189036679 0.07442258340461934 0.10197501007658202
1 0.35101226119190193 0.3274889157597743 0.11804961505560309 0.05844417573559049
1 0.5501853435985173 0.32083837162434503 0.14399771884801826 0.04917372027408303
1 0.786142001710864 0.31297863764611045 0.1727972626176219 0.044740024183796856
1 0.2321072141431423 0.5497783151954857 0.14200171086398633 0.09754131398629586
1 0.48517251211861995 0.5435308343409916 0.2249786142001711 0.11003627569528417
1 0.3862275449101797 0.800080612656187 0.6144853150841175 0.12091898428053205
12 0.8166524094667807 0.7579604997984684 0.1733675506130596 0.1777509068923821
12 0.5145423438836613 0.0743651753325272 0.1092101511263188 0.11406690850463523
12 0.4051896207584831 0.45848448206368403 0.09352723125178215 0.07859733978234583
11 0.19617907043056745 0.3186215235792019 0.09181636726546907 0.12777106005642885
11 0.10536070715711435 0.509471987101975 0.10065583119475335 0.11769447803305119
11 0.5176789278585686 0.19931479242241032 0.10293698317650414 0.08182184602982669
8 0.7445109780439122 0.18984280532043532 0.12603364699173084 0.09189842805320436
10 0.29155973766752213 0.08948004836759371 0.14342743085258056 0.13784764207980654
11 0.1323068149415455 0.09572752922208787 0.2053036783575706 0.15437323659814592
10 0.313373253493014 0.2106005642885933 0.10607356715141147 0.07940346634421605
6 0.15340747077274025 0.29665457476823864 0.22184203022526378 0.24506247480854496
6 0.3491588252067294 0.2837565497783152 0.18505845451953237 0.2482869810560258
6 0.5429141716566867 0.2666263603385732 0.20758483033932137 0.24465941152760984
6 0.7852865697177075 0.24889157597742848 0.2629027658967779 0.25594518339379285
5 0.18605645851154834 0.5199516324062878 0.29227259766181923 0.2241031841999194
5 0.49187339606501285 0.5054413542926239 0.31137724550898205 0.23297057638049173
4 0.5085543199315655 0.7799274486094318 0.9321357285429143 0.31600161225312373
3 0.5011405759908755 0.07678355501813786 0.9726261762189906 0.1479242241031842
3 0.5064157399486742 0.2593712212817412 0.9763330481893356 0.27932285368802906
3 0.5112631879098946 0.5028214429665457 0.9763330481893356 0.27932285368802906
3 0.5115483319076134 0.764006449012495 0.9763330481893356 0.27932285368802906
