7 0.28885086968919305 0.22551390568319227 0.4476760764185914 0.06972994760177348
7 0.3152266894781865 0.4836759371221282 0.27972626176218995 0.07496977025392987
7 0.7517821499857429 0.46231358323256755 0.27972626176218995 0.0886739218057235
7 0.2701739378386085 0.7327690447400242 0.20844026233247792 0.06932688432083838
7 0.7363843741089251 0.7299476017734785 0.274023381807813 0.07980652962515115
1 0.38366124893071 0.2938331318016929 0.6629597946963217 0.12978637646110439
1 0.2927003136583975 0.5775896815800081 0.2677502138579983 0.1241434905280129
1 0.7497861420017109 0.5671100362756953 0.2677502138579983 0.13220475614671504
1 0.2844311377245509 0.8234582829504232 0.22098659823210723 0.11850060459492141
1 0.7445109780439122 0.8162031438935913 0.28742514970059885 0.14026602176541716
12 0.5473339036213288 0.5362756952841596 0.11491303108069575 0.12212817412333737
12 0.5387795836897634 0.7551390568319226 0.11491303108069575 0.12212817412333737
12 0.11362988309096095 0.8022974607013301 0.11491303108069575 0.12212817412333737
12 0.09566581123467352 0.5580411124546554 0.1246079270031366 0.12132204756146715
12 0.8166524094667807 0.27106005642885933 0.16424294268605646 0.11970979443772672
9 0.32078699743370404 0.08504635227730754 0.15112631879098945 0.1418782748891576
10 0.46264613629883095 0.0761789600967352 0.1400057028799544 0.14429665457476826
10 0.5969489592244084 0.07194679564691657 0.1400057028799544 0.14389359129383314
11 0.12674650698602796 0.09290608625554213 0.20501853435985173 0.1600161225312374
4 0.4938694040490448 0.3016928657799275 0.9472483604220132 0.28012898024989924
5 0.2392358140861135 0.5491737202740831 0.4505275163957799 0.25755743651753327
5 0.6917593384659253 0.541515517936316 0.4505275163957799 0.25755743651753327
5 0.22512118619903052 0.7990729544538493 0.45024237239806103 0.25755743651753327
5 0.6809238665526092 0.7966545747682386 0.4505275163957799 0.25755743651753327
