7 0.18063872255489025 0.2581620314389359 0.1816367265469062 0.053607416364369206
7 0.21827773025377817 0.5088673921805724 0.2392358140861135 0.06247480854494156
7 0.6266039349871686 0.5070536074163644 0.2842885657256915 0.06610237807335752
7 0.18819503849443972 0.7182587666263603 0.12033076703735388 0.06690850463522774
7 0.42728828058169377 0.7251108424022572 0.08867978329056174 0.060459492140266025
7 0.6397205588822356 0.7349858927851673 0.08240661534074709 0.06731156791616284
7 0.8634160250926719 0.7164449818621524 0.09124607927003137 0.050382910116888356
1 0.4147419446820645 0.3307134220072552 0.6447105788423154 0.1479242241031842
1 0.19133162246934704 0.5816203143893591 0.21043627031650985 0.10318419991938735
1 0.6380096948959225 0.5798065296251512 0.2962646136298831 0.09068923821039904
1 0.18947818648417453 0.8313180169286578 0.12118619903051042 0.1592099959693672
1 0.1536926147704591 0.8627569528415961 0.17165668662674652 0.0471584038694075
1 0.43170801254633595 0.807335751713019 0.09751924721984603 0.10399032648125756
1 0.40276589677787283 0.8401854091092302 0.15540347875677218 0.07859733978234583
1 0.6112061591103508 0.8385731559854898 0.1251782149985743 0.0769850866586054
1 0.8642714570858284 0.8234582829504232 0.09751924721984603 0.1410721483272874
1 0.8175078414599374 0.8474405481660621 0.1608212147134303 0.06811769447803305
12 0.763615625891075 0.7573559048770657 0.08326204733390363 0.10963321241434906
12 0.5680068434559453 0.7623941958887546 0.08326204733390363 0.09068923821039904
12 0.6250356429997149 0.08282950423216445 0.15454804676361564 0.1422813381700927
9 0.11933276304533791 0.10802095929060863 0.18848018249215856 0.15638855300282145
9 0.8701169090390648 0.3274889157597743 0.14114627887082978 0.13422007255139057
10 0.37624750499001997 0.5598548972188634 0.09723410322212718 0.0951229343006852
11 0.3421727972626176 0.7708585247883918 0.06900484744796123 0.09149536477226924
11 0.07969774736241803 0.7841596130592503 0.09039064727687483 0.12777106005642885
11 0.29940119760479045 0.09048770656993148 0.17678927858568577 0.15114873035066506
8 0.8634160250926719 0.5590487706569932 0.1448531508411748 0.1410721483272874
13 0.4617907043056744 0.08282950423216445 0.1400057028799544 0.1535671100362757
4 0.51981750784146 0.3206368399838775 0.9597946963216425 0.29302700523982267
5 0.24679213002566297 0.5558242644095123 0.4069004847447962 0.2128174123337364
5 0.7122897063016824 0.5395002015316405 0.5297975477616197 0.21402660217654174
6 0.15297975477616196 0.8127771060056429 0.27630453378956377 0.3010882708585248
6 0.3876532648987739 0.8141878274889158 0.2238380382092957 0.29181781539701734
6 0.6023666951810664 0.803708182184603 0.20786997433704021 0.3014913341394599
6 0.8217850014257201 0.803305118903668 0.24237239806102084 0.2998790810157195
3 0.5049900199600799 0.08847239016525595 0.9837467921300257 0.16888351471180976
3 0.510407755916738 0.31096332124143494 0.9786142001710865 0.2938331318016929
3 0.5059880239520959 0.5536074163643693 0.9874536641003707 0.25110842402257155
3 0.5008554319931566 0.7996775493752519 0.9977188480182493 0.3127771060056429
