7 0.46107784431137727 0.20757758968158002 0.47276874821785003 0.060459492140266025
7 0.23609923011120618 0.46009673518742444 0.29883090960935277 0.05925030229746071
7 0.7077274023381809 0.4875050382910117 0.41174793270601656 0.07859733978234583
7 0.19133162246934704 0.7317613865376864 0.21385799828913604 0.044740024183796856
7 0.4107499287140006 0.7478839177750907 0.09039064727687483 0.04796453043127771
7 0.6733675506130596 0.7372027408303103 0.14342743085258056 0.04917372027408303
7 0.872540633019675 0.7636033857315598 0.05702879954376961 0.05280128980249899
1 0.4910179640718563 0.32365981459089077 0.5457656116338752 0.15558242644095124
1 0.41859138865126894 0.34542523176138656 0.6147704590818364 0.07416364369205966
1 0.16994582264043342 0.5721483272873842 0.20929569432563447 0.14469971785570335
1 0.24565155403478758 0.5249899234179767 0.32249786142001713 0.06166868198307134
1 0.6504134587966924 0.5783958081418783 0.30966638152266895 0.14993954050785974
1 0.7058739663530084 0.5350665054413544 0.4553749643570003 0.05925030229746071
1 0.15326489877388083 0.8184199919387344 0.17422298260621616 0.10842402257154374
1 0.43056743655546054 0.8345425231761386 0.1300256629597947 0.10519951632406288
1 0.6248930710008554 0.8250705360741637 0.08468776732249787 0.11769447803305119
1 0.676504134587967 0.784764207980653 0.125748502994012 0.03708182184602983
1 0.8983461648132307 0.8458282950423217 0.09894496720844027 0.0761789600967352
8 0.425007128599943 0.07839580814187828 0.14114627887082978 0.14469971785570335
8 0.5422013116623895 0.08242644095122935 0.11092101511263189 0.14550584441757355
8 0.2728828058169376 0.8162031438935913 0.071285999429712 0.0886739218057235
8 0.851012261191902 0.6100362756952842 0.10293698317650414 0.09068923821039904
9 0.7050185343598517 0.8363563079403467 0.0784145993726832 0.06368399838774688
9 0.28115198175078415 0.08464328899637244 0.12603364699173084 0.1523579201934704
10 0.48602794411177647 0.7519145505844418 0.06814941545480468 0.06731156791616284
10 0.9349871685201028 0.7819427650141072 0.0855431993156544 0.07174526400644901
10 0.6458511548331908 0.08786779524385328 0.0855431993156544 0.16606207174526402
12 0.33675506130595956 0.5989520354695688 0.10379241516966069 0.09270455461507457
11 0.8451668092386656 0.33313180169286577 0.12774451097804393 0.12535268037081823
13 0.14385514684915884 0.26642482869810563 0.12688907898488738 0.1128577186618299
13 0.13515825491873398 0.08847239016525595 0.17907043056743657 0.1648528819024587
4 0.5165383518676933 0.29826682789197906 0.9338465925292273 0.27327690447400244
5 0.23011120615911038 0.5370818218460298 0.3912175648702595 0.27529222087867794
5 0.7003136583974908 0.5534058847239017 0.5566010835471914 0.2893994357114067
5 0.17664670658682635 0.7982668278919791 0.31907613344739094 0.2607819427650141
5 0.43598517251211866 0.8043127771060057 0.2041631023666952 0.26239419588875457
5 0.661391502708868 0.8145908907698509 0.2255489021956088 0.2571543732365982
5 0.8869404049044768 0.8250705360741637 0.2255489021956088 0.2571543732365982
3 0.5017108639863131 0.08424022571543732 0.9583689763330483 0.16848045143087464
3 0.5126889078984888 0.30048367593712216 0.9683490162532079 0.2736799677549375
3 0.5089820359281437 0.5497783151954857 0.9786142001710865 0.31035872632003225
3 0.5155403478756773 0.8103587263200323 0.9683490162532079 0.2736799677549375
