7 0.2013116623895067 0.23115679161628377 0.2321072141431423 0.05602579604997985
7 0.6110635871114913 0.18359532446594115 0.3136583974907328 0.07537283353486497
7 0.411890504704876 0.4625151148730351 0.5757057313943542 0.050382910116888356
7 0.16909039064727688 0.7978637646110439 0.21214713430282295 0.035872632003224506
7 0.47405189620758487 0.7686416767432487 0.17422298260621616 0.042724707779121324
7 0.7130025662959796 0.7724707779121323 0.14342743085258056 0.050382910116888356
7 0.9164528086683776 0.7507053607416365 0.14029084687767324 0.04232164449818622
1 0.17122897063016826 0.3200322450624748 0.1844881665240947 0.1064087061668682
1 0.6174793270601654 0.27488915759774285 0.32021670943826636 0.10076582023377671
1 0.40918163672654695 0.5552196694881096 0.671799258625606 0.11970979443772672
1 0.18562874251497008 0.8484482063683999 0.2035928143712575 0.06368399838774688
1 0.48089535215283724 0.8452237001209191 0.18619903051040776 0.1064087061668682
1 0.7164242942686057 0.861950826279726 0.1662389506700884 0.11084240225715437
1 0.9033361847733106 0.8369609028617493 0.1300256629597947 0.0939137444578799
13 0.32606216139150274 0.3022974607013301 0.13145138294838896 0.09270455461507457
13 0.12475049900199602 0.08948004836759371 0.15825491873396066 0.1531640467553406
13 0.28129455374964357 0.09048770656993148 0.1559737667522099 0.1713018943974204
9 0.8162246934702025 0.539701733172108 0.1377245508982036 0.11527609834744056
9 0.8341887653264899 0.2962515114873035 0.10692899914456802 0.10963321241434906
12 0.17735956658112348 0.7194679564691657 0.18135158254918735 0.1120515920999597
11 0.43498716852010266 0.07114066908504635 0.14171656686626746 0.13422007255139057
11 0.7647562018819505 0.06751309955663039 0.1585400627316795 0.13502619911326078
10 0.590105503279156 0.07033454252317614 0.13715426290276592 0.1309955663039097
11 0.7216994582264044 0.7170495767835551 0.1323068149415455 0.08303103587263201
11 0.4693470202452239 0.7025392986698912 0.18192187054462505 0.09834744054816606
12 0.912888508696892 0.6956872228939944 0.10749928714000571 0.08061265618702136
5 0.22512118619903052 0.2867795243853285 0.39207299686341607 0.23176138653768644
5 0.6843455945252352 0.2660217654171705 0.5315084117479327 0.2619911326078194
4 0.4934416880524665 0.5078597339782346 0.9766181921870546 0.2619911326078194
6 0.17949814656401483 0.7859733978234583 0.3025377815796978 0.31035872632003225
6 0.46449957228400346 0.7853688029020557 0.264613629883091 0.32688432083837166
6 0.7094382663244939 0.7831519548569126 0.22184203022526378 0.3377670294236195
6 0.9060450527516396 0.7700523982265216 0.18733960650128317 0.29866989117291415
3 0.5095523239235814 0.08665860540104797 0.9803250641573996 0.17331721080209594
3 0.5095523239235814 0.2720677146311971 0.9803250641573996 0.29665457476823864
3 0.5095523239235814 0.5241837968561064 0.9803250641573996 0.2672309552599758
3 0.5095523239235814 0.7974607013301088 0.9803250641573996 0.3607416364369206
