7 0.2868548617051611 0.2222893994357114 0.21613915027088682 0.022168480451430876
7 0.7453664100370688 0.1852075775896816 0.3792415169660679 0.05602579604997985
7 0.7556315939549473 0.475211608222491 0.30966638152266895 0.06932688432083838
7 0.29341317365269465 0.49717855703345426 0.22013116623895068 0.08182184602982669
7 0.27773025377815796 0.7232970576380492 0.19332763045337897 0.041515517936316006
7 0.7390932420872541 0.7557436517533253 0.330196749358426 0.06852075775896817
1 0.22740233818078132 0.3212414349052801 0.11947533504419733 0.11527609834744056
1 0.308668377530653 0.2642079806529625 0.08867978329056174 0.041515517936316006
1 0.1596806387225549 0.35268037081821846 0.16139150270886798 0.06368399838774688
1 0.7936983176504135 0.2972591696896413 0.2877102936983177 0.1656590084643289
1 0.7696036498431709 0.5804111245465539 0.29940119760479045 0.13220475614671504
1 0.6804961505560309 0.6062071745264007 0.3698317650413459 0.06932688432083838
1 0.2938408896492729 0.5806126561870214 0.22098659823210723 0.08746473196291818
1 0.24836042201311664 0.5927045546150745 0.29940119760479045 0.07376058041112454
1 0.2867122897063017 0.8291011688835147 0.21927573424579413 0.16122531237404272
1 0.23096663815226692 0.8587263200322451 0.2629027658967779 0.08585247883917775
1 0.7061591103507272 0.8710197501007658 0.30424864556601083 0.1531640467553406
1 0.6769318505845453 0.8851269649334946 0.3689763330481894 0.12091898428053205
11 0.11248930710008555 0.26481257557436516 0.11149130310806958 0.1120515920999597
10 0.5778443113772456 0.3180169286577993 0.10122611919019106 0.10399032648125756
10 0.5148274878813801 0.7690447400241839 0.10065583119475335 0.11527609834744056
10 0.2931280296549758 0.09351068117694479 0.14029084687767324 0.13462313583232569
9 0.1335899629312803 0.09693671906489319 0.1662389506700884 0.13422007255139057
8 0.10293698317650414 0.5211608222490931 0.1323068149415455 0.1120515920999597
12 0.09623609923011121 0.7765014107214833 0.14114627887082978 0.12535268037081823
12 0.5474764756201882 0.509471987101975 0.11804961505560309 0.11527609834744056
10 0.361134873110921 0.3403869407496977 0.1559737667522099 0.11326078194276502
13 0.43655546050755634 0.07557436517533253 0.1305959509552324 0.13905683192261187
5 0.2626176218990591 0.2994760177347844 0.46706586826347307 0.26844014510278114
5 0.7365269461077845 0.28053204353083433 0.46706586826347307 0.26844014510278114
5 0.22512118619903052 0.5600564288593309 0.45024237239806103 0.2672309552599758
5 0.7259766181921871 0.5715437323659814 0.5451953236384375 0.32245062474808545
5 0.21642429426860565 0.8196291817815398 0.4328485885372113 0.3147924224103184
5 0.7075848303393214 0.8422007255139057 0.5842600513259196 0.3147924224103184
3 0.5089820359281437 0.07597742845626763 0.9506700883946394 0.1422813381700927
3 0.49985742800114064 0.2815397017331721 0.9997148560022813 0.30028214429665456
3 0.49985742800114064 0.573559048770657 0.9997148560022813 0.3248690044336961
3 0.49985742800114064 0.8371624345022168 0.9997148560022813 0.3248690044336961
