7 0.1465640148274879 0.19528415961305925 0.1465640148274879 0.05602579604997985
7 0.2971200456230397 0.179161628375655 0.06729398346164814 0.06166868198307134
7 0.5156829198745366 0.1573962112051592 0.14627887082976904 0.07376058041112454
7 0.770316509837468 0.17190648931882307 0.07784431137724551 0.0471584038694075
7 0.183917878528657 0.437726723095526 0.11006558311947534 0.06368399838774688
7 0.40675791274593676 0.42422410318419995 0.07442258340461934 0.027811366384522373
7 0.6177644710578842 0.4478033051189037 0.08468776732249787 0.06368399838774688
7 0.8741089250071287 0.4465941152760984 0.1377245508982036 0.1064087061668682
7 0.15297975477616196 0.7422410318419992 0.17650413458796693 0.08182184602982669
7 0.3706871970345025 0.7345828295042321 0.1323068149415455 0.09068923821039904
7 0.5486170516110637 0.7069729947601774 0.09980039920159682 0.07416364369205966
7 0.8800969489592245 0.6981056025796051 0.14342743085258056 0.05804111245465538
1 0.11291702309666382 0.28879484079000406 0.06957513544339892 0.09955663039097139
1 0.33390362132877105 0.2821442966545748 0.1283147989734816 0.10399032648125756
1 0.5604505275163958 0.27549375251914554 0.07271171941830624 0.12212817412333737
1 0.7311092101511264 0.27549375251914554 0.1750784145993727 0.1309955663039097
1 0.18263473053892218 0.5390971382507054 0.11548331907613346 0.11003627569528417
1 0.15169660678642716 0.567714631197098 0.13800969489592246 0.09068923821039904
1 0.36156258910749933 0.5592503022974608 0.12660393498716854 0.1479242241031842
1 0.5866837753065298 0.5463522773075373 0.1394354148845167 0.12615880693268844
1 0.7814371257485031 0.5413139862958485 0.12175648702594812 0.10318419991938735
1 0.11804961505560309 0.8766626360338573 0.10379241516966069 0.13784764207980654
1 0.33903621328771033 0.8587263200322451 0.08155118334759054 0.11729141475211609
11 0.19575135443398917 0.29826682789197906 0.09267179925862562 0.10076582023377671
11 0.11248930710008555 0.07678355501813786 0.12745936698032506 0.11406690850463523
10 0.23880809808953524 0.06388553002821443 0.1234673510122612 0.09955663039097139
9 0.5374964357000286 0.447198710197501 0.07755916737952667 0.10761789600967352
9 0.9100370687197035 0.8530834340991537 0.10692899914456802 0.09955663039097139
13 0.7181351582549188 0.05723498589278517 0.13316224693470202 0.0951229343006852
13 0.8646991730824067 0.06267634018540912 0.1536926147704591 0.12454655380894801
13 0.3294838893641289 0.4459895203546957 0.09267179925862562 0.10519951632406288
13 0.20487596236099231 0.8458282950423217 0.08069575135443399 0.13180169286577995
8 0.4741944682064443 0.26320032245062475 0.08326204733390363 0.1064087061668682
12 0.08055317935557457 0.4651350261991133 0.07442258340461934 0.10963321241434906
12 0.6789278585685772 0.7273276904474003 0.1020815511833476 0.11648528819024587
8 0.41944682064442546 0.8369609028617493 0.07927003136583975 0.10519951632406288
13 0.6827773025377817 0.1713018943974204 0.09267179925862562 0.09995969367190649
1 0.614627887082977 0.8291011688835147 0.17650413458796693 0.13865376864167675
1 0.8716852010265185 0.7692462716646514 0.15226689478186486 0.05280128980249899
1 0.8186484174508127 0.8347440548166063 0.060450527516395784 0.12978637646110439
6 0.14100370687197036 0.2529222087867795 0.21471343028229256 0.23821039903264812
6 0.340604505275164 0.2392180572349859 0.1987453664100371 0.2503022974607013
6 0.5142571998859424 0.228335348649738 0.1987453664100371 0.2503022974607013
6 0.7322497861420018 0.23518742442563484 0.245794126033647 0.26320032245062475
6 0.1360136869118905 0.5106811769447803 0.2469347020245224 0.27811366384522374
6 0.36583974907328204 0.5114873035066506 0.21499857428001143 0.2950423216444982
6 0.5777017393783861 0.5026199113260782 0.21499857428001143 0.2950423216444982
6 0.8414599372683206 0.5040306328093511 0.29826062161391503 0.2873841193067312
6 0.14499572284003423 0.8178153970173317 0.2557741659538067 0.3313180169286578
6 0.38138009694895925 0.8057234985892785 0.21699458226404336 0.32245062474808545
6 0.6179070430567437 0.7970576380491737 0.2651839178785287 0.3301088270858525
6 0.8775306529797549 0.8113663845223701 0.24436840604505278 0.34099153567110035
8 0.7542058739663531 0.439540507859734 0.08155118334759054 0.0939137444578799
3 0.5075563159395495 0.06025796049979847 0.9843170801254635 0.11970979443772672
3 0.49985742800114064 0.24203950020153164 0.9997148560022813 0.2809351068117695
3 0.49985742800114064 0.4979846835953245 0.9997148560022813 0.2809351068117695
3 0.49985742800114064 0.8170092704554616 0.9997148560022813 0.35066505441354295
