7 0.4161676646706587 0.1841999193873438 0.3880809808953522 0.02902055622732769
7 0.26931850584545197 0.4175735590487707 0.09096093527231253 0.05239822652156389
7 0.4345594525235244 0.4097138250705361 0.06957513544339892 0.06166868198307134
7 0.6221842030225264 0.4085046352277308 0.11405759908753922 0.050382910116888356
7 0.8502994011976048 0.4254332930270053 0.14713430282292558 0.03667875856509472
7 0.18377530652979757 0.7910116888351472 0.197034502423724 0.044740024183796856
7 0.47333903621328777 0.7900040306328094 0.14884516680923868 0.07174526400644901
7 0.6712289706301683 0.8059250302297462 0.16481323068149417 0.050382910116888356
7 0.8763900769888795 0.7994760177347844 0.1251782149985743 0.04796453043127771
1 0.4589392643284859 0.2625957275292221 0.42457941260336474 0.10519951632406288
1 0.2035928143712575 0.507658202337767 0.22412318220701455 0.08746473196291818
1 0.39606501283147993 0.4965739621120516 0.09923011120615911 0.09834744054816606
1 0.6020815511833476 0.5032245062474808 0.08639863130881095 0.09875050382910118
1 0.6281722269746223 0.4689641273679968 0.1323068149415455 0.041515517936316006
1 0.46022241231822075 0.8817009270455461 0.1323068149415455 0.09633212414349053
1 0.187624750499002 0.8571140669085047 0.2053036783575706 0.09633212414349053
1 0.6706586826347306 0.8841193067311568 0.1568291987453664 0.08504635227730754
1 0.872540633019675 0.8927851672712617 0.142571998859424 0.12978637646110439
1 0.8162246934702025 0.5255945183393793 0.07442258340461934 0.12978637646110439
1 0.8701169090390648 0.4780330511890367 0.13316224693470202 0.04594921402660218
11 0.14613629883090962 0.25493752519145507 0.14399771884801826 0.1422813381700927
11 0.4744796122041631 0.5312374042724708 0.09923011120615911 0.09592906086255543
10 0.8883661248930711 0.7339782345828295 0.11719418306244654 0.09189842805320436
10 0.6820644425434845 0.7573559048770657 0.11633875106929 0.08303103587263201
10 0.4597946963216425 0.7176541717049577 0.12974051896207586 0.10439338976219267
10 0.19332763045337897 0.7204756146715035 0.11177644710578843 0.0939137444578799
9 0.875249500998004 0.2531237404272471 0.1559737667522099 0.11527609834744056
9 0.8910749928714001 0.5407093913744458 0.09409751924721986 0.08182184602982669
8 0.12204163102366695 0.08121725110842402 0.12432278300541774 0.14550584441757355
11 0.24950099800399203 0.07476823861346232 0.1465640148274879 0.14953647722692465
13 0.1619617907043057 0.4181781539701733 0.10778443113772455 0.09875050382910118
8 0.6796407185628743 0.5419185812172511 0.09723410322212718 0.08182184602982669
13 0.3731109210151127 0.07114066908504635 0.13373253493013973 0.13422007255139057
12 0.5085543199315655 0.07114066908504635 0.14970059880239522 0.13905683192261187
4 0.5085543199315655 0.24123337363966144 0.9133162246934703 0.27529222087867794
6 0.1797832905617337 0.4814590890769851 0.29227259766181923 0.2809351068117695
6 0.4285714285714286 0.4848851269649335 0.20986598232107215 0.27650141072148327
6 0.637154262902766 0.4921402660217654 0.2415169660678643 0.27972591696896415
6 0.8455945252352438 0.5002015316404675 0.2415169660678643 0.27972591696896415
6 0.1763615625891075 0.7789197904070939 0.2979754776161962 0.32365981459089077
6 0.44653550042771606 0.8004836759371221 0.23895067008839466 0.3482466747279323
6 0.6581123467351013 0.8085449415558243 0.23895067008839466 0.3482466747279323
6 0.8802395209580839 0.8170092704554616 0.23895067008839466 0.3482466747279323
3 0.5079840319361277 0.08927851672712617 0.9834616481323069 0.17855703345425233
3 0.5124037639007699 0.24647319629181783 0.9746221842030226 0.2583635630794035
3 0.5012831479897348 0.48871422813381704 0.9968634160250928 0.3502619911326078
3 0.5044197319646422 0.8071342200725514 0.9905902480752781 0.38492543329302703
