9 0.1311662389506701 0.08162031438935913 0.13800969489592246 0.1309955663039097
9 0.2748788138009695 0.08605401047964531 0.14314228685486172 0.15114873035066506
8 0.5762760193897919 0.0761789600967352 0.142571998859424 0.11769447803305119
8 0.5588822355289421 0.7412333736396615 0.09181636726546907 0.1128577186618299
11 0.17308240661534077 0.5542120112857719 0.14884516680923868 0.10882708585247884
11 0.4811804961505561 0.5372833534864974 0.1536926147704591 0.1064087061668682
11 0.8685486170516111 0.5453446191051995 0.12375249500998005 0.0951229343006852
11 0.6693755346449958 0.3091495364772269 0.11491303108069575 0.0951229343006852
10 0.48003992015968067 0.3569125352680371 0.0784145993726832 0.09955663039097139
10 0.26404334188765327 0.3371624345022169 0.11405759908753922 0.09955663039097139
10 0.8733960650128315 0.7994760177347844 0.15055603079555177 0.1285771866182991
8 0.3679783290561734 0.7906086255542121 0.17422298260621616 0.1713018943974204
13 0.42172797262617623 0.07940346634421605 0.1568291987453664 0.15558242644095124
12 0.899771884801825 0.3027005239822652 0.0943826632449387 0.1120515920999597
12 0.12275449101796408 0.7583635630794034 0.12745936698032506 0.11648528819024587
7 0.1775021385799829 0.21946795646916567 0.20672939834616483 0.09068923821039904
7 0.4294268605645851 0.218863361547763 0.14029084687767324 0.07416364369205966
7 0.6328771029369832 0.17412333736396615 0.13715426290276592 0.046755340588472395
7 0.8388936412888509 0.1600161225312374 0.12603364699173084 0.07255139056831923
7 0.4364128885086969 0.4635227730753729 0.7182777302537782 0.08141878274889158
7 0.3252067293983462 0.6890366787585651 0.24721984602224126 0.05844417573559049
7 0.7758768177929856 0.6997178557033454 0.2805816937553465 0.06610237807335752
1 0.3351867693185059 0.5413139862958485 0.13544339891645282 0.11608222490931076
1 0.6854861705161107 0.5519951632406288 0.24237239806102084 0.13744457879887143
1 0.3956372968349017 0.3202337767029424 0.06986027944111776 0.1422813381700927
1 0.42728828058169377 0.2708585247883918 0.11890504704875964 0.05239822652156389
1 0.6424294268605646 0.24506247480854496 0.15739948674080412 0.07496977025392987
1 0.8585685771314514 0.22954453849254333 0.15283718277730254 0.056831922611850064
1 0.8118049615055604 0.2893994357114067 0.08953521528371829 0.1725110842402257
1 0.13629883090960937 0.3101571946795647 0.1305959509552324 0.11729141475211609
1 0.24522383803820932 0.7998790810157195 0.13287710293698318 0.16807738814993956
1 0.19019104647847165 0.8514711809754132 0.219560878243513 0.0761789600967352
1 0.7088679783290562 0.8178153970173317 0.20986598232107215 0.18137847642079807
1 0.654975762760194 0.8514711809754132 0.2954091816367266 0.1301894397420395
6 0.1775021385799829 0.27267230955259975 0.30025662959794697 0.2841596130592503
6 0.4361277445109781 0.2851672712615881 0.21984602224123184 0.2769044740024184
6 0.6303108069575136 0.2686416767432487 0.21984602224123184 0.2769044740024184
6 0.846307385229541 0.25796049979846836 0.2475049900199601 0.32245062474808545
4 0.5088394639292844 0.5304312777106006 0.9817507841459938 0.25957275292220877
5 0.24864556601083548 0.7769044740024185 0.4476760764185914 0.2946392583635631
5 0.7274023381807814 0.7843611446997178 0.5446250356429998 0.3200322450624748
3 0.5011405759908755 0.08282950423216445 0.9726261762189906 0.15114873035066506
3 0.4977188480182493 0.2569528415961306 0.9954376960364986 0.31559854897218864
3 0.49543769603649845 0.533857315598549 0.9908753920729969 0.2760983474405482
3 0.501996007984032 0.7859733978234583 0.9954376960364986 0.3240628778718259
