7 0.15012831479897348 0.2154373236598146 0.17878528656971773 0.06731156791616284
7 0.6132021670943827 0.19407496977025393 0.32078699743370404 0.06489318823055219
7 0.13900769888793843 0.46856106408706166 0.18676931850584547 0.05118903667875857
7 0.3481608212147135 0.47642079806529625 0.16481323068149417 0.06690850463522774
7 0.5905332192757343 0.48730350665054417 0.13458796692329628 0.05239822652156389
7 0.8306244653550043 0.4619105199516324 0.20587396635300828 0.07174526400644901
7 0.16837753065297978 0.7025392986698912 0.2249786142001711 0.05401047964530432
7 0.6638152266894782 0.7289399435711407 0.2999714856002281 0.05925030229746071
1 0.18291987453664102 0.31620314389359133 0.2415169660678643 0.13663845223700122
1 0.6270316509837468 0.29786376461104397 0.32620473339036216 0.1354292623941959
1 0.594810379241517 0.5044336960902862 0.1733675506130596 0.0471584038694075
1 0.5520387795836899 0.5608625554212011 0.06729398346164814 0.11729141475211609
1 0.7763045337895638 0.5501813784764208 0.10236669518106645 0.12091898428053205
1 0.6582549187339607 0.828093510681177 0.29683490162532084 0.13663845223700122
1 0.1793555745651554 0.8065296251511488 0.2566295979469632 0.16122531237404272
1 0.10422013116623896 0.56590084643289 0.12175648702594812 0.12091898428053205
1 0.31565440547476475 0.5731559854897219 0.10436270316509838 0.1128577186618299
9 0.33304818933561453 0.24909310761789602 0.1157684630738523 0.12575574365175332
1 0.7011690903906473 0.09149536477226924 0.13686911890504705 0.12656187021362356
1 0.8761049329911607 0.556428859330915 0.1228970630168235 0.1285771866182991
11 0.8658397490732821 0.23337363966142685 0.11947533504419733 0.1120515920999597
11 0.282435129740519 0.07900040306328093 0.15996578272027376 0.12978637646110439
11 0.17864271457085829 0.577186618299073 0.10293698317650414 0.10721483272873841
11 0.3964927288280582 0.5912938331318017 0.09666381522668949 0.11769447803305119
12 0.3818078129455375 0.7920193470374849 0.1020815511833476 0.13220475614671504
12 0.870829769033362 0.8329302700523983 0.12204163102366695 0.1487303506650544
8 0.6353008269175935 0.5816203143893591 0.10379241516966069 0.10560257960499798
10 0.41859138865126894 0.0761789600967352 0.12660393498716854 0.14429665457476826
13 0.5604505275163958 0.07900040306328093 0.14114627887082978 0.14349052801289802
10 0.13401767892785857 0.08625554212011285 0.15283718277730254 0.14671503426037888
5 0.22141431422868552 0.27932285368802906 0.40404904476760767 0.2619911326078194
5 0.7018819503849445 0.27549375251914554 0.5614485315084118 0.2607819427650141
5 0.24294268605645852 0.8006852075775898 0.46535500427716 0.3010882708585248
5 0.7255489021956089 0.8012898024989924 0.5032791559737668 0.3014913341394599
6 0.1382948388936413 0.5334542523176139 0.23267750213858 0.264006449012495
6 0.35700028514399773 0.5407093913744458 0.23267750213858 0.264006449012495
6 0.5888223552894212 0.5328496573962113 0.24123182207014543 0.2789197904070939
6 0.8314798973481609 0.5352680370818219 0.26575420587396636 0.282950423216445
3 0.5055603079555175 0.08665860540104797 0.9883090960935274 0.17331721080209594
3 0.5055603079555175 0.27972591696896415 0.9883090960935274 0.2789197904070939
3 0.5001425719988595 0.5362756952841596 0.9883090960935274 0.27932285368802906
3 0.5055603079555175 0.8047158403869408 0.9883090960935274 0.34461910519951633
