7 0.2583404619332763 0.24123337363966144 0.24465355004277162 0.06972994760177348
7 0.7172797262617623 0.24123337363966144 0.12688907898488738 0.05602579604997985
7 0.6978899344168806 0.4780330511890367 0.23068149415454806 0.06852075775896817
7 0.33661248930710014 0.490528012898025 0.16395779868833762 0.07496977025392987
7 0.13715426290276592 0.747279322853688 0.09580838323353294 0.042724707779121324
7 0.46107784431137727 0.7601773478436115 0.05132591958939265 0.032245062474808545
7 0.7072996863416026 0.7595727529222088 0.10065583119475335 0.05844417573559049
7 0.897063016823496 0.7583635630794034 0.09523809523809525 0.035872632003224506
1 0.24793270601653838 0.33031035872632003 0.2432278300541774 0.11084240225715437
1 0.7396635300826918 0.32627972591696897 0.19389791844881668 0.0939137444578799
1 0.3637011690903907 0.5816203143893591 0.228970630168235 0.10560257960499798
1 0.7097234103222128 0.596130592503023 0.23666951810664388 0.1588069326884321
1 0.16039349871685202 0.8462313583232568 0.12688907898488738 0.1309955663039097
1 0.46378671228970636 0.8184199919387344 0.09210151126318791 0.0882708585247884
1 0.6665240946678073 0.8641676743248691 0.08069575135443399 0.14671503426037888
1 0.8587111491303109 0.8597339782345829 0.04362703165098375 0.11769447803305119
1 0.8883661248930711 0.8879484079000404 0.06016538351867694 0.06368399838774688
9 0.9154548046763616 0.30511890366787586 0.13373253493013973 0.13865376864167675
9 0.42386655260906764 0.3174123337363966 0.1086398631308811 0.11003627569528417
9 0.9061876247504991 0.5862555421201129 0.1448531508411748 0.12293430068520758
12 0.34431137724550903 0.08162031438935913 0.17422298260621616 0.1309955663039097
12 0.7564870259481038 0.07376058041112454 0.13857998289136014 0.0951229343006852
12 0.28043912175648705 0.8143893591293834 0.13544339891645282 0.13422007255139057
12 0.5504704875962362 0.8250705360741637 0.10692899914456802 0.12656187021362356
12 0.741374394069005 0.8512696493349456 0.09580838323353294 0.10076582023377671
12 0.9311377245508983 0.8206368399838775 0.10464784716281723 0.09754131398629586
10 0.1465640148274879 0.5350665054413544 0.15625891074992873 0.13341394598952036
10 0.5441973196464215 0.0743651753325272 0.23182207014542347 0.12535268037081823
13 0.15412033076703738 0.08907698508665861 0.1679498146564015 0.13220475614671504
5 0.2805816937553465 0.284764207980653 0.5252352437981181 0.28012898024989924
5 0.77972626176219 0.29222087867795243 0.4399771884801825 0.28133817009270456
5 0.25677216994582264 0.5620717452640065 0.49472483604220135 0.2833534864973801
5 0.7523524379811806 0.5725513905683193 0.49472483604220135 0.2833534864973801
6 0.2035928143712575 0.8141878274889158 0.35528942115768464 0.29826682789197906
6 0.4961505560307956 0.8174123337363967 0.24123182207014543 0.2990729544538493
6 0.7095808383233534 0.8313180169286578 0.20045623039635016 0.2841596130592503
6 0.8993441688052467 0.8462313583232568 0.20074137439406903 0.2841596130592503
3 0.5095523239235814 0.07376058041112454 0.9803250641573996 0.1418782748891576
3 0.5095523239235814 0.30088673921805725 0.9803250641573996 0.3043127771060057
3 0.5095523239235814 0.5665054413542926 0.9803250641573996 0.3043127771060057
3 0.5095523239235814 0.8474405481660621 0.9803250641573996 0.3043127771060057
