7 0.20316509837467922 0.21221281741233375 0.20102651839178787 0.07859733978234583
7 0.1429997148560023 0.5161225312374043 0.12175648702594812 0.0705360741636437
7 0.45508982035928147 0.5268037081821846 0.13629883090960937 0.06932688432083838
7 0.7077274023381809 0.5328496573962113 0.0872540633019675 0.07496977025392987
7 0.9073282007413744 0.51894397420395 0.11234673510122613 0.05602579604997985
7 0.21813515825491875 0.7765014107214833 0.22811519817507844 0.0761789600967352
7 0.6056458511548333 0.803305118903668 0.1710863986313088 0.04917372027408303
1 0.13743940690048476 0.6118500604594922 0.16139150270886798 0.1588069326884321
1 0.22868548617051612 0.5636839983877469 0.11405759908753922 0.035872632003224506
1 0.4277159965782721 0.6455058444175736 0.09580838323353294 0.13422007255139057
1 0.7070145423438837 0.5916968964127368 0.12974051896207586 0.04030632809351068
1 0.8467351012261193 0.637646110439339 0.04990019960079841 0.14349052801289802
1 0.9001996007984032 0.5810157194679565 0.14884516680923868 0.04393389762192664
1 0.6680923866552609 0.8694074969770255 0.2771599657827203 0.08948004836759371
1 0.21670943826632452 0.8665860540104797 0.26632449386940404 0.11769447803305119
1 0.4171656686626747 0.3252720677146312 0.3056743655546051 0.15477629987908104
1 0.6511263187909895 0.33373639661426846 0.16395779868833762 0.16444981862152358
1 0.7351012261191903 0.38452237001209194 0.25719988594240095 0.060459492140266025
12 0.1097804391217565 0.0916968964127368 0.10949529512403765 0.1309955663039097
12 0.15283718277730254 0.35429262394195893 0.1733675506130596 0.15477629987908104
9 0.8926432848588538 0.8454252317613866 0.12745936698032506 0.11084240225715437
10 0.33860849729113207 0.08887545344619105 0.10464784716281723 0.12535268037081823
13 0.8162246934702025 0.2636033857315599 0.1822070145423439 0.14349052801289802
13 0.3957798688337611 0.8446191051995163 0.10607356715141147 0.13663845223700122
10 0.2728828058169376 0.6449012494961709 0.11861990305104078 0.11527609834744056
11 0.22055888223552897 0.0939137444578799 0.1234673510122612 0.13784764207980654
11 0.7152837182777303 0.6634421604191858 0.10521813515825493 0.11850060459492141
11 0.5327915597376676 0.6773478436114471 0.11890504704875964 0.1060056428859331
10 0.9184488166524095 0.6606207174526401 0.1157684630738523 0.1354292623941959
4 0.5096948959224409 0.3111648528819025 0.9395494724836043 0.32567513099556633
6 0.19332763045337897 0.5916968964127368 0.33646991730824066 0.2668278919790407
6 0.48089535215283724 0.6023780733575171 0.27630453378956377 0.30350665054413545
6 0.7058739663530084 0.5989520354695688 0.20045623039635016 0.30310358726320036
6 0.8944967208440263 0.6110439338976219 0.21043627031650985 0.2893994357114067
5 0.2480752780153978 0.8486497380088674 0.46022241231822075 0.25675130995566303
5 0.7328200741374394 0.8704151551793632 0.4898773880809809 0.2551390568319226
3 0.5099800399201597 0.08182184602982669 0.979469632164243 0.15800080612656187
3 0.5099800399201597 0.32245062474808545 0.979469632164243 0.343409915356711
3 0.5099800399201597 0.601975010076582 0.979469632164243 0.31076178960096734
3 0.5099800399201597 0.8446191051995163 0.979469632164243 0.2599758162031439
