7 0.3782435129740519 0.17815397017331722 0.16966067864271459 0.03466344216041919
7 0.147276874821785 0.3851269649334946 0.13544339891645282 0.04554615074566707
7 0.3501568291987454 0.3923821039903265 0.07984031936127745 0.06731156791616284
7 0.6009409751924722 0.3778718258766626 0.13145138294838896 0.05602579604997985
7 0.7985457656116339 0.37908101571946795 0.10065583119475335 0.06731156791616284
7 0.24565155403478758 0.6717049576783556 0.29056173367550614 0.08424022571543732
7 0.6439977188480183 0.6682789197904071 0.14513829483889365 0.08383716243450222
1 0.11491303108069575 0.47964530431277713 0.08782435129740519 0.1120515920999597
1 0.3488736812090106 0.486900443369609 0.08867978329056174 0.1064087061668682
1 0.5680068434559453 0.49193873438129787 0.06558311947533504 0.13422007255139057
1 0.7944111776447106 0.4840790004030633 0.08953521528371829 0.12978637646110439
1 0.8440262332477902 0.5485691253526804 0.09352723125178215 0.04353083434099154
1 0.22939834616481325 0.8014913341394599 0.2837182777302538 0.1422813381700927
1 0.6475620188195039 0.7871825876662636 0.20758483033932137 0.1354292623941959
1 0.8122326775021387 0.6874244256348246 0.1092101511263188 0.08424022571543732
9 0.21870544625035646 0.23559048770656993 0.09580838323353294 0.10519951632406288
9 0.20715711434274311 0.0912938331318017 0.09039064727687483 0.12535268037081823
9 0.2891360136869119 0.0882708585247884 0.08953521528371829 0.12656187021362356
9 0.36669518106643856 0.08061265618702136 0.09580838323353294 0.11769447803305119
9 0.46692329626461365 0.07275292220878678 0.11092101511263189 0.12615880693268844
8 0.4483889364128885 0.7756952841596131 0.09096093527231253 0.11729141475211609
10 0.654975762760194 0.4943571140669085 0.09580838323353294 0.11406690850463523
12 0.9073282007413744 0.43631600161225315 0.11234673510122613 0.1301894397420395
12 0.21585400627316798 0.47339782345828296 0.09980039920159682 0.11084240225715437
13 0.12090105503279157 0.2434502216848045 0.09980039920159682 0.11446997178557033
9 0.10735671514114628 0.09834744054816606 0.10293698317650414 0.12656187021362356
1 0.5798403193612774 0.2434502216848045 0.5506130595950955 0.094316807738815
12 0.8353293413173654 0.8045143087464732 0.09666381522668949 0.10318419991938735
11 0.4469632164242943 0.4820636839983878 0.09096093527231253 0.1120515920999597
4 0.4931565440547477 0.22370012091898428 0.9298545765611634 0.21604191858121727
6 0.1561163387510693 0.45002015316404675 0.23695466210436272 0.2607819427650141
6 0.37653264898773886 0.45485691253526805 0.23695466210436272 0.2607819427650141
6 0.6020815511833476 0.4572752922208787 0.24493869404049046 0.28496573962112054
6 0.8575705731394355 0.4594921402660218 0.28029654975762763 0.2958484482063684
5 0.28229255774165957 0.7579604997984684 0.47048759623609926 0.3188230552196695
5 0.7184203022526376 0.7636033857315598 0.4473909324208726 0.33252720677146314
3 0.5014257199885943 0.07839580814187828 0.9783290561733676 0.14469971785570335
3 0.503706871970345 0.22269246271664653 0.9920159680638724 0.19871019750100766
3 0.503706871970345 0.46009673518742444 0.9920159680638724 0.3147924224103184
3 0.503706871970345 0.7853688029020557 0.9920159680638724 0.35832325675131
