7 0.1568291987453664 0.2478839177750907 0.13401767892785857 0.08948004836759371
7 0.2047333903621329 0.5104796453043128 0.19332763045337897 0.06408706166868199
7 0.5577416595380668 0.5407093913744458 0.21613915027088682 0.050382910116888356
7 0.11619617907043057 0.7478839177750907 0.07442258340461934 0.05925030229746071
7 0.4673510122611919 0.7617896009673519 0.12261191901910466 0.051592099959693674
1 0.3798118049615056 0.3621523579201935 0.570287995437696 0.14550584441757355
1 0.20245223838038212 0.5870616686819831 0.18534359851725124 0.08504635227730754
1 0.5794126033646992 0.6219266424828699 0.2549187339606501 0.1120515920999597
1 0.17821499857428003 0.8133817009270455 0.21157684630738524 0.09189842805320436
1 0.4978614200171087 0.8297057638049175 0.19960079840319364 0.08182184602982669
7 0.7125748502994013 0.7819427650141072 0.05075563159395495 0.037887948407900045
1 0.7422298260621615 0.8734381297863765 0.09409751924721986 0.08625554212011285
1 0.9061876247504991 0.7819427650141072 0.10550327915597378 0.051592099959693674
1 0.90347875677217 0.8373639661426845 0.11890504704875964 0.03909713825070536
10 0.9298545765611634 0.8877468762595728 0.07356715141146279 0.07295445384925434
10 0.785429141716567 0.8083434099153567 0.08069575135443399 0.07295445384925434
10 0.5876817792985458 0.8917775090689238 0.08953521528371829 0.07859733978234583
10 0.28728257770173943 0.8901652559451835 0.09666381522668949 0.09068923821039904
9 0.09794696321642431 0.09109230149133414 0.1377245508982036 0.14993954050785974
13 0.2392358140861135 0.0796049979846836 0.15625891074992873 0.15114873035066506
8 0.8028229255774166 0.3297057638049174 0.18676931850584547 0.15638855300282145
12 0.8202167094382664 0.656187021362354 0.10464784716281723 0.0951229343006852
11 0.32606216139150274 0.607416364369206 0.08240661534074709 0.11446997178557033
4 0.49957228400342174 0.3403869407496977 0.9615055603079556 0.38653768641676745
5 0.21514114627887085 0.5691253526803708 0.36583974907328204 0.2619911326078194
5 0.6606786427145709 0.605602579604998 0.5537496435700029 0.27448609431680776
6 0.20045623039635016 0.8218460298266829 0.34616481323068155 0.3143893591293833
6 0.5082691759338467 0.8492543329302701 0.31052181351582553 0.29343006852075776
6 0.7524950099800399 0.8502619911326078 0.1910464784716282 0.25755743651753327
6 0.9111776447105789 0.8474405481660621 0.17707442258340464 0.2293430068520758
3 0.5012831479897348 0.08625554212011285 0.9968634160250928 0.1717049576783555
3 0.5052751639577987 0.3349455864570738 0.988879384088965 0.37968561064087064
3 0.5008554319931566 0.575372833534865 0.9977188480182493 0.3147924224103184
3 0.5072711719418307 0.8214429665457477 0.9848873681209012 0.30310358726320036
