7 0.4059024807527802 0.18802902055622733 0.722269746221842 0.06811769447803305
7 0.23410322212717424 0.4550584441757356 0.3661248930710009 0.046755340588472395
7 0.7573424579412604 0.4619105199516324 0.3872255489021956 0.08948004836759371
7 0.1525520387795837 0.7428456267634019 0.21214713430282295 0.060459492140266025
7 0.41160536070715714 0.7450624748085449 0.1947533504419732 0.06247480854494156
7 0.634160250926718 0.7388149939540508 0.14086113487311094 0.05723498589278517
7 0.8622754491017964 0.7460701330108828 0.1710863986313088 0.04917372027408303
1 0.42472198460222416 0.26803708182184605 0.7199885942400913 0.09189842805320436
1 0.23524379811804963 0.5328496573962113 0.3239235814086114 0.08383716243450222
1 0.7449386940404905 0.5419185812172511 0.3863701169090391 0.10197501007658202
1 0.15568862275449102 0.8325272067714632 0.2155688622754491 0.12777106005642885
1 0.40048474479612206 0.8250705360741637 0.1804961505560308 0.12656187021362356
1 0.6431422868548617 0.8218460298266829 0.19247219846022243 0.10399032648125756
1 0.875249500998004 0.8325272067714632 0.1987453664100371 0.08746473196291818
8 0.0700028514399772 0.06408706166868199 0.11719418306244654 0.12817412333736397
8 0.11619617907043057 0.6342200725513906 0.11719418306244654 0.11648528819024587
12 0.49957228400342174 0.0765820233776703 0.142571998859424 0.1523579201934704
12 0.8329056173367552 0.9207980652962515 0.09352723125178215 0.12535268037081823
10 0.17564870259481039 0.07577589681580009 0.12660393498716854 0.15155179363160018
10 0.6226119190191047 0.616888351471181 0.12118619903051042 0.11567916162837566
13 0.10464784716281723 0.3637646110439339 0.13857998289136014 0.10842402257154374
10 0.6067864271457086 0.926440951229343 0.12432278300541774 0.10519951632406288
9 0.3803820929569433 0.0769850866586054 0.10550327915597378 0.1539701733172108
11 0.11562589107499288 0.9387343812978638 0.10692899914456802 0.08948004836759371
9 0.3692614770459082 0.9314792422410318 0.11804961505560309 0.10399032648125756
4 0.5017108639863131 0.282950423216445 0.9960079840319362 0.3587263200322451
5 0.27259766181921874 0.5495767835550182 0.5252352437981181 0.3413945989520355
5 0.7586256059309953 0.5513905683192262 0.482178500142572 0.3361547762998791
6 0.1536926147704591 0.8444175735590488 0.2765896777872826 0.31035872632003225
6 0.4111776447105789 0.8432083837162435 0.25434844596521244 0.3079403466344216
6 0.6415739948674081 0.8337363966142685 0.22697462218420303 0.3317210802095929
6 0.8726832050185345 0.8313180169286578 0.2540633019674936 0.3043127771060057
3 0.5012831479897348 0.08101571946795648 0.9968634160250928 0.16203143893591296
3 0.501996007984032 0.2889963724304716 0.9954376960364986 0.32164449818621527
3 0.5012831479897348 0.5318419991938734 0.9968634160250928 0.3591293833131802
3 0.5017108639863131 0.8319226118500604 0.9960079840319362 0.328093510681177
