7 0.23609923011120618 0.21946795646916567 0.362132877102937 0.04796453043127771
7 0.6834901625320787 0.18359532446594115 0.42372398061020816 0.06408706166868199
7 0.45751354433989166 0.5532043530834341 0.7604790419161678 0.07940346634421605
1 0.23766752209865985 0.27932285368802906 0.35728542914171657 0.08303103587263201
1 0.6903336184773311 0.2877871825876663 0.4214428286284574 0.11527609834744056
1 0.4684915882520673 0.6386537686416768 0.7476475620188195 0.12293430068520758
1 0.5892500712859995 0.7164449818621524 0.6059309951525521 0.2607819427650141
12 0.07927003136583975 0.0912938331318017 0.12261191901910466 0.15437323659814592
9 0.20273738237810096 0.09189842805320436 0.14827487881380097 0.16686819830713423
9 0.12204163102366695 0.38351471180975416 0.1750784145993727 0.13905683192261187
11 0.5203877958368976 0.40306328093510685 0.12432278300541774 0.12172511084240226
11 0.46877673224978617 0.07134220072551391 0.14884516680923868 0.14268440145102781
13 0.3323353293413174 0.08222490931076179 0.15996578272027376 0.16364369205965337
10 0.16723695466210436 0.7601773478436115 0.1987453664100371 0.1531640467553406
5 0.2225548902195609 0.3369609028617493 0.44282862845737103 0.343409915356711
5 0.6870544625035644 0.3186215235792019 0.5163957798688338 0.3671906489318823
4 0.49301397205588826 0.7110036275695284 0.9615055603079556 0.471584038694075
3 0.5032791559737668 0.09149536477226924 0.9928714000570289 0.17976622329705766
3 0.5017108639863131 0.3361547762998791 0.9960079840319362 0.36920596533655786
3 0.5017108639863131 0.6975010076582023 0.9960079840319362 0.43329302700523986
