7 0.13430282292557744 0.1829907295445385 0.1887653264898774 0.046755340588472395
7 0.38380382092956944 0.1622329705763805 0.18078129455374967 0.05925030229746071
7 0.6201881950384945 0.15840386940749698 0.19560878243512975 0.06690850463522774
7 0.864128885086969 0.15558242644095124 0.20501853435985173 0.05723498589278517
7 0.2808668377530653 0.4494155582426441 0.4767607641859139 0.051592099959693674
7 0.24522383803820932 0.7047561467150343 0.4482463644140291 0.06972994760177348
7 0.6958939264328486 0.7081821846029827 0.2774451097804391 0.08061265618702136
1 0.13629883090960937 0.2418379685610641 0.19389791844881668 0.06852075775896817
1 0.3597091531223268 0.23297057638049173 0.1702309666381523 0.06610237807335752
1 0.6159110350727117 0.2349858927851673 0.21214713430282295 0.07496977025392987
1 0.8705446250356431 0.23800886739218058 0.20986598232107215 0.10519951632406288
1 0.3699743370402053 0.5165255945183393 0.6076418591388651 0.08504635227730754
1 0.23011120615911038 0.7948407900040306 0.3723980610208155 0.1128577186618299
1 0.6411462788708299 0.7910116888351472 0.1662389506700884 0.06731156791616284
8 0.07214143142286855 0.32627972591696897 0.08611348731109211 0.0761789600967352
9 0.07285429141716568 0.0731559854897219 0.12917023096663816 0.14550584441757355
9 0.5484744796122042 0.3323256751309956 0.08069575135443399 0.09068923821039904
9 0.08996293128029656 0.9062877871825877 0.10464784716281723 0.09633212414349053
11 0.3299116053607072 0.32627972591696897 0.09352723125178215 0.09633212414349053
11 0.20487596236099231 0.07496977025392987 0.15996578272027376 0.14993954050785974
13 0.8142286854861706 0.32688432083837166 0.10065583119475335 0.09270455461507457
11 0.5814086113487311 0.8929866989117292 0.09923011120615911 0.0939137444578799
10 0.07727402338180782 0.5957275292220879 0.09010550327915598 0.08625554212011285
6 0.14414029084687768 0.2666263603385732 0.2574850299401198 0.2720677146311971
6 0.38366124893071 0.2571543732365982 0.24550898203592816 0.2926239419588876
6 0.6250356429997149 0.2551390568319226 0.27773025377815796 0.2950423216444982
6 0.8608497291132022 0.25755743651753327 0.27773025377815796 0.2950423216444982
4 0.5044197319646422 0.5467553405884724 0.9905902480752781 0.313180169286578
5 0.25620188195038496 0.816807738814994 0.5038494439692045 0.347037484885127
5 0.747790134017679 0.8260781942765014 0.5038494439692045 0.347037484885127
3 0.49900199600798406 0.073559048770657 0.9940119760479043 0.147118097541314
3 0.5027088679783291 0.2642079806529625 0.9940119760479043 0.32365981459089077
3 0.5027088679783291 0.5517936316001613 0.9940119760479043 0.3014913341394599
3 0.5027088679783291 0.822652156388553 0.9940119760479043 0.3538895606610238
