7 0.4629312802965498 0.15840386940749698 0.8334759053321928 0.07174526400644901
7 0.11462788708297691 0.4373236598145909 0.142571998859424 0.08948004836759371
7 0.3656971770744226 0.42724707779121324 0.1394354148845167 0.08061265618702136
7 0.6181921870544625 0.4455864570737606 0.16937553464499575 0.09713825070536075
7 0.8702594810379242 0.4572752922208787 0.1710863986313088 0.08746473196291818
7 0.14741944682064445 0.7361950826279726 0.20815511833475908 0.06247480854494156
7 0.6246079270031366 0.7400241837968561 0.24721984602224126 0.05481660620717453
1 0.13387510692899915 0.5050382910116888 0.17992586256059312 0.05481660620717453
1 0.3786712289706302 0.5126964933494559 0.17678927858568577 0.08625554212011285
1 0.6424294268605646 0.5344619105199516 0.1893356144853151 0.08948004836759371
1 0.8598517251211862 0.5350665054413544 0.14913031080695752 0.03909713825070536
1 0.20872540633019676 0.8083434099153567 0.3199315654405475 0.09310761789600967
1 0.7339606501283149 0.8309149536477227 0.4562303963501569 0.09068923821039904
1 0.20915312232677505 0.2361950826279726 0.3099515255203878 0.04353083434099154
9 0.06700883946392928 0.0618702136235389 0.11234673510122613 0.11970979443772672
10 0.8182207014542344 0.6241434905280129 0.0784145993726832 0.08504635227730754
10 0.5829769033361848 0.6219266424828699 0.08468776732249787 0.08061265618702136
11 0.3299116053607072 0.6029826682789198 0.0855431993156544 0.09189842805320436
11 0.18662674650698605 0.06348246674727932 0.11377245508982037 0.12696493349455865
11 0.5299401197604791 0.9101168883514712 0.09894496720844027 0.08625554212011285
13 0.08711149130310808 0.5927045546150745 0.09096093527231253 0.08746473196291818
13 0.30966638152266895 0.05239822652156389 0.10094097519247221 0.10479645304312778
9 0.09509552323923583 0.8923821039903265 0.10236669518106645 0.07496977025392987
4 0.5014257199885943 0.2730753728335349 0.9766181921870546 0.30995566303909716
6 0.1447105788423154 0.5179363160016123 0.25976618192187056 0.29343006852075776
6 0.39549472483604226 0.5217654171704957 0.2623324779013402 0.32769044740024184
6 0.6284573709723411 0.5378879484079001 0.23781009409751927 0.3115679161628376
6 0.8664100370687198 0.5592503022974608 0.26660963786712294 0.34058847239016526
5 0.2493584260051326 0.8212414349052801 0.4987168520102652 0.29786376461104397
5 0.7236954662104363 0.841193067311568 0.5520387795836899 0.2893994357114067
4 0.5004277159965783 0.06892382103990327 0.9985742800114058 0.13704151551793634
4 0.5004277159965783 0.27005239822652155 0.9985742800114058 0.30552196694881095
4 0.5004277159965783 0.5316404675534059 0.9985742800114058 0.3417976622329706
4 0.5004277159965783 0.8246674727932286 0.9985742800114058 0.3047158403869408
