7 0.10379241516966069 0.19306731156791618 0.1305959509552324 0.05401047964530432
7 0.45081266039349877 0.198105602579605 0.14029084687767324 0.03909713825070536
7 0.6961790704305675 0.1942765014107215 0.07214143142286855 0.04917372027408303
7 0.897063016823496 0.1954856912535268 0.13915027088679785 0.051592099959693674
7 0.12802965497576277 0.44619105199516323 0.15511833475905334 0.06287787182587666
7 0.2728828058169376 0.7031438935912938 0.4357000285143998 0.06408706166868199
1 0.49828913601368696 0.49939540507859737 0.8813800969489592 0.05723498589278517
1 0.47733105218135163 0.7970576380491737 0.8428856572569148 0.11970979443772672
1 0.16766467065868265 0.24244256348246676 0.22811519817507844 0.05844417573559049
1 0.4898773880809809 0.2551390568319226 0.22013116623895068 0.05723498589278517
1 0.7159965782720275 0.2535268037081822 0.1020815511833476 0.05401047964530432
1 0.8930710008554321 0.2619911326078194 0.13800969489592246 0.07255139056831923
8 0.0902480752780154 0.3202337767029424 0.09894496720844027 0.07295445384925434
12 0.8788138009694897 0.3323256751309956 0.1157684630738523 0.09552599758162032
8 0.10379241516966069 0.5737605804111245 0.11804961505560309 0.07376058041112454
13 0.09395494724836043 0.8895606610237807 0.10464784716281723 0.06690850463522774
13 0.42586256059309957 0.3117694478033051 0.1092101511263188 0.0761789600967352
13 0.4328485885372113 0.07738814993954052 0.142571998859424 0.1354292623941959
12 0.10179640718562875 0.07335751713018944 0.16652409466780727 0.12091898428053205
8 0.2701739378386085 0.07275292220878678 0.15939549472483605 0.13341394598952036
10 0.7141431422868549 0.32688432083837166 0.10293698317650414 0.08141878274889158
10 0.5838323353293413 0.07033454252317614 0.16395779868833762 0.1309955663039097
6 0.18848018249215856 0.26924627166465137 0.34445394924436845 0.23941958887545345
6 0.5082691759338467 0.27327690447400244 0.2928428856572569 0.24506247480854496
6 0.7309666381522669 0.2750906892382104 0.16566866267465072 0.25272067714631197
6 0.9029084687767324 0.27972591696896415 0.1936127744510978 0.2724707779121322
4 0.5024237239806102 0.535671100362757 0.9945822640433419 0.2910116888351471
4 0.5072711719418307 0.8006852075775898 0.9848873681209012 0.3059250302297461
3 0.5008554319931566 0.08101571946795648 0.9977188480182493 0.1588069326884321
3 0.5008554319931566 0.27327690447400244 0.9977188480182493 0.26279725916968966
3 0.5008554319931566 0.5372833534864974 0.9977188480182493 0.29020556227327693
3 0.49985742800114064 0.8002821442966546 0.9997148560022813 0.32365981459089077
