7 0.26390076988879385 0.18359532446594115 0.44111776447105794 0.06408706166868199
7 0.7308240661534076 0.15840386940749698 0.4339891645280867 0.05401047964530432
7 0.1133447390932421 0.4260378879484079 0.16395779868833762 0.051592099959693674
7 0.3704020530367836 0.3950020153164047 0.26632449386940404 0.07174526400644901
7 0.6201881950384945 0.428254735993551 0.16709438266324494 0.11890366787585652
7 0.8551468491588253 0.44901249496170903 0.1568291987453664 0.07255139056831923
7 0.21471343028229256 0.733776702942362 0.3222127174222983 0.05602579604997985
1 0.2593384659252923 0.23901652559451836 0.42457941260336474 0.04917372027408303
1 0.7137154262902766 0.21604191858121727 0.37125748502994016 0.05239822652156389
1 0.11049329911605361 0.5010076582023378 0.15540347875677218 0.08303103587263201
1 0.362132877102937 0.4897218863361548 0.2321072141431423 0.08948004836759371
1 0.6401482748788139 0.5463522773075373 0.15283718277730254 0.09068923821039904
1 0.859424009124608 0.5322450624748085 0.1591103507271172 0.06731156791616284
1 0.4510978043912176 0.8117694478033052 0.7921300256629599 0.09270455461507457
10 0.11377245508982037 0.8921805723498589 0.12660393498716854 0.07940346634421605
8 0.5608782435129741 0.2968561064087062 0.08953521528371829 0.09068923821039904
9 0.7956943256344454 0.6414752116082225 0.09324208725406331 0.09955663039097139
12 0.5969489592244084 0.6285771866182991 0.09039064727687483 0.0826279725916969
13 0.3058169375534645 0.5894800483675937 0.11320216709438267 0.0939137444578799
8 0.09937268320501855 0.6005642885933091 0.10008554319931566 0.10560257960499798
12 0.10094097519247221 0.31338170092704554 0.10778443113772455 0.0882708585247884
12 0.06814941545480468 0.07537283353486497 0.12489307100085544 0.15074566706972994
11 0.18733960650128317 0.07819427650141073 0.12660393498716854 0.15558242644095124
5 0.2492158540062732 0.24909310761789602 0.49729113202167097 0.2531237404272471
5 0.746792130025663 0.2636033857315599 0.4967208440262333 0.294236195082628
6 0.11491303108069575 0.5215638855300282 0.22412318220701455 0.3200322450624748
6 0.3662674650698603 0.5171301894397421 0.3139435414884517 0.3555018137847642
6 0.6285999429712005 0.5346634421604192 0.22155688622754494 0.3784764207980653
6 0.8654120330767038 0.5610640870616687 0.26746506986027946 0.38129786376461106
6 0.5091246079270032 0.8282950423216445 0.9811804961505561 0.3232567513099557
3 0.49985742800114064 0.07073760580411124 0.9974337040205304 0.1414752116082225
3 0.500998003992016 0.2448609431680774 0.9974337040205304 0.2857718661829907
3 0.500998003992016 0.5445384925433293 0.9974337040205304 0.4079000403063281
3 0.5001425719988595 0.8164046755340589 0.9974337040205304 0.29705763804917373
