7 0.12589107499287142 0.21644498186215236 0.14171656686626746 0.060459492140266025
7 0.3639863130881095 0.20153164046755342 0.17878528656971773 0.07496977025392987
7 0.5700028514399772 0.18802902055622733 0.15511833475905334 0.0769850866586054
7 0.8262047333903622 0.1713018943974204 0.1685201026518392 0.04836759371221282
7 0.2439406900484745 0.4641273679967755 0.41431422868548623 0.04232164449818622
7 0.7470772740233819 0.45445384925433296 0.39520958083832336 0.030229746070133012
7 0.4526660963786713 0.7228939943571141 0.7507841459937269 0.044740024183796856
1 0.12432278300541774 0.27791213220475613 0.1568291987453664 0.03909713825070536
1 0.36755061305959513 0.27186618299072957 0.18306244653550044 0.050382910116888356
1 0.6032221271742231 0.2551390568319226 0.20729968634160253 0.05723498589278517
1 0.8424579412603366 0.24224103184199922 0.20273738237810096 0.060459492140266025
1 0.2392358140861135 0.5133010882708585 0.3792415169660679 0.04957678355501814
1 0.7246934702024523 0.4965739621120516 0.38408896492728833 0.04917372027408303
1 0.5018534359851725 0.7843611446997178 0.8651268890789849 0.08061265618702136
11 0.1133447390932421 0.3498589278516727 0.07214143142286855 0.07174526400644901
11 0.09210151126318791 0.07638049173720274 0.14941545480467638 0.15276098347440548
8 0.7976903336184774 0.32466747279322855 0.10236669518106645 0.09552599758162032
12 0.5386370116909039 0.3407900040306328 0.09923011120615911 0.10519951632406288
10 0.33390362132877105 0.328093510681177 0.08896492728828059 0.07738814993954052
10 0.47405189620758487 0.06690850463522774 0.11263187909894498 0.13381700927045548
8 0.5902480752780155 0.06529625151148731 0.12888508696891932 0.13059250302297462
8 0.24436840604505278 0.07073760580411124 0.13972055888223553 0.1414752116082225
12 0.5779868833761049 0.5731559854897219 0.09980039920159682 0.0951229343006852
8 0.11220416310236671 0.5878677952438534 0.09666381522668949 0.08182184602982669
13 0.1204733390362133 0.8821039903264813 0.1228970630168235 0.08182184602982669
13 0.36341602509267185 0.06529625151148731 0.10578842315369262 0.13059250302297462
6 0.12845737097234106 0.29020556227327693 0.228970630168235 0.28133817009270456
6 0.36256059309951527 0.2756952841596131 0.24379811804961507 0.28053204353083433
6 0.5896777872825778 0.27025392986698915 0.2617621899059025 0.28496573962112054
6 0.8531508411747933 0.25675130995566303 0.290846877673225 0.28698105602579604
5 0.25021385799828916 0.54695687222894 0.49187339606501285 0.2555421201128577
5 0.7435129740518963 0.5296251511487303 0.49187339606501285 0.2555421201128577
4 0.5012831479897348 0.8024989923417977 0.9968634160250928 0.2950423216444982
3 0.5017108639863131 0.07255139056831923 0.9960079840319362 0.14510278113663846
3 0.5017108639863131 0.26803708182184605 0.9960079840319362 0.3022974607013301
3 0.5017108639863131 0.535671100362757 0.9960079840319362 0.3022974607013301
3 0.5017108639863131 0.8125755743651754 0.9960079840319362 0.3022974607013301
