7 0.10578842315369262 0.14288593309149536 0.13287710293698318 0.06489318823055219
7 0.14741944682064445 0.3968158000806127 0.2321072141431423 0.06731156791616284
7 0.43840889649272885 0.40306328093510685 0.24721984602224126 0.04836759371221282
7 0.6725121186199031 0.4137444578798872 0.16053607071571144 0.044740024183796856
7 0.881950384944397 0.43893591293833134 0.14086113487311094 0.0951229343006852
7 0.15697177074422586 0.6571946795646917 0.1559737667522099 0.03909713825070536
1 0.460650128314799 0.21946795646916567 0.8380382092956944 0.1285771866182991
1 0.1568291987453664 0.47480854494155583 0.2035928143712575 0.0951229343006852
1 0.42586256059309957 0.47138250705360746 0.21870544625035646 0.10197501007658202
1 0.6642429426860565 0.4862958484482064 0.15540347875677218 0.11648528819024587
1 0.8732534930139721 0.5288190245868601 0.14741944682064445 0.10076582023377671
1 0.4787567721699459 0.7561467150342605 0.7556315939549473 0.1410721483272874
12 0.15568862275449102 0.8923821039903265 0.16937553464499575 0.08625554212011285
12 0.09281437125748504 0.2871825876662636 0.0784145993726832 0.08746473196291818
10 0.16566866267465072 0.055622732769044746 0.07014542343883662 0.11124546553808949
9 0.09937268320501855 0.5586457073760581 0.10293698317650414 0.07496977025392987
8 0.35400627316794986 0.5644901249496171 0.08810949529512405 0.10842402257154374
9 0.8229255774165954 0.6146715034260379 0.07527801539777589 0.08625554212011285
13 0.6448531508411749 0.5733575171301895 0.0784145993726832 0.08182184602982669
11 0.07028799543769604 0.04776299879081016 0.09951525520387797 0.09552599758162032
4 0.5054177359566582 0.23397823458282951 0.9686341602509267 0.29866989117291415
6 0.1561163387510693 0.48428053204353083 0.27003136583974907 0.2889963724304716
6 0.4374108925007129 0.5010076582023378 0.2999714856002281 0.30874647319629184
6 0.6655260906757914 0.513099556630391 0.1904761904761905 0.32083837162434503
6 0.880952380952381 0.5316404675534059 0.23752495009980043 0.3417976622329706
4 0.5055603079555175 0.8004836759371221 0.9883090960935274 0.37968561064087064
3 0.5017108639863131 0.05904877065699315 0.9960079840319362 0.1180975413139863
3 0.5068434559452524 0.2384119306731157 0.9857428001140577 0.29866989117291415
3 0.5024237239806102 0.5193470374848852 0.9945822640433419 0.3704151551793632
3 0.5048474479612205 0.7998790810157195 0.9897348160821215 0.36960902861749295
