7 0.29940119760479045 0.19266424828698106 0.45851154833190766 0.04353083434099154
7 0.19774736241802113 0.4270455461507457 0.31052181351582553 0.0826279725916969
7 0.5181066438551469 0.4373236598145909 0.2178500142571999 0.07174526400644901
7 0.7513544339891646 0.45848448206368403 0.12660393498716854 0.06731156791616284
7 0.9160250926717993 0.46170898831116486 0.151981750784146 0.06489318823055219
7 0.2701739378386085 0.7374042724707779 0.42229826062161396 0.08504635227730754
7 0.7557741659538068 0.7529222087867795 0.4570858283433134 0.08706166868198308
1 0.41759338465925294 0.2478839177750907 0.694325634445395 0.06932688432083838
1 0.4565155403478757 0.27347843611447 0.570287995437696 0.10519951632406288
1 0.21157684630738524 0.514913341394599 0.290846877673225 0.10842402257154374
1 0.27102936983176507 0.5580411124546554 0.1559737667522099 0.09633212414349053
1 0.5125463358996294 0.5199516324062878 0.21642429426860565 0.10963321241434906
1 0.7560593099515256 0.5390971382507054 0.12688907898488738 0.09149536477226924
1 0.915597376675221 0.5501813784764208 0.1305959509552324 0.11850060459492141
1 0.9603649843170802 0.6229343006852076 0.05531793555745652 0.07376058041112454
1 0.26817792985457656 0.8067311567916163 0.39435414884516684 0.0939137444578799
1 0.31650983746792133 0.8536880290205563 0.2834331337325349 0.12333736396614269
1 0.7489307100085544 0.8166062071745265 0.42629027658967783 0.08061265618702136
1 0.8139435414884517 0.8710197501007658 0.28999144568006846 0.12011285771866184
4 0.500998003992016 0.2825473599355099 0.9934416880524666 0.2619911326078194
6 0.19803250641573997 0.5308343409915357 0.39207299686341607 0.3369609028617493
6 0.5316509837467922 0.533857315598549 0.29341317365269465 0.33978234582829503
6 0.7445109780439122 0.5407093913744458 0.18135158254918735 0.32365981459089077
6 0.9090390647276876 0.5511890366787586 0.18135158254918735 0.32365981459089077
5 0.251497005988024 0.8240628778718259 0.49729113202167097 0.30995566303909716
5 0.7510692899914457 0.8446191051995163 0.49729113202167097 0.30995566303909716
3 0.5017108639863131 0.0908907698508666 0.9960079840319362 0.1817815397017332
3 0.500998003992016 0.27549375251914554 0.9974337040205304 0.2519145505844418
3 0.500998003992016 0.5324465941152762 0.9974337040205304 0.32889963724304716
3 0.500998003992016 0.8351471180975414 0.9974337040205304 0.32889963724304716
