7 0.1251782149985743 0.18762595727529222 0.1750784145993727 0.053607416364369206
7 0.4308525805531794 0.18923821039903266 0.19560878243512975 0.06166868198307134
7 0.6415739948674081 0.21221281741233375 0.15283718277730254 0.11890366787585652
7 0.8910749928714001 0.19991938734381298 0.19389791844881668 0.06932688432083838
7 0.2859994297120046 0.48186215235792024 0.45394924436840606 0.053607416364369206
7 0.745794126033647 0.4875050382910117 0.36298830909609353 0.05602579604997985
7 0.2654690618762475 0.7611850060459493 0.39692044482463645 0.05925030229746071
7 0.7542058739663531 0.7384119306731157 0.43170801254633595 0.08706166868198308
1 0.17792985457656119 0.2686416767432487 0.2298260621613915 0.10197501007658202
1 0.4171656686626747 0.2815397017331721 0.17735956658112348 0.1116485288190246
1 0.6471343028229256 0.3234582829504232 0.15141146278870832 0.05925030229746071
1 0.8792415169660679 0.2926239419588876 0.19589392643284861 0.10076582023377671
1 0.2773025377815797 0.5463522773075373 0.45081266039349877 0.07537283353486497
1 0.7378100940975193 0.5368802902055623 0.3612774451097805 0.07174526400644901
1 0.18135158254918735 0.8417976622329706 0.24009124607927004 0.08182184602982669
1 0.7480752780153979 0.814993954050786 0.4023381807812946 0.09754131398629586
11 0.07485029940119761 0.07718661829907296 0.1251782149985743 0.15437323659814592
11 0.08925007128599943 0.675130995566304 0.10607356715141147 0.1128577186618299
11 0.8118049615055604 0.3879484079000403 0.08953521528371829 0.09149536477226924
9 0.3922155688622755 0.073559048770657 0.10350727117194183 0.147118097541314
13 0.28999144568006846 0.07033454252317614 0.10550327915597378 0.14066908504635228
13 0.5918163672654692 0.91515517936316 0.10065583119475335 0.08746473196291818
8 0.08796692329626463 0.9292623941958887 0.09096093527231253 0.06811769447803305
10 0.1846307385229541 0.07920193470374849 0.11491303108069575 0.15840386940749698
9 0.07727402338180782 0.3655783958081419 0.09808953521528373 0.08948004836759371
9 0.6040775591673796 0.3851269649334946 0.09666381522668949 0.0882708585247884
12 0.6167664670658684 0.6201128577186619 0.12204163102366695 0.12212817412333737
8 0.37197034502423726 0.3587263200322451 0.09039064727687483 0.07819427650141073
6 0.1655260906757913 0.28879484079000406 0.30652979754776166 0.3123740427247078
6 0.42985457656116344 0.28960096735187424 0.23125178214998576 0.3043127771060057
6 0.6365839749073282 0.2964530431277711 0.23581408611348734 0.3309149536477227
6 0.8705446250356431 0.2980652962515115 0.2583404619332763 0.3317210802095929
5 0.2747362418021101 0.5783958081418783 0.544339891645281 0.31358323256751314
5 0.7674650698602795 0.5667069729947602 0.46449957228400346 0.28053204353083433
5 0.26803535785571714 0.837565497783152 0.5275163957798689 0.2990729544538493
5 0.764613629883091 0.8399838774687627 0.4702024522383804 0.29826682789197906
3 0.501996007984032 0.07819427650141073 0.9954376960364986 0.15638855300282145
3 0.501996007984032 0.3033051189036679 0.9954376960364986 0.3349455864570738
3 0.501996007984032 0.5652962515114873 0.9954376960364986 0.3349455864570738
3 0.501996007984032 0.8319226118500604 0.9954376960364986 0.3353486497380089
