1 0.12075848303393215 0.2855703345425232 0.1536926147704591 0.1422813381700927
1 0.30724265754205876 0.27106005642885933 0.11833475905332194 0.1592099959693672
1 0.5163957798688338 0.26017734784361146 0.1608212147134303 0.14550584441757355
1 0.7576276019389793 0.313180169286578 0.16139150270886798 0.055622732769044746
1 0.4516680923866553 0.7186618299072954 0.7465069860279442 0.08383716243450222
7 0.7560593099515256 0.23216444981862153 0.18848018249215856 0.07174526400644901
1 0.30353578557171373 0.6185006045949214 0.5038494439692045 0.0939137444578799
13 0.08440262332477902 0.4149536477226925 0.07527801539777589 0.0761789600967352
13 0.13401767892785857 0.8341394598952035 0.11291702309666382 0.10842402257154374
8 0.07770173937838609 0.08343409915356712 0.11092101511263189 0.11850060459492141
8 0.27758768177929855 0.3806932688432084 0.06016538351867694 0.06166868198307134
10 0.41345879669232966 0.07557436517533253 0.20986598232107215 0.13422007255139057
9 0.47048759623609926 0.37666263603385736 0.08155118334759054 0.07376058041112454
9 0.6876247504990021 0.39076985086658605 0.06016538351867694 0.0705360741636437
11 0.5872540633019675 0.0761789600967352 0.11719418306244654 0.13784764207980654
11 0.21941830624465355 0.07577589681580009 0.17194183062446536 0.13865376864167675
6 0.12303963501568294 0.32245062474808545 0.20786997433704021 0.3014913341394599
6 0.3150841174793271 0.31902458686013707 0.1750784145993727 0.3059250302297461
6 0.5215283718277731 0.3022974607013301 0.23438836612489308 0.29665457476823864
6 0.813373253493014 0.31197097944377267 0.3726832050185344 0.30874647319629184
4 0.5022811519817508 0.7214832728738412 0.9635015682919875 0.38291011688835147
3 0.5008554319931566 0.07758968158000806 0.9823210721414315 0.15517936316001613
3 0.5085543199315655 0.324465941152761 0.9823210721414315 0.3482466747279323
3 0.5085543199315655 0.7305521966948811 0.9823210721414315 0.4365175332527207
