7 0.15340747077274025 0.2037484885126965 0.20245223838038212 0.04554615074566707
7 0.6608212147134304 0.22108020959290609 0.2820074137439407 0.06489318823055219
7 0.1253207869974337 0.5054413542926239 0.1525520387795837 0.060459492140266025
7 0.3448816652409467 0.4909310761789601 0.09666381522668949 0.04917372027408303
7 0.592814371257485 0.5028214429665457 0.1727972626176219 0.07940346634421605
7 0.7915597376675222 0.5233776702942362 0.05702879954376961 0.06972994760177348
7 0.1353008269175934 0.7746876259572754 0.15939549472483605 0.05481660620717453
7 0.3654120330767038 0.7900040306328094 0.14399771884801826 0.051592099959693674
7 0.5888223552894212 0.7926239419588876 0.16310236669518108 0.06811769447803305
7 0.8454519532363844 0.8061265618702137 0.16937553464499575 0.06126561870213624
1 0.24893071000855435 0.2688432083837163 0.39806102081551187 0.05481660620717453
1 0.7349586541203308 0.2900040306328094 0.42400912460792706 0.06166868198307134
1 0.12988309096093528 0.5747682386134624 0.165098374679213 0.046755340588472395
1 0.380952380952381 0.5610640870616687 0.187624750499002 0.06610237807335752
1 0.5982321072141432 0.5731559854897219 0.17907043056743657 0.05723498589278517
1 0.8588537211291702 0.603385731559855 0.1870544625035643 0.06368399838774688
1 0.1395779868833761 0.8440145102781137 0.15711434274308528 0.05481660620717453
1 0.3800969489592244 0.8486497380088674 0.13686911890504705 0.03909713825070536
1 0.5979469632164244 0.8553002821442967 0.16538351867693185 0.05723498589278517
1 0.8541488451668093 0.861950826279726 0.20444824636441405 0.05925030229746071
12 0.11776447105788423 0.3879484079000403 0.15169660678642716 0.09633212414349053
12 0.3247790134017679 0.654776299879081 0.09751924721984603 0.09875050382910118
12 0.33447390932420873 0.9254332930270053 0.07755916737952667 0.09189842805320436
8 0.541345879669233 0.6648528819024587 0.08411747932706017 0.09068923821039904
9 0.07684630738522955 0.05078597339782346 0.1092101511263188 0.10076582023377671
12 0.18947818648417453 0.058242644095122934 0.11434274308525806 0.10842402257154374
13 0.30196749358426006 0.05723498589278517 0.11405759908753922 0.1064087061668682
13 0.7927003136583975 0.6805723498589279 0.08155118334759054 0.08182184602982669
13 0.7935557456515541 0.9405481660620718 0.08611348731109211 0.08182184602982669
10 0.10279441117764472 0.9125352680370818 0.09780439121756487 0.07255139056831923
10 0.10037068719703451 0.6509471987101976 0.10094097519247221 0.08061265618702136
11 0.4529512403763901 0.05844417573559049 0.15939549472483605 0.11688835147118098
11 0.5674365554605076 0.3784764207980653 0.103222127174223 0.0951229343006852
2 0.563872255489022 0.928254735993551 0.09267179925862562 0.06610237807335752
5 0.2540633019674936 0.28879484079000406 0.46364414029084694 0.3188230552196695
5 0.7379526660963788 0.30249899234179767 0.4984317080125464 0.3115679161628376
6 0.14114627887082978 0.5900846432889963 0.22355289421157687 0.27650141072148327
6 0.3726832050185344 0.5858524788391778 0.21043627031650985 0.29141475211608225
6 0.6022241231822071 0.5912938331318017 0.22526375819788996 0.29665457476823864
6 0.8581408611348732 0.6108424022571544 0.24550898203592816 0.2889963724304716
6 0.14157399486740804 0.8571140669085047 0.21642429426860565 0.25755743651753327
6 0.37724550898203596 0.8595324465941153 0.21613915027088682 0.25755743651753327
6 0.6016538351867694 0.8655783958081419 0.21613915027088682 0.25755743651753327
6 0.8652694610778444 0.869609028617493 0.255203877958369 0.2551390568319226
3 0.5042771599657827 0.0743651753325272 0.9908753920729969 0.1487303506650544
3 0.5042771599657827 0.2877871825876663 0.9908753920729969 0.31680773881499397
3 0.5042771599657827 0.5929060862555422 0.9908753920729969 0.31680773881499397
3 0.5042771599657827 0.8589278516727127 0.9908753920729969 0.28133817009270456
