7 0.15739948674080412 0.13825070536074163 0.1323068149415455 0.037887948407900045
7 0.13843741089250072 0.3923821039903265 0.05959509552323924 0.04232164449818622
7 0.3912175648702595 0.3599355098750504 0.06273167949814656 0.055622732769044746
7 0.614627887082977 0.3683998387746876 0.0658682634730539 0.04594921402660218
7 0.8418876532648989 0.3901652559451834 0.05959509552323924 0.04514308746473197
7 0.6144853150841175 0.6577992744860943 0.1465640148274879 0.060459492140266025
7 0.1910464784716282 0.6420798065296252 0.1904761904761905 0.07174526400644901
1 0.2939834616481323 0.177347843611447 0.3741089250071286 0.051592099959693674
1 0.15340747077274025 0.4391374445787989 0.12147134302822926 0.035872632003224506
1 0.42529227259766184 0.41938734381297865 0.14798973481608213 0.05602579604997985
1 0.6532648987738808 0.4238210399032648 0.1750784145993727 0.04232164449818622
1 0.891360136869119 0.45062474808544944 0.16652409466780727 0.037887948407900045
1 0.659395494724836 0.7349858927851673 0.22326775021385803 0.06489318823055219
1 0.2462218420302253 0.7273276904474003 0.33219275734245796 0.10519951632406288
11 0.13843741089250072 0.2714631197097945 0.0960935272312518 0.12293430068520758
11 0.6129170230966638 0.5211608222490931 0.07214143142286855 0.06690850463522774
11 0.0973766752209866 0.058242644095122934 0.08867978329056174 0.09068923821039904
13 0.19575135443398917 0.05481660620717453 0.10179640718562875 0.10399032648125756
13 0.7341032221271743 0.91515517936316 0.14342743085258056 0.12535268037081823
12 0.14342743085258056 0.8990326481257558 0.1174793270601654 0.10842402257154374
12 0.1253207869974337 0.5306328093510682 0.08753920729968635 0.09713825070536075
12 0.8589962931280297 0.5413139862958485 0.08240661534074709 0.07819427650141073
10 0.367835757057314 0.5350665054413544 0.07584830339321358 0.11084240225715437
9 0.29883090960935277 0.06207174526400645 0.09694895922440834 0.10076582023377671
4 0.5212432278300542 0.23216444981862153 0.956943256344454 0.29343006852075776
5 0.263615625891075 0.7803305118903668 0.4873110921015113 0.40870616686819833
5 0.7483604220131167 0.7744860943168078 0.5027088679783291 0.3945989520354696
6 0.15825491873396066 0.46755340588472394 0.23552894211576847 0.2531237404272471
6 0.40918163672654695 0.45264006449012495 0.24066153407470775 0.2958484482063684
6 0.6526946107784432 0.4611043933897622 0.24066153407470775 0.2958484482063684
6 0.8793840889649274 0.4647319629181782 0.24066153407470775 0.2958484482063684
3 0.5058454519532364 0.07275292220878678 0.9877388080980896 0.14550584441757355
3 0.5098374679213002 0.21382507053607416 0.9797547761619618 0.2583635630794035
3 0.5049900199600799 0.44901249496170903 0.9894496720844027 0.29020556227327693
3 0.5007128599942972 0.7738814993954051 0.9980039920159681 0.38694074969770254
