7 0.10550327915597378 0.19588875453446192 0.13515825491873398 0.04836759371221282
7 0.3473053892215569 0.19830713422007257 0.16481323068149417 0.06610237807335752
7 0.5627316794981466 0.1946795646916566 0.17422298260621616 0.03466344216041919
7 0.7812945537496436 0.20777912132204757 0.14086113487311094 0.053607416364369206
7 0.13373253493013973 0.4276501410721483 0.18477331052181353 0.05723498589278517
7 0.5108354719133162 0.46916565900846435 0.07043056743655547 0.05481660620717453
7 0.18306244653550044 0.7103990326481258 0.23781009409751927 0.06489318823055219
1 0.11933276304533791 0.2535268037081822 0.14513829483889365 0.05804111245465538
1 0.3377530652979755 0.2523176138653769 0.14570858283433136 0.051592099959693674
1 0.5523239235814087 0.2519145505844418 0.1585400627316795 0.05965336557839581
1 0.7978329056173368 0.2730753728335349 0.19161676646706588 0.05925030229746071
1 0.1632449386940405 0.4943571140669085 0.23467351012261195 0.06731156791616284
1 0.6696606786427146 0.5407093913744458 0.40404904476760767 0.07295445384925434
1 0.18862275449101798 0.7807335751713019 0.2569147419446821 0.08061265618702136
9 0.07370972341032223 0.32245062474808545 0.06814941545480468 0.07980652962515115
13 0.3009694895922441 0.3313180169286578 0.0943826632449387 0.0886739218057235
11 0.08126603934987169 0.08182184602982669 0.11633875106929 0.14429665457476826
11 0.5092671799258626 0.3349455864570738 0.08155118334759054 0.10882708585247884
11 0.07998289136013688 0.5759774284562676 0.10122611919019106 0.094316807738815
10 0.22127174222982607 0.07779121322047562 0.1157684630738523 0.1362353889560661
10 0.5915312232677502 0.07900040306328093 0.1086398631308811 0.13220475614671504
12 0.7452238380382094 0.3498589278516727 0.10065583119475335 0.10560257960499798
12 0.3495865412033077 0.06549778315195486 0.11234673510122613 0.12535268037081823
8 0.09794696321642431 0.8609431680773881 0.10236669518106645 0.09754131398629586
12 0.47205588822355293 0.0709391374445788 0.11320216709438267 0.13220475614671504
6 0.1251782149985743 0.2642079806529625 0.21100655831194756 0.23176138653768644
6 0.34174508126603936 0.27226924627166466 0.21528371827773027 0.2583635630794035
6 0.5670088394639293 0.2746876259572753 0.21528371827773027 0.2583635630794035
6 0.8051040775591675 0.29222087867795243 0.2574850299401198 0.2587666263603386
5 0.2255489021956088 0.5233776702942362 0.42885657256914744 0.29302700523982267
5 0.6871970345024238 0.5594518339379283 0.48930710008554323 0.3176138653768642
4 0.4890219560878244 0.8286981056025796 0.93812375249501 0.3417976622329706
3 0.5048474479612205 0.07920193470374849 0.9897348160821215 0.15034260378879485
3 0.5048474479612205 0.2912132204756147 0.9897348160821215 0.27529222087867794
3 0.5048474479612205 0.5519951632406288 0.9897348160821215 0.3550987505038291
3 0.5048474479612205 0.8220475614671504 0.9897348160821215 0.3550987505038291
