7 0.1542629027658968 0.17855703345425233 0.24351297405189623 0.06690850463522774
7 0.3880809808953522 0.19750100765820236 0.09409751924721986 0.060459492140266025
7 0.6411462788708299 0.20656993147924224 0.09039064727687483 0.05844417573559049
7 0.8917878528656973 0.2184602982668279 0.1702309666381523 0.06610237807335752
7 0.09723410322212718 0.5570334542523177 0.10094097519247221 0.06932688432083838
7 0.40034217279726264 0.5576380491737203 0.142571998859424 0.08182184602982669
7 0.6093527231251783 0.5646916565900847 0.12033076703735388 0.08061265618702136
7 0.873538637011691 0.5743651753325272 0.19418306244653552 0.07980652962515115
1 0.14984317080125464 0.26017734784361146 0.2523524379811805 0.08504635227730754
1 0.40148274878813806 0.2777106005642886 0.14029084687767324 0.07738814993954052
1 0.6692329626461363 0.29786376461104397 0.15112631879098945 0.10882708585247884
1 0.886655260906758 0.29604997984683595 0.15825491873396066 0.09875050382910118
1 0.16609637867122898 0.6392583635630794 0.23410322212717424 0.1064087061668682
1 0.40219560878243515 0.6610237807335752 0.14970059880239522 0.12333736396614269
1 0.633162246934702 0.6779524385328497 0.183917878528657 0.12978637646110439
1 0.8617051611063588 0.6610237807335752 0.18591388651268892 0.08303103587263201
11 0.08939264328485887 0.3935912938331318 0.13259195893926434 0.10519951632406288
9 0.38751069289991447 0.40044336960902865 0.11006558311947534 0.10519951632406288
9 0.6273167949814656 0.41193067311567916 0.11804961505560309 0.10399032648125756
10 0.07812945537496437 0.06711003627569528 0.12432278300541774 0.12212817412333737
12 0.19860279441117765 0.07779121322047562 0.12631879098944968 0.14993954050785974
12 0.3223552894211577 0.07940346634421605 0.11320216709438267 0.15558242644095124
13 0.4613629883090961 0.08948004836759371 0.1568291987453664 0.1531640467553406
12 0.8434559452523525 0.4131398629584845 0.09409751924721986 0.10399032648125756
10 0.3698317650413459 0.8625554212011286 0.1020815511833476 0.09834744054816606
11 0.8053892215568863 0.8688029020556227 0.10692899914456802 0.09955663039097139
8 0.5896777872825778 0.847037484885127 0.11234673510122613 0.09875050382910118
8 0.09837467921300258 0.863764611043934 0.11919019104647847 0.10318419991938735
6 0.15982321072141434 0.31459089076985086 0.3099515255203878 0.3776702942361951
6 0.4339891645280867 0.31721080209592906 0.24465355004277162 0.3426037887948408
6 0.6688052466495581 0.3202337767029424 0.23125178214998576 0.3349455864570738
6 0.8863701169090391 0.31821846029826684 0.21357285429141717 0.3663845223700121
6 0.16181921870544627 0.7259169689641274 0.2837182777302538 0.4949617089883112
6 0.4059024807527802 0.7204756146715035 0.2124322783005418 0.45022168480451435
6 0.6298830909609353 0.720677146311971 0.2480752780153978 0.47480854494155583
6 0.867835757057314 0.7184602982668279 0.2523524379811805 0.45586457073760583
3 0.5034217279726262 0.07416364369205966 0.9925862560593101 0.14832728738411932
3 0.49985742800114064 0.3196291817815397 0.9997148560022813 0.3603385731559855
3 0.49985742800114064 0.7353889560661024 0.9997148560022813 0.4897218863361548
