7 0.11020815511833477 0.1640467553405885 0.14456800684345594 0.04917372027408303
7 0.1680923866552609 0.4191858121725111 0.2506415739948674 0.05642885933091495
7 0.4043341887653265 0.4062877871825877 0.17735956658112348 0.05723498589278517
7 0.6137724550898204 0.4159613059250302 0.17992586256059312 0.046755340588472395
7 0.8390362132877104 0.3958081418782749 0.16167664670658685 0.046755340588472395
7 0.1727972626176219 0.6402660217654172 0.2475049900199601 0.06166868198307134
7 0.6284573709723411 0.6203143893591294 0.18363273453093815 0.04594921402660218
1 0.4294268605645851 0.1912535268037082 0.7909894496720845 0.08182184602982669
1 0.17479327060165384 0.4915356711003628 0.24180211006558314 0.10197501007658202
1 0.40504704875962366 0.4657396211205159 0.17878528656971773 0.08182184602982669
1 0.6197604790419162 0.46130592503022977 0.19019104647847165 0.06408706166868199
1 0.8474479612204163 0.4512293430068521 0.18477331052181353 0.07940346634421605
1 0.26204733390362134 0.7041515517936316 0.4414029084687768 0.08625554212011285
1 0.7191331622469348 0.6783555018137848 0.37011690903906475 0.08625554212011285
9 0.08126603934987169 0.058242644095122934 0.12261191901910466 0.10197501007658202
9 0.10906757912745937 0.29443772672309554 0.13430282292557744 0.08424022571543732
9 0.5623039635015683 0.5290205562273277 0.08497291132021671 0.06247480854494156
12 0.352723125178215 0.5294236195082628 0.07927003136583975 0.03909713825070536
12 0.7931280296549759 0.5205562273276905 0.09039064727687483 0.07295445384925434
9 0.5868263473053893 0.7652156388553003 0.09409751924721986 0.07134220072551391
13 0.09181636726546907 0.7654171704957679 0.09181636726546907 0.060459492140266025
13 0.21813515825491875 0.058847239016525596 0.12660393498716854 0.10318419991938735
12 0.35700028514399773 0.06449012494961709 0.1448531508411748 0.12091898428053205
4 0.504704875962361 0.22591696896412738 0.9746221842030226 0.26320032245062475
6 0.16010835471913318 0.4723901652559452 0.2996863416025093 0.26763401854091096
6 0.40675791274593676 0.4746070133010883 0.21357285429141717 0.24949617089883114
6 0.6231822070145424 0.4663442160419186 0.23695466210436272 0.25070536074163646
6 0.85642999714856 0.4647319629181782 0.23695466210436272 0.25070536074163646
5 0.27502138579982893 0.7142281338170093 0.4884516680923867 0.2474808544941556
5 0.7473624180211007 0.6977025392986699 0.4881665240946678 0.2474808544941556
3 0.5038494439692045 0.06610237807335752 0.9917308240661535 0.13220475614671504
3 0.5038494439692045 0.23176138653768644 0.9917308240661535 0.2361950826279726
3 0.5038494439692045 0.4703748488512697 0.9917308240661535 0.24909310761789602
3 0.5038494439692045 0.705763804917372 0.9917308240661535 0.24909310761789602
