7 0.21214713430282295 0.18641676743248692 0.3210721414314229 0.10278113663845224
7 0.7057313943541489 0.17634018540910923 0.4664955802680354 0.07859733978234583
7 0.12175648702594812 0.4921402660217654 0.09637867122897063 0.06287787182587666
7 0.37025948103792417 0.4840790004030633 0.08240661534074709 0.06932688432083838
7 0.6248930710008554 0.5161225312374043 0.11320216709438267 0.0882708585247884
7 0.8542914171656687 0.49254332930270056 0.09980039920159682 0.06368399838774688
7 0.4215854006273168 0.7875856509471988 0.6230396350156829 0.08303103587263201
1 0.13872255489021956 0.548770656993148 0.15711434274308528 0.0705360741636437
1 0.40747077274023386 0.5590487706569932 0.18363273453093815 0.060459492140266025
1 0.6276019389791846 0.5787988714228134 0.11861990305104078 0.05481660620717453
1 0.8624180211006559 0.5781942765014108 0.1086398631308811 0.07376058041112454
1 0.2956943256344454 0.8581217251108424 0.1442828628457371 0.06287787182587666
1 0.6870544625035644 0.2501007658202338 0.43427430852580556 0.06731156791616284
8 0.08055317935557457 0.06106408706166869 0.13259195893926434 0.11406690850463523
12 0.20615911035072712 0.05380894800483676 0.09980039920159682 0.09310761789600967
12 0.09110350727117195 0.347037484885127 0.07784431137724551 0.08383716243450222
11 0.51981750784146 0.35227730753728337 0.09352723125178215 0.08061265618702136
11 0.5956658112346735 0.6833937928254736 0.06729398346164814 0.06731156791616284
11 0.15141146278870832 0.9359129383313181 0.08440262332477902 0.08625554212011285
9 0.09509552323923583 0.6839983877468763 0.06643855146849159 0.07738814993954052
13 0.8336184773310522 0.7043530834340992 0.08240661534074709 0.06166868198307134
10 0.3135158254918734 0.04917372027408303 0.11491303108069575 0.09754131398629586
10 0.3515825491873396 0.6846029826682789 0.07071571143427431 0.06972994760177348
5 0.206444254348446 0.2625957275292221 0.394069004847448 0.3067311567916163
5 0.7013116623895067 0.26501410721483276 0.5968063872255489 0.3309149536477227
6 0.14856002281151984 0.5816203143893591 0.26404334188765327 0.31358323256751314
6 0.4083262047333904 0.5783958081418783 0.2503564299971486 0.3200322450624748
6 0.6461362988309096 0.5896815800080613 0.2503564299971486 0.3200322450624748
6 0.8877958368976334 0.601571946795647 0.2238380382092957 0.33413945989520355
4 0.5048474479612205 0.869609028617493 0.9686341602509267 0.2599758162031439
3 0.502994011976048 0.058242644095122934 0.9934416880524666 0.11648528819024587
3 0.5007128599942972 0.27025392986698915 0.9980039920159681 0.3317210802095929
3 0.5007128599942972 0.5842402257154373 0.9980039920159681 0.3317210802095929
3 0.5007128599942972 0.8706166868198307 0.9980039920159681 0.25796049979846836
