7 0.16695181066438552 0.22511084240225718 0.17365269461077845 0.04796453043127771
7 0.11976047904191618 0.4629181781539702 0.09865982321072142 0.06731156791616284
7 0.37182777302537784 0.437726723095526 0.1015112631879099 0.07496977025392987
7 0.6405759908753921 0.41999193873438134 0.13544339891645282 0.06610237807335752
7 0.8882235528942116 0.4091092301491334 0.07584830339321358 0.060459492140266025
7 0.25719988594240095 0.7674324869004434 0.32734530938123757 0.06690850463522774
7 0.8157969774736242 0.7438532849657397 0.27944111776447106 0.08746473196291818
1 0.3438836612489307 0.2629987908101572 0.4248645566010836 0.03909713825070536
1 0.15141146278870832 0.5245868601370416 0.10949529512403765 0.05602579604997985
1 0.4041916167664671 0.5010076582023378 0.13145138294838896 0.06690850463522774
1 0.6725121186199031 0.5133010882708585 0.10692899914456802 0.06247480854494156
1 0.9136013686911891 0.4657396211205159 0.09352723125178215 0.041515517936316006
1 0.26675220986598236 0.8647722692462717 0.1987453664100371 0.05602579604997985
1 0.8327630453378957 0.8369609028617493 0.1947533504419732 0.06731156791616284
11 0.125748502994012 0.3200322450624748 0.1169090390647277 0.07496977025392987
8 0.10593099515255204 0.07779121322047562 0.1816367265469062 0.14349052801289802
8 0.6122041631023667 0.5927045546150745 0.07527801539777589 0.0761789600967352
8 0.8692614770459083 0.5211608222490931 0.05389221556886228 0.060459492140266025
10 0.11063587111491303 0.6275695284159614 0.08839463929284289 0.07819427650141073
10 0.13444539492443686 0.9377267230955261 0.07100085543199317 0.06247480854494156
9 0.3551468491588252 0.5777912132204757 0.07784431137724551 0.0882708585247884
10 0.2522098659823211 0.08101571946795648 0.06643855146849159 0.14993954050785974
12 0.4672084402623325 0.08444175735590488 0.32249786142001713 0.15679161628375657
12 0.7122897063016824 0.9163643692059654 0.10607356715141147 0.0939137444578799
4 0.5027088679783291 0.2619911326078194 0.9563729683490163 0.20233776702942363
6 0.15269461077844312 0.5350665054413544 0.23695466210436272 0.3147924224103184
6 0.38922155688622756 0.5217654171704957 0.23666951810664388 0.3147924224103184
6 0.6732249786142003 0.4987908101571947 0.28115198175078415 0.32688432083837166
6 0.9071856287425151 0.47702539298669894 0.1793555745651554 0.2607819427650141
5 0.3430282292557742 0.8331318016928658 0.58169375534645 0.3192261185006046
5 0.8179355574565156 0.8301088270858525 0.36355859709153127 0.3196291817815397
3 0.4776161961790705 0.08484482063683998 0.955232392358141 0.16968964127367997
3 0.5015682919874537 0.24647319629181783 0.9962931280296551 0.20596533655783958
3 0.5015682919874537 0.5102781136638452 0.9962931280296551 0.3450221684804514
3 0.5015682919874537 0.8270858524788393 0.9962931280296551 0.3450221684804514
