7 0.11819218705446251 0.16787585650947198 0.16053607071571144 0.05280128980249899
7 0.37781579697747364 0.14550584441757355 0.19731964642144284 0.04594921402660218
7 0.6585400627316795 0.14550584441757355 0.10464784716281723 0.039500201531640466
7 0.8873681209010551 0.1539701733172108 0.11234673510122613 0.037887948407900045
7 0.2884231536926148 0.43047158403869407 0.4975762760193898 0.07577589681580009
1 0.10835471913316226 0.2232970576380492 0.13572854291417166 0.05804111245465538
1 0.40504704875962366 0.19991938734381298 0.24893071000855435 0.06287787182587666
1 0.6601083547191332 0.20777912132204757 0.12375249500998005 0.07376058041112454
1 0.8893641288850871 0.20878677952438535 0.1305959509552324 0.07416364369205966
1 0.5 0.5737605804111245 0.8825206729398347 0.20596533655783958
11 0.07171371542629028 0.2833534864973801 0.07214143142286855 0.06610237807335752
10 0.32078699743370404 0.26642482869810563 0.08953521528371829 0.05723498589278517
12 0.6407185628742516 0.27488915759774285 0.07984031936127745 0.06690850463522774
10 0.8592814371257486 0.27589681580008063 0.0801254633589963 0.06731156791616284
11 0.10792700313658399 0.775292220878678 0.10464784716281723 0.06972994760177348
6 0.12774451097804393 0.22954453849254333 0.22526375819788996 0.23176138653768644
6 0.4131736526946108 0.21563885530028215 0.3119475335044198 0.2232970576380492
6 0.6633875106928999 0.22813381700927046 0.17308240661534077 0.2410318419991939
6 0.8716852010265185 0.22551390568319227 0.19960079840319364 0.23740427247077792
4 0.4907328200741375 0.6068117694478034 0.9483889364128886 0.4647319629181782
11 0.06073567151411463 0.0475614671503426 0.08953521528371829 0.09189842805320436
10 0.1555460507556316 0.046352277307537285 0.08582834331337326 0.08948004836759371
12 0.2550613059595096 0.0475614671503426 0.10065583119475335 0.094316807738815
3 0.5022811519817508 0.05300282144296655 0.9948674080410608 0.1060056428859331
3 0.49985742800114064 0.22309552599758162 0.9997148560022813 0.2599758162031439
3 0.49985742800114064 0.6058041112454655 0.9997148560022813 0.48448206368399843
