7 0.14713430282292558 0.21664651350261993 0.22127174222982607 0.05844417573559049
7 0.45138294838893644 0.20133010882708585 0.15283718277730254 0.050382910116888356
7 0.662389506700884 0.2071745264006449 0.07755916737952667 0.05723498589278517
7 0.8561448531508412 0.25856509471987105 0.08925007128599943 0.08182184602982669
7 0.1852010265183918 0.5395002015316405 0.24493869404049046 0.050382910116888356
1 0.13287710293698318 0.27972591696896415 0.1910464784716282 0.04594921402660218
1 0.4629312802965498 0.2704554615074567 0.151981750784146 0.09189842805320436
1 0.6612489307100086 0.26239419588875457 0.08155118334759054 0.051592099959693674
8 0.08240661534074709 0.3788794840790004 0.06501283147989735 0.060459492140266025
13 0.11933276304533791 0.6962918178153971 0.06928999144568007 0.06166868198307134
9 0.4101796407185629 0.3635630794034664 0.06358711149130311 0.058847239016525596
10 0.6400057028799544 0.34099153567110035 0.06244653550042772 0.06368399838774688
12 0.8390362132877104 0.3504635227730754 0.07442258340461934 0.06650544135429262
9 0.07898488736812091 0.07456670697299476 0.1317365269461078 0.13784764207980654
8 0.23410322212717424 0.07214832728738413 0.14143142286854862 0.13301088270858524
6 0.1589677787282578 0.29826682789197906 0.2831479897348161 0.294236195082628
6 0.46007984031936133 0.28073357517130193 0.2534930139720559 0.2962515114873035
6 0.6910464784716283 0.2815397017331721 0.1953236384374109 0.2760983474405482
6 0.8779583689763332 0.3053204353083434 0.18078129455374967 0.24949617089883114
4 0.483176504134588 0.6138653768641678 0.9133162246934703 0.28053204353083433
3 0.49985742800114064 0.0739621120515921 0.9997148560022813 0.1479242241031842
3 0.49985742800114064 0.29020556227327693 0.9997148560022813 0.3111648528819025
3 0.49985742800114064 0.6058041112454655 0.9997148560022813 0.3111648528819025
