7 0.21799258625605933 0.25453446191052 0.33903621328771033 0.06489318823055219
7 0.6320216709438267 0.23740427247077792 0.23524379811804963 0.07496977025392987
7 0.08525805531793557 0.567714631197098 0.08155118334759054 0.050382910116888356
7 0.35828343313373257 0.5580411124546554 0.11548331907613346 0.053607416364369206
7 0.5950955232392359 0.5290205562273277 0.10607356715141147 0.05118903667875857
7 0.8098089535215285 0.5239822652156388 0.09808953521528373 0.06368399838774688
7 0.25007128599942974 0.8087464731962919 0.34616481323068155 0.06489318823055219
1 0.2255489021956088 0.33252720677146314 0.2971200456230397 0.06852075775896817
1 0.6833475905332194 0.3180169286577993 0.26375819788993443 0.07738814993954052
1 0.13872255489021956 0.6247480854494156 0.11605360707157115 0.05481660620717453
1 0.38679783290561737 0.6237404272470778 0.11263187909894498 0.06166868198307134
1 0.6206159110350727 0.5828295042321645 0.11719418306244654 0.04030632809351068
1 0.87624750499002 0.5850463522773076 0.16481323068149417 0.0471584038694075
1 0.2268320501853436 0.8873438129786377 0.13145138294838896 0.05844417573559049
9 0.07855717137154264 0.0882708585247884 0.1382948388936413 0.15558242644095124
9 0.5473339036213288 0.39862958484482064 0.11320216709438267 0.08383716243450222
12 0.08996293128029656 0.4254332930270053 0.0943826632449387 0.0882708585247884
12 0.24907328200741377 0.07779121322047562 0.1822070145423439 0.1475211608222491
12 0.12218420302252639 0.9433696090286176 0.08411747932706017 0.07376058041112454
13 0.42229826062161396 0.07295445384925434 0.1317365269461078 0.13462313583232569
13 0.7929854576561164 0.6465135026199114 0.09238665526090677 0.06690850463522774
13 0.08283433133732536 0.6968964127367997 0.09096093527231253 0.0709391374445788
10 0.3520102651839179 0.6892382103990327 0.0943826632449387 0.08061265618702136
11 0.6552609067579128 0.07980652962515115 0.31251782149985746 0.14590890769850867
8 0.5791274593669804 0.6473196291817815 0.07869974337040206 0.06852075775896817
5 0.23424579412603366 0.3309149536477227 0.45081266039349877 0.2789197904070939
5 0.7296834901625321 0.31821846029826684 0.5258055317935558 0.2769044740024184
6 0.12845737097234106 0.6279725916968965 0.2238380382092957 0.2619911326078194
6 0.39435414884516684 0.6154776299879081 0.2469347020245224 0.2555421201128577
6 0.6097804391217565 0.5882708585247884 0.1953236384374109 0.2478839177750907
6 0.8595665811234674 0.5914953647722693 0.28029654975762763 0.24465941152760984
4 0.5025662959794697 0.8440145102781137 0.9942971200456231 0.2789197904070939
4 0.5004277159965783 0.08968158000806127 0.9985742800114058 0.17936316001612254
4 0.5004277159965783 0.32164449818621527 0.9985742800114058 0.2950423216444982
4 0.5004277159965783 0.5937122128174124 0.9985742800114058 0.2950423216444982
4 0.5042771599657827 0.876864167674325 0.9908753920729969 0.24546553808948005
