7 0.09666381522668949 0.20536074163643692 0.07755916737952667 0.07376058041112454
7 0.7028799543769604 0.22793228536880292 0.285143997718848 0.0939137444578799
7 0.18192187054462505 0.547359935509875 0.23096663815226692 0.06368399838774688
7 0.09309951525520388 0.7815397017331721 0.08468776732249787 0.05239822652156389
7 0.31437125748503 0.7887948407900041 0.08297690333618478 0.05401047964530432
7 0.5821214713430283 0.8200322450624749 0.09894496720844027 0.0471584038694075
7 0.8599942971200457 0.835751713018944 0.18135158254918735 0.05844417573559049
1 0.1870544625035643 0.27529222087867794 0.23952095808383236 0.05723498589278517
1 0.6850584545195324 0.3101571946795647 0.2671799258625606 0.08182184602982669
1 0.24009124607927004 0.6023780733575171 0.33304818933561453 0.056831922611850064
1 0.09509552323923583 0.8413945989520355 0.08867978329056174 0.05118903667875857
1 0.3401767892785857 0.8464328899637243 0.11405759908753922 0.04836759371221282
1 0.5832620473339036 0.8710197501007658 0.12175648702594812 0.06368399838774688
1 0.8521528371827773 0.8766626360338573 0.13715426290276592 0.04836759371221282
9 0.11904761904761905 0.6880290205562274 0.07784431137724551 0.07174526400644901
9 0.2462218420302253 0.07718661829907296 0.1400057028799544 0.14469971785570335
12 0.0955232392358141 0.07114066908504635 0.14200171086398633 0.13905683192261187
12 0.5634445394924438 0.08041112454655382 0.16652409466780727 0.15114873035066506
13 0.6367265469061877 0.47138250705360746 0.15454804676361564 0.11729141475211609
13 0.09153122326775022 0.9248286981056026 0.07071571143427431 0.08424022571543732
11 0.31579697747362423 0.939540507859734 0.07898488736812091 0.08544941555824265
9 0.81437125748503 0.9441757355904877 0.06444254348445966 0.05763804917372028
9 0.5633019674935843 0.9556630390971383 0.09096093527231253 0.07738814993954052
13 0.3982035928143713 0.08141878274889158 0.15141146278870832 0.16122531237404272
8 0.11092101511263189 0.4185812172511084 0.09865982321072142 0.08504635227730754
5 0.2600513259195894 0.3278919790407094 0.48246364414029086 0.37525191455058443
5 0.7576276019389793 0.3550987505038291 0.48417450812660395 0.3950020153164047
4 0.5042771599657827 0.6485288190245869 0.9908753920729969 0.2821442966545748
6 0.12788708297690335 0.8631600161225312 0.22269746221842032 0.27287384119306735
6 0.36427145708582837 0.8631600161225312 0.22269746221842032 0.27287384119306735
6 0.6060735671514115 0.8631600161225312 0.22269746221842032 0.27287384119306735
6 0.857428001140576 0.8839177750906893 0.2321072141431423 0.23135832325675132
3 0.5015682919874537 0.0856509471987102 0.9854576561163388 0.1713018943974204
3 0.5069860279441119 0.3472390165255945 0.9854576561163388 0.40507859733978235
3 0.5055603079555175 0.6537686416767433 0.9826062161391503 0.2910116888351471
3 0.5054177359566582 0.8645707376058042 0.9885942400912462 0.27005239822652155
