7 0.11220416310236671 0.29564691656590086 0.11206159110350727 0.0705360741636437
7 0.2735956658112347 0.29443772672309554 0.10293698317650414 0.06811769447803305
7 0.5420587396635301 0.3105602579604998 0.05246649558026804 0.053607416364369206
7 0.7329626461362989 0.2910116888351471 0.14399771884801826 0.05723498589278517
7 0.2854291417165669 0.5828295042321645 0.4801824921585401 0.10479645304312778
7 0.8165098374679214 0.5626763401854091 0.2112917023096664 0.07174526400644901
7 0.26817792985457656 0.8812978637646111 0.40975192472198463 0.050382910116888356
1 0.11662389506700885 0.3667875856509472 0.09238665526090677 0.060459492140266025
1 0.35029940119760483 0.3520757758968158 0.20273738237810096 0.05602579604997985
1 0.5551753635585971 0.37182587666263606 0.06900484744796123 0.041515517936316006
1 0.766609637867123 0.3369609028617493 0.14970059880239522 0.03708182184602983
1 0.3138009694895923 0.6577992744860943 0.4154548046763616 0.10318419991938735
1 0.851012261191902 0.635429262394196 0.21528371827773027 0.053607416364369206
1 0.18120901055032793 0.9314792422410318 0.17992586256059312 0.05965336557839581
11 0.09766181921870545 0.10459492140266022 0.1360136869118905 0.17049576783555018
11 0.0795551753635586 0.43329302700523986 0.06672369546621044 0.058847239016525596
8 0.5922440832620474 0.10157194679564692 0.08782435129740519 0.14590890769850867
8 0.740376390076989 0.7293430068520758 0.07442258340461934 0.07456670697299476
10 0.25007128599942974 0.42261185006045954 0.0724265754205874 0.06811769447803305
10 0.42286854861705164 0.10157194679564692 0.24465355004277162 0.18621523579201935
10 0.06472768748217851 0.9659411527609835 0.033076703735386376 0.035872632003224506
12 0.6954662104362703 0.3853284965739621 0.0724265754205874 0.07738814993954052
9 0.5434844596521243 0.4201934703748489 0.06900484744796123 0.05763804917372028
13 0.10536070715711435 0.7573559048770657 0.08354719133162247 0.08061265618702136
8 0.22811519817507844 0.09935509875050383 0.12717422298260622 0.17210802095929062
6 0.11248930710008555 0.3550987505038291 0.16338751069289992 0.2587666263603386
6 0.33917878528656975 0.35792019347037485 0.30424864556601083 0.26279725916968966
6 0.8156544054747649 0.35147118097541313 0.3681209010550328 0.2571543732365982
6 0.5566010835471914 0.3629584844820637 0.1305959509552324 0.25272067714631197
5 0.3319076133447391 0.6503426037887948 0.6392928428856574 0.28496573962112054
5 0.8393213572854292 0.6517533252720678 0.32078699743370404 0.29826682789197906
4 0.5096948959224409 0.9046755340588473 0.9800399201596807 0.17372027408303103
3 0.5059880239520959 0.10681176944780331 0.9874536641003707 0.1902458686013704
3 0.5059880239520959 0.34804514308746476 0.9874536641003707 0.29141475211608225
3 0.5059880239520959 0.6499395405078597 0.9874536641003707 0.31076178960096734
3 0.5075563159395495 0.9056831922611851 0.9843170801254635 0.1878274889157598
