7 0.11662389506700885 0.15497783151954858 0.1317365269461078 0.05844417573559049
7 0.36826347305389223 0.1769447803305119 0.12745936698032506 0.05481660620717453
7 0.5972341032221272 0.19085046352277307 0.16395779868833762 0.04957678355501814
7 0.8314798973481609 0.1968964127367997 0.1750784145993727 0.06166868198307134
7 0.10079840319361279 0.428254735993551 0.12688907898488738 0.06731156791616284
7 0.6328771029369832 0.42885933091495365 0.21471343028229256 0.06852075775896817
7 0.10992301112061592 0.7194679564691657 0.14057599087539208 0.07174526400644901
7 0.6102081551183348 0.7317613865376864 0.1727972626176219 0.05602579604997985
1 0.12931280296549758 0.22007255139056833 0.183917878528657 0.051592099959693674
1 0.3798118049615056 0.23941958887545345 0.13458796692329628 0.04594921402660218
1 0.6142001710863987 0.24284562676340188 0.19161676646706588 0.05280128980249899
1 0.8530082691759339 0.2609834744054817 0.16395779868833762 0.050382910116888356
1 0.20444824636441405 0.5046352277307538 0.29654975762760194 0.06368399838774688
1 0.6957513544339892 0.5028214429665457 0.3153692614770459 0.05925030229746071
1 0.2487881380096949 0.8162031438935913 0.3852295409181637 0.08383716243450222
1 0.6672369546621044 0.814993954050786 0.2629027658967779 0.06368399838774688
12 0.0908183632734531 0.056831922611850064 0.14684915882520674 0.10076582023377671
8 0.6090675791274595 0.06670697299476018 0.17678927858568577 0.11406690850463523
8 0.5794126033646992 0.5838371624345022 0.11405759908753922 0.09633212414349053
8 0.10878243512974052 0.5854494155582427 0.1365839749073282 0.08182184602982669
11 0.08768177929854577 0.30511890366787586 0.10692899914456802 0.08948004836759371
11 0.34402623324779014 0.3117694478033051 0.10464784716281723 0.09149536477226924
11 0.5598802395209581 0.3033051189036679 0.1086398631308811 0.08182184602982669
11 0.43071000855431996 0.0743651753325272 0.16053607071571144 0.12777106005642885
10 0.5888223552894212 0.9314792422410318 0.15340747077274025 0.11769447803305119
10 0.10350727117194183 0.9246271664651351 0.12318220701454236 0.1064087061668682
10 0.25805531793555747 0.05985489721886336 0.16880524664955804 0.10278113663845224
6 0.14513829483889365 0.23216444981862153 0.25377815796977476 0.2531237404272471
6 0.3857998289136014 0.2452640064490125 0.2053036783575706 0.24304715840386942
6 0.6159110350727117 0.25211608222490933 0.24351297405189623 0.2470777912132205
6 0.8528656971770745 0.25372833534864975 0.24351297405189623 0.2470777912132205
5 0.25548902195608786 0.5054413542926239 0.4779013401767893 0.2998790810157195
5 0.7175648702594811 0.5328496573962113 0.4776161961790705 0.2998790810157195
5 0.254205873966353 0.8228536880290206 0.4776161961790705 0.313180169286578
5 0.720558882235529 0.8377670294236196 0.47733105218135163 0.313180169286578
3 0.5025662959794697 0.06711003627569528 0.9925862560593101 0.1309955663039097
3 0.5034217279726262 0.2593712212817412 0.9925862560593101 0.2551390568319226
3 0.5034217279726262 0.511285771866183 0.9925862560593101 0.2954453849254333
3 0.5034217279726262 0.8236598145908908 0.9925862560593101 0.32204756146715036
