7 0.13886512688907898 0.22954453849254333 0.174508126603935 0.050382910116888356
7 0.3959224408326205 0.24022571543732368 0.15768463073852296 0.04917372027408303
7 0.6391502708867979 0.25856509471987105 0.08810949529512405 0.050382910116888356
7 0.8454519532363844 0.28436114469971785 0.0872540633019675 0.055219669488109635
7 0.13843741089250072 0.5614671503426039 0.15141146278870832 0.07416364369205966
7 0.37254063301967494 0.5598548972188634 0.1234673510122612 0.06852075775896817
7 0.6090675791274595 0.5558242644095123 0.12261191901910466 0.046755340588472395
7 0.8581408611348732 0.5626763401854091 0.12061591103507271 0.06932688432083838
1 0.14385514684915884 0.2819427650141072 0.17707442258340464 0.04796453043127771
1 0.39791844881665245 0.28819024586860137 0.14913031080695752 0.05804111245465538
1 0.6327345309381238 0.31338170092704554 0.09751924721984603 0.06166868198307134
1 0.8411747932706017 0.347037484885127 0.07356715141146279 0.0886739218057235
1 0.1447105788423154 0.6946795646916566 0.17194183062446536 0.18823055219669488
1 0.3785286569717708 0.6503426037887948 0.13202167094382664 0.1309955663039097
1 0.6240376390076989 0.6594115276098348 0.14798973481608213 0.14671503426037888
1 0.8521528371827773 0.6700927045546151 0.11662389506700885 0.1592099959693672
8 0.09523809523809525 0.08948004836759371 0.14143142286854862 0.16928657799274488
12 0.09153122326775022 0.4244256348246675 0.08497291132021671 0.08383716243450222
12 0.4580838323353294 0.0939137444578799 0.11548331907613346 0.12656187021362356
10 0.8179355574565156 0.4165659008464329 0.05218135158254919 0.03909713825070536
9 0.8149415454804677 0.8256751309955663 0.05930995152552039 0.04957678355501814
9 0.3341887653264899 0.856509471987102 0.06102081551183348 0.06610237807335752
11 0.09865982321072142 0.8776702942361951 0.07527801539777589 0.050382910116888356
11 0.5754205873966354 0.8325272067714632 0.05702879954376961 0.05602579604997985
11 0.5999429712004563 0.40245868601370416 0.04904476760764186 0.05118903667875857
10 0.3448816652409467 0.3901652559451834 0.07898488736812091 0.07577589681580009
13 0.3424579412603365 0.08726320032245063 0.10436270316509838 0.11729141475211609
11 0.22440832620473342 0.08726320032245063 0.11405759908753922 0.1422813381700927
6 0.15454804676361564 0.3391777509068924 0.2600513259195894 0.29866989117291415
6 0.39791844881665245 0.3371624345022169 0.23581408611348734 0.2946392583635631
6 0.6394354148845167 0.3307134220072552 0.151981750784146 0.2688432083837163
6 0.8443113772455091 0.3482466747279323 0.1448531508411748 0.24989923417976623
6 0.130453378956373 0.7222893994357115 0.21186199030510408 0.42885933091495365
6 0.3706871970345025 0.7126158806932689 0.21157684630738524 0.42885933091495365
6 0.6333048189335615 0.7009270455461508 0.21157684630738524 0.42885933091495365
6 0.8599942971200457 0.7081821846029827 0.21157684630738524 0.42885933091495365
3 0.5049900199600799 0.08806932688432084 0.9894496720844027 0.1640467553405885
3 0.5049900199600799 0.3361547762998791 0.9894496720844027 0.3143893591293833
3 0.5049900199600799 0.7271261588069328 0.9894496720844027 0.47964530431277713
