7 0.174508126603935 0.1807738814993954 0.25206729398346167 0.05844417573559049
7 0.5044197319646422 0.22289399435711407 0.25434844596521244 0.11527609834744056
7 0.7556315939549473 0.218863361547763 0.12603364699173084 0.09834744054816606
7 0.9392643284858855 0.21765417170495768 0.12090105503279157 0.05804111245465538
7 0.14827487881380097 0.5199516324062878 0.2189905902480753 0.07819427650141073
7 0.4319931565440548 0.5330511890366788 0.20758483033932137 0.06166868198307134
7 0.6407185628742516 0.5384925433293027 0.1910464784716282 0.06126561870213624
7 0.8863701169090391 0.599758162031439 0.2095808383233533 0.09754131398629586
1 0.16837753065297978 0.26763401854091096 0.24664955802680355 0.1241434905280129
1 0.4984317080125464 0.32043530834340994 0.25263758197889935 0.10882708585247884
1 0.7507841459937269 0.3407900040306328 0.1608212147134303 0.13663845223700122
1 0.9207299686341603 0.3430068520757759 0.1157684630738523 0.16122531237404272
1 0.14670658682634732 0.6902458686013705 0.2095808383233533 0.25755743651753327
1 0.41260336469917314 0.6874244256348246 0.17678927858568577 0.20918984280532044
1 0.6380096948959225 0.7220878677952439 0.1947533504419732 0.2809351068117695
1 0.8843741089250072 0.768037081821846 0.1822070145423439 0.23176138653768644
12 0.10279441117764472 0.38291011688835147 0.12004562303963502 0.0886739218057235
12 0.3925007128599943 0.4113260781942765 0.09666381522668949 0.09633212414349053
9 0.8875106928999146 0.4673518742442564 0.07613344739093243 0.08746473196291818
9 0.33133732534930144 0.9062877871825877 0.09181636726546907 0.0826279725916969
9 0.1964642144282863 0.0761789600967352 0.12546335899629313 0.14429665457476826
9 0.30538922155688625 0.07073760580411124 0.1169090390647277 0.1414752116082225
9 0.4184488166524095 0.07416364369205966 0.13031080695751354 0.14832728738411932
12 0.08112346735101227 0.07234985892785167 0.12118619903051042 0.13663845223700122
10 0.5856857713145138 0.9030632809351069 0.0855431993156544 0.08746473196291818
11 0.704448246364414 0.4459895203546957 0.09039064727687483 0.09633212414349053
8 0.8303393213572855 0.9232164449818622 0.09808953521528373 0.08746473196291818
6 0.17593384659252925 0.2954453849254333 0.317080125463359 0.34582829504232165
6 0.4931565440547477 0.3079403466344216 0.31679498146564017 0.34582829504232165
6 0.7389506700883947 0.3164046755340589 0.19418306244653552 0.3716243450221685
6 0.9101796407185629 0.34159613059250304 0.17564870259481039 0.3663845223700121
6 0.14314228685486172 0.7255139056831923 0.25434844596521244 0.5409109230149134
6 0.3947818648417451 0.7291414752116082 0.2540633019674936 0.5409109230149134
6 0.6382948388936414 0.7408303103587264 0.24779013401767894 0.5175332527206772
6 0.8778157969774737 0.7670294236195083 0.24379811804961507 0.4651350261991133
3 0.5017108639863131 0.07033454252317614 0.9920159680638724 0.14066908504635228
3 0.503706871970345 0.32849657396211207 0.9920159680638724 0.41193067311567916
3 0.503706871970345 0.7263200322450625 0.9920159680638724 0.5465538089480049
