7 0.11391502708867979 0.13945989520354696 0.1246079270031366 0.060459492140266025
7 0.5258055317935558 0.14389359129383314 0.21157684630738524 0.042724707779121324
7 0.31579697747362423 0.426440951229343 0.40975192472198463 0.06610237807335752
7 0.1934702024522384 0.7539298669891173 0.1810664385514685 0.07376058041112454
7 0.44910179640718567 0.7642079806529626 0.1448531508411748 0.06287787182587666
7 0.654975762760194 0.7629987908101572 0.07984031936127745 0.05804111245465538
7 0.8665526090675792 0.7535268037081823 0.08155118334759054 0.03909713825070536
1 0.4657827202737383 0.5038291011688836 0.6703735386370118 0.07255139056831923
1 0.6358711149130312 0.20656993147924224 0.42543484459652126 0.06489318823055219
1 0.14399771884801826 0.2037484885126965 0.18648417450812663 0.055219669488109635
1 0.1549757627601939 0.8395808141878275 0.11662389506700885 0.09754131398629586
1 0.41260336469917314 0.835751713018944 0.08782435129740519 0.07859733978234583
1 0.677502138579983 0.8335348649738009 0.1585400627316795 0.04917372027408303
1 0.8969204448246365 0.8143893591293834 0.16452808668377533 0.06489318823055219
12 0.07755916737952667 0.043329302700523986 0.1015112631879099 0.08665860540104797
12 0.18619903051040776 0.043329302700523986 0.1015112631879099 0.08665860540104797
12 0.29583689763330484 0.05401047964530432 0.11206159110350727 0.10802095929060863
12 0.40732820074137444 0.05401047964530432 0.11206159110350727 0.10802095929060863
10 0.14043341887653266 0.933696090286175 0.093812375249501 0.07295445384925434
13 0.40633019674935844 0.9387343812978638 0.08155118334759054 0.06932688432083838
11 0.8672654690618763 0.928254735993551 0.08297690333618478 0.06610237807335752
11 0.08925007128599943 0.3252720677146312 0.08155118334759054 0.07174526400644901
9 0.45737097234103224 0.32083837162434503 0.09523809523809525 0.060459492140266025
9 0.648274878813801 0.9361144699717856 0.08867978329056174 0.05925030229746071
8 0.1525520387795837 0.6178960096735188 0.12147134302822926 0.08383716243450222
5 0.19461077844311378 0.24022571543732368 0.35101226119190193 0.2845626763401854
5 0.6836327345309382 0.24083031035872632 0.6167664670658684 0.2873841193067312
4 0.5038494439692045 0.5390971382507054 0.9586541203307671 0.3647722692462717
6 0.187624750499002 0.8409915356711004 0.2914171656686627 0.31721080209592906
6 0.4458226404334189 0.8520757758968158 0.2130025662959795 0.28536880290205563
6 0.6698032506415741 0.8544941555824265 0.23096663815226692 0.29020556227327693
6 0.8984887368120902 0.8544941555824265 0.20245223838038212 0.29020556227327693
3 0.49985742800114064 0.05723498589278517 0.9917308240661535 0.11446997178557033
3 0.5038494439692045 0.2474808544941556 0.9917308240661535 0.2990729544538493
3 0.5038494439692045 0.5407093913744458 0.9917308240661535 0.3663845223700121
3 0.5062731679498147 0.8393792825473599 0.986883376104933 0.32043530834340994
