7 0.29868833761049335 0.27750906892382105 0.3361847733105218 0.135832325675131
7 0.7282577701739379 0.3319226118500605 0.20758483033932137 0.05118903667875857
7 0.20259481037924154 0.6051995163240629 0.0784145993726832 0.053607416364369206
7 0.11819218705446251 0.8093510681176945 0.06986027944111776 0.04353083434099154
7 0.3932135728542914 0.7922208786779524 0.09980039920159682 0.05602579604997985
7 0.6086398631308811 0.8234582829504232 0.1092101511263188 0.060459492140266025
7 0.8474479612204163 0.8250705360741637 0.06900484744796123 0.032245062474808545
1 0.30481893356144857 0.33857315598548976 0.4368406045052752 0.12333736396614269
1 0.7781579697747363 0.3851269649334946 0.3438836612489307 0.06166868198307134
1 0.8542914171656687 0.39298669891172916 0.18534359851725124 0.06610237807335752
1 0.5543199315654406 0.6247480854494156 0.737382378100941 0.041112454655380895
1 0.18192187054462505 0.826279725916969 0.18819503849443972 0.04836759371221282
1 0.4137439406900485 0.8417976622329706 0.18363273453093815 0.03909713825070536
1 0.652266894781865 0.8536880290205563 0.1822070145423439 0.04030632809351068
1 0.8790989449672085 0.8486497380088674 0.16880524664955804 0.03909713825070536
1 0.9262902765896779 0.8756549778315196 0.09666381522668949 0.0705360741636437
2 0.16096378671228972 0.4365175332527207 0.1240376390076989 0.08383716243450222
8 0.11191901910464785 0.0705360741636437 0.11434274308525806 0.09754131398629586
8 0.34103222127174226 0.8907698508665861 0.0855431993156544 0.07174526400644901
8 0.8224978614200171 0.8792825473599355 0.07898488736812091 0.06166868198307134
2 0.6767892785856858 0.4467956469165659 0.16167664670658685 0.08182184602982669
9 0.2949814656401483 0.06328093510681178 0.15027088679783293 0.10963321241434906
11 0.20687197034502425 0.6864167674324869 0.1668092386655261 0.07738814993954052
11 0.08996293128029656 0.9062877871825877 0.07385229540918165 0.0761789600967352
11 0.5718562874251497 0.9056831922611851 0.07670373538637013 0.06610237807335752
5 0.33133732534930144 0.33635630794034665 0.5469061876247505 0.34058847239016526
5 0.7720273738237811 0.3821039903264813 0.4553749643570003 0.3635630794034664
4 0.5279441117764472 0.6396614268440145 0.9435414884516682 0.2232970576380492
6 0.15697177074422586 0.8587263200322451 0.2774451097804391 0.22531237404272472
6 0.40747077274023386 0.8655783958081419 0.23096663815226692 0.22692462716646514
6 0.639863130881095 0.8663845223700122 0.24351297405189623 0.23417976622329706
6 0.8779583689763332 0.8692059653365579 0.24351297405189623 0.23417976622329706
3 0.5152552038779584 0.08585247883917775 0.9689193042486457 0.16848045143087464
3 0.5201026518391788 0.34099153567110035 0.9592244083262048 0.3538895606610238
3 0.5243798118049615 0.6356307940346635 0.9506700883946394 0.2434502216848045
3 0.5166809238665526 0.8589278516727127 0.9506700883946394 0.2434502216848045
