7 0.12489307100085544 0.3577186618299073 0.09295694325634446 0.07859733978234583
7 0.7255489021956089 0.4064893188230552 0.1559737667522099 0.06166868198307134
1 0.30196749358426006 0.43208383716243454 0.4374108925007129 0.06368399838774688
1 0.3963501568291988 0.4647319629181782 0.3376104932991161 0.12656187021362356
1 0.7821499857428001 0.4987908101571947 0.2931280296549758 0.10278113663845224
8 0.11776447105788423 0.12656187021362356 0.1454234388366125 0.1241434905280129
10 0.2825777017393784 0.12313583232567514 0.18135158254918735 0.15759774284562678
11 0.14285714285714288 0.4987908101571947 0.11120615911035074 0.0939137444578799
11 0.6924721984602225 0.6068117694478034 0.11092101511263189 0.09552599758162032
5 0.31736526946107785 0.4758162031438936 0.5537496435700029 0.40669085046352277
5 0.784431137724551 0.520757758968158 0.38494439692044485 0.3482466747279323
3 0.5078414599372684 0.14590890769850867 0.9837467921300257 0.21926642482869813
3 0.509409751924722 0.47279322853688033 0.9806102081551185 0.4651350261991133
