7 0.0919589392643285 0.2222893994357114 0.05218135158254919 0.035872632003224506
7 0.3043912175648703 0.19085046352277307 0.07613344739093243 0.031035872632003227
7 0.5677216994582265 0.17472793228536881 0.06729398346164814 0.032648125755743655
7 0.8391787852865698 0.18460298266827893 0.0587396635300827 0.05723498589278517
7 0.11106358711149131 0.4433696090286175 0.10635871114913031 0.04594921402660218
7 0.336897633304819 0.4238210399032648 0.061876247504990024 0.03829101168883515
7 0.6180496150556031 0.3996372430471584 0.06814941545480468 0.041515517936316006
7 0.8706871970345025 0.4175735590487707 0.08867978329056174 0.04353083434099154
7 0.10749928714000571 0.6991132607819428 0.09466780724265755 0.03829101168883515
1 0.11776447105788423 0.2636033857315599 0.09923011120615911 0.042724707779121324
1 0.34160250926717994 0.2267230955259976 0.13629883090960937 0.031035872632003227
1 0.6253207869974338 0.218863361547763 0.17907043056743657 0.03385731559854897
1 0.86883376104933 0.23337363966142685 0.13401767892785857 0.04030632809351068
1 0.13401767892785857 0.47702539298669894 0.1334473909324209 0.027811366384522373
1 0.40861134873110927 0.45969367190648935 0.18477331052181353 0.02700523982265216
1 0.6572569147419447 0.44054816606207176 0.1733675506130596 0.04030632809351068
1 0.8930710008554321 0.4594921402660218 0.12204163102366695 0.03143893591293833
1 0.4009124607927003 0.7204756146715035 0.6467065868263474 0.029423619508262798
8 0.07014542343883662 0.06771463119709795 0.07984031936127745 0.07577589681580009
8 0.8612774451097805 0.5032245062474808 0.08069575135443399 0.06489318823055219
11 0.1525520387795837 0.058242644095122934 0.0866837753065298 0.08424022571543732
8 0.09666381522668949 0.3006852075775897 0.060450527516395784 0.05804111245465538
9 0.31479897348160824 0.2742845626763402 0.08383233532934133 0.06569931479242241
9 0.8189335614485316 0.27710600564288596 0.07185628742514971 0.05602579604997985
9 0.1400057028799544 0.7898024989923418 0.16595380667236956 0.08746473196291818
2 0.3488736812090106 0.5151148730350665 0.06814941545480468 0.06368399838774688
2 0.10136869118905048 0.526199113260782 0.07271171941830624 0.07537283353486497
11 0.6213287710293699 0.4965739621120516 0.0855431993156544 0.07819427650141073
10 0.5714285714285715 0.2682386134623136 0.0855431993156544 0.0761789600967352
6 0.1246079270031366 0.26017734784361146 0.1602509267179926 0.18581217251108426
6 0.34616481323068155 0.23679967754937525 0.22412318220701455 0.19709794437726724
6 0.6290276589677788 0.2214832728738412 0.22412318220701455 0.19709794437726724
6 0.8739663530082692 0.22309552599758162 0.2332477901340177 0.2535268037081822
6 0.1407185628742515 0.4953647722692463 0.22440832620473342 0.21523579201934703
6 0.4019104647847163 0.4663442160419186 0.22326775021385803 0.2128174123337364
6 0.6605360707157115 0.44881096332124143 0.22098659823210723 0.20274083031035872
6 0.896777872825777 0.4651350261991133 0.20587396635300828 0.18137847642079807
4 0.5109780439121757 0.7416364369205966 0.9774736241802111 0.2821442966545748
3 0.49985742800114064 0.06590084643288997 0.9729113202167096 0.11970979443772672
3 0.5132591958939264 0.21825876662636035 0.9729113202167096 0.24062877871825877
3 0.5132591958939264 0.4693671906489319 0.9729113202167096 0.24062877871825877
3 0.5132591958939264 0.7507053607416365 0.9729113202167096 0.24062877871825877
