7 0.14314228685486172 0.17896009673518742 0.13572854291417166 0.07496977025392987
7 0.10778443113772455 0.5155179363160016 0.06957513544339892 0.04917372027408303
7 0.34930139720558884 0.5479645304312777 0.08953521528371829 0.0471584038694075
7 0.576988879384089 0.5576380491737203 0.08867978329056174 0.041515517936316006
7 0.8430282292557743 0.5608625554212011 0.06016538351867694 0.06408706166868199
7 0.10422013116623896 0.8077388149939541 0.0784145993726832 0.05804111245465538
1 0.5011405759908755 0.27106005642885933 0.8471628172226975 0.0705360741636437
1 0.1281722269746222 0.5689238210399032 0.13088109495295125 0.050382910116888356
1 0.3654120330767038 0.6051995163240629 0.1536926147704591 0.04232164449818622
1 0.6003706871970346 0.5995566303909714 0.13715426290276592 0.035872632003224506
1 0.8779583689763332 0.6134623135832326 0.1442828628457371 0.03708182184602983
1 0.48688337610493304 0.839782345828295 0.8214998574280012 0.04796453043127771
8 0.07370972341032223 0.07557436517533253 0.0949529512403764 0.07859733978234583
8 0.32506415739948674 0.6606207174526401 0.0872540633019675 0.07738814993954052
8 0.5614485315084118 0.6414752116082225 0.07527801539777589 0.06166868198307134
11 0.08468776732249787 0.6342200725513906 0.07755916737952667 0.0761789600967352
11 0.1506986027944112 0.33252720677146314 0.15540347875677218 0.0886739218057235
11 0.4466780724265755 0.06388553002821443 0.09096093527231253 0.07940346634421605
11 0.17365269461077845 0.07537283353486497 0.08896492728828059 0.08303103587263201
13 0.2724550898203593 0.07275292220878678 0.0943826632449387 0.08424022571543732
13 0.8196464214428287 0.6527609834744055 0.07043056743655547 0.056831922611850064
13 0.10992301112061592 0.8923821039903265 0.10236669518106645 0.06852075775896817
4 0.48859424009124613 0.2883917775090689 0.9595095523239237 0.33575171301894396
6 0.13088109495295125 0.5854494155582427 0.2315369261477046 0.24062877871825877
6 0.36427145708582837 0.6045949214026602 0.2112917023096664 0.24506247480854496
6 0.6055032791559738 0.5945183393792826 0.20102651839178787 0.2184602982668279
6 0.8771029369831765 0.6088270858524789 0.24522383803820932 0.24062877871825877
4 0.49885942400912464 0.8379685610640871 0.9657827202737383 0.24425634824667475
3 0.5041345879669233 0.06469165659008465 0.9911605360707157 0.1293833131801693
3 0.5041345879669233 0.29604997984683595 0.9911605360707157 0.3317210802095929
3 0.5041345879669233 0.5906892382103991 0.9911605360707157 0.27287384119306735
3 0.5041345879669233 0.8629584844820637 0.9911605360707157 0.27327690447400244
