7 0.15583119475335044 0.2525191455058444 0.15939549472483605 0.0471584038694075
7 0.681921870544625 0.22108020959290609 0.2512118619903051 0.06489318823055219
1 0.2658967778728258 0.31076178960096734 0.37952666096378673 0.051592099959693674
1 0.7579127459366981 0.29786376461104397 0.3792415169660679 0.06368399838774688
10 0.06429997148560024 0.0916968964127368 0.08240661534074709 0.09310761789600967
8 0.17365269461077845 0.07900040306328093 0.12204163102366695 0.10963321241434906
9 0.6706586826347306 0.4157597742845627 0.2178500142571999 0.13663845223700122
9 0.13629883090960937 0.41475211608222495 0.1602509267179926 0.1120515920999597
12 0.28386084972911324 0.07779121322047562 0.07784431137724551 0.08948004836759371
13 0.3798118049615056 0.07718661829907296 0.07927003136583975 0.10439338976219267
11 0.4811804961505561 0.07456670697299476 0.09039064727687483 0.09189842805320436
5 0.2670373538637012 0.3291011688835147 0.4724836042201312 0.34381297863764615
5 0.7543484459652124 0.328093510681177 0.4770459081836328 0.4062877871825877
3 0.5072711719418307 0.0769850866586054 0.983176504134588 0.1539701733172108
3 0.5081266039349872 0.3391777509068924 0.983176504134588 0.4244256348246675
