7 0.16139150270886798 0.1449012494961709 0.19731964642144284 0.035872632003224506
7 0.7266894781864842 0.11930673115679162 0.1662389506700884 0.037887948407900045
7 0.13758197889934418 0.3561064087061669 0.11833475905332194 0.050382910116888356
7 0.09623609923011121 0.6735187424425635 0.08468776732249787 0.042724707779121324
7 0.3689763330481894 0.6487303506650545 0.08326204733390363 0.06489318823055219
7 0.615340747077274 0.639862958484482 0.10037068719703451 0.05602579604997985
7 0.8572854291417167 0.6442966545747683 0.09837467921300258 0.06247480854494156
1 0.24679213002566297 0.19185812172511085 0.3242087254063302 0.02902055622732769
1 0.8082406615340748 0.15215638855300284 0.28999144568006846 0.041515517936316006
1 0.5027088679783291 0.3984280532043531 0.8548617051611064 0.050382910116888356
1 0.1489877388080981 0.7444578798871423 0.17764471057884232 0.05723498589278517
1 0.40219560878243515 0.71664651350262 0.14970059880239522 0.06610237807335752
1 0.6498431708012546 0.713018943974204 0.16937553464499575 0.05481660620717453
1 0.8742514970059881 0.7116082224909311 0.15283718277730254 0.06489318823055219
5 0.2999714856002281 0.17674324869004435 0.5839749073282008 0.20354695687222896
5 0.7934131736526947 0.1664651350261991 0.41260336469917314 0.20878677952438535
4 0.5105503279155974 0.42241031841999194 0.9783290561733676 0.3063280935106812
6 0.15540347875677218 0.7583635630794034 0.2583404619332763 0.3381700927045546
6 0.4101796407185629 0.7525191455058444 0.23353293413173654 0.3369609028617493
6 0.6578272027373824 0.7305521966948811 0.23609923011120618 0.3115679161628376
6 0.8783860849729114 0.7255139056831923 0.20844026233247792 0.294236195082628
11 0.05745651554034788 0.06146715034260379 0.0960935272312518 0.09310761789600967
11 0.12931280296549758 0.2519145505844418 0.15711434274308528 0.0951229343006852
11 0.11462788708297691 0.8514711809754132 0.11976047904191618 0.11406690850463523
10 0.8505845451953237 0.8022974607013301 0.11633875106929 0.09633212414349053
8 0.6944682064442544 0.20757758968158002 0.12917023096663816 0.08948004836759371
8 0.1621043627031651 0.053405884723901655 0.09780439121756487 0.07376058041112454
8 0.14713430282292558 0.5078597339782346 0.22127174222982607 0.12978637646110439
9 0.379954376960365 0.8129786376461104 0.13202167094382664 0.10882708585247884
13 0.6110635871114913 0.803305118903668 0.1157684630738523 0.11850060459492141
2 0.2901340176789279 0.04574768238613462 0.10293698317650414 0.08182184602982669
3 0.501996007984032 0.0475614671503426 0.9903051040775592 0.0951229343006852
3 0.5031365839749073 0.18359532446594115 0.9931565440547477 0.24304715840386942
3 0.5031365839749073 0.42724707779121324 0.9931565440547477 0.31358323256751314
3 0.5031365839749073 0.7519145505844418 0.9931565440547477 0.38008867392180573
