7 0.14627887082976904 0.24123337363966144 0.17222697462218423 0.0939137444578799
7 0.6233247790134018 0.22893994357114067 0.1733675506130596 0.07416364369205966
7 0.11933276304533791 0.6124546553808948 0.1086398631308811 0.07295445384925434
7 0.48061020815511835 0.6191051995163241 0.08468776732249787 0.06610237807335752
7 0.7520672939834617 0.6253526803708183 0.1092101511263188 0.07859733978234583
7 0.9151696606786428 0.6140669085046353 0.07784431137724551 0.053607416364369206
1 0.27345309381237526 0.31721080209592906 0.3661248930710009 0.060459492140266025
1 0.7721699458226405 0.30511890366787586 0.412888508696892 0.06690850463522774
1 0.20886797832905618 0.68863361547763 0.27174222982606216 0.07295445384925434
1 0.5353578557171372 0.6795646916565901 0.21471343028229256 0.07738814993954052
1 0.7554890219560879 0.6795646916565901 0.12745936698032506 0.03708182184602983
1 0.9178785286569718 0.6930673115679162 0.11177644710578843 0.06166868198307134
2 0.17564870259481039 0.4165659008464329 0.2053036783575706 0.11970979443772672
2 0.46449957228400346 0.7853688029020557 0.07927003136583975 0.10519951632406288
9 0.10464784716281723 0.09189842805320436 0.1602509267179926 0.13784764207980654
11 0.4891645280866838 0.08101571946795648 0.13145138294838896 0.12978637646110439
11 0.7167094382663246 0.7664248286981057 0.07043056743655547 0.08746473196291818
10 0.2569147419446821 0.08625554212011285 0.15226689478186486 0.14913341394598953
10 0.8806672369546622 0.7591696896412737 0.0784145993726832 0.0882708585247884
13 0.6732249786142003 0.4185812172511084 0.23666951810664388 0.11970979443772672
11 0.15697177074422586 0.7938331318016929 0.17593384659252925 0.09713825070536075
2 0.3756772169945823 0.08444175735590488 0.09666381522668949 0.15437323659814592
5 0.2765896777872826 0.3448206368399839 0.4898773880809809 0.3413945989520355
5 0.7549187339606502 0.3430068520757759 0.4895922440832621 0.38129786376461106
5 0.2124322783005418 0.7071745264006449 0.34901625320787 0.3671906489318823
5 0.530938123752495 0.7069729947601774 0.26917593384659255 0.3804917372027408
5 0.7492158540062732 0.7132204756146715 0.17479327060165384 0.32365981459089077
5 0.9210151126318792 0.6948810963321241 0.15739948674080412 0.31197097944377267
3 0.501996007984032 0.08061265618702136 0.9817507841459938 0.15800080612656187
3 0.5088394639292844 0.3476420798065296 0.9817507841459938 0.3825070536074164
3 0.5088394639292844 0.7196694881096333 0.9817507841459938 0.3825070536074164
