7 0.09324208725406331 0.1739218057234986 0.11348731109210151 0.06489318823055219
7 0.11263187909894498 0.47178557033454255 0.1300256629597947 0.035872632003224506
7 0.609923011120616 0.4689641273679968 0.20986598232107215 0.06166868198307134
7 0.08326204733390363 0.7484885126964934 0.0855431993156544 0.04917372027408303
7 0.3266324493869404 0.7517130189439742 0.08069575135443399 0.060459492140266025
7 0.5805531793555746 0.7478839177750907 0.14827487881380097 0.0705360741636437
7 0.8323353293413174 0.7629987908101572 0.18306244653550044 0.06932688432083838
1 0.370544625035643 0.24627166465135028 0.637867122897063 0.05965336557839581
1 0.22398061020815513 0.52801289802499 0.3259195893926433 0.04030632809351068
1 0.6585400627316795 0.5278113663845224 0.27573424579412603 0.05602579604997985
1 0.11619617907043057 0.8363563079403467 0.12802965497576277 0.04353083434099154
1 0.34174508126603936 0.8260781942765014 0.13316224693470202 0.050382910116888356
1 0.5852580553179356 0.8246674727932286 0.15141146278870832 0.04917372027408303
1 0.8371827773025379 0.8325272067714632 0.21157684630738524 0.06489318823055219
12 0.09039064727687483 0.3381700927045546 0.11120615911035074 0.08383716243450222
12 0.30424864556601083 0.9121322047561468 0.08782435129740519 0.07496977025392987
12 0.7717422298260622 0.9179766223297058 0.10122611919019106 0.07940346634421605
12 0.19931565440547477 0.06207174526400645 0.12774451097804393 0.12333736396614269
12 0.07399486740804107 0.06449012494961709 0.12745936698032506 0.12091898428053205
11 0.3294838893641289 0.06328093510681178 0.11491303108069575 0.12091898428053205
13 0.08283433133732536 0.6023780733575171 0.0943826632449387 0.09068923821039904
11 0.08126603934987169 0.9197904070939138 0.07984031936127745 0.07819427650141073
11 0.5360707157114343 0.9109230149133415 0.08326204733390363 0.06932688432083838
13 0.5590248075278016 0.6011688835147119 0.10065583119475335 0.08182184602982669
4 0.48688337610493304 0.2859733978234583 0.9703450242372399 0.3180169286577993
5 0.24493869404049046 0.5491737202740831 0.45508982035928147 0.2551390568319226
5 0.722269746221842 0.5525997581620314 0.4807527801539778 0.2708585247883918
6 0.11462788708297691 0.8442160419185812 0.20872540633019676 0.2898024989923418
6 0.35286569717707444 0.8434099153567111 0.20844026233247792 0.2898024989923418
6 0.5922440832620474 0.8468359532446594 0.22754491017964074 0.29343006852075776
6 0.8343313373253494 0.8413945989520355 0.2549187339606501 0.30189439742039503
3 0.500998003992016 0.06751309955663039 0.9974337040205304 0.13502619911326078
3 0.49985742800114064 0.2857718661829907 0.9997148560022813 0.32728738411930675
3 0.49985742800114064 0.5507859733978235 0.9997148560022813 0.32769044740024184
3 0.49985742800114064 0.835751713018944 0.9997148560022813 0.32769044740024184
