1 0.3122326775021386 0.269850866586054 0.5372112917023097 0.1648528819024587
11 0.0724265754205874 0.06993147924224104 0.11804961505560309 0.11003627569528417
11 0.5404904476760765 0.06610237807335752 0.14570858283433136 0.09754131398629586
12 0.1846307385229541 0.06590084643288997 0.10806957513544341 0.12212817412333737
10 0.28457370972341034 0.058847239016525596 0.10607356715141147 0.10963321241434906
9 0.4066153407470773 0.05804111245465538 0.13629883090960937 0.1064087061668682
8 0.11191901910464785 0.4399435711406691 0.10806957513544341 0.08182184602982669
4 0.3239235814086114 0.3307134220072552 0.6119190191046479 0.3671906489318823
3 0.3835186769318506 0.3609431680773882 0.7670373538637012 0.4478033051189037
3 0.3839463929284289 0.0679161628375655 0.7678927858568578 0.135832325675131
