7 0.16452808668377533 0.21765417170495768 0.21328771029369833 0.05804111245465538
7 0.1133447390932421 0.4931479242241032 0.12859994297120048 0.044740024183796856
7 0.5777017393783861 0.4909310761789601 0.16652409466780727 0.037887948407900045
7 0.15568862275449102 0.7636033857315598 0.20701454234388367 0.050382910116888356
7 0.5859709153122328 0.7440548166062072 0.23039635015682922 0.037887948407900045
1 0.19731964642144284 0.27710600564288596 0.2805816937553465 0.044740024183796856
1 0.17907043056743657 0.5491737202740831 0.245794126033647 0.07376058041112454
1 0.6799258625605932 0.5463522773075373 0.3835186769318506 0.07295445384925434
1 0.22512118619903052 0.8145908907698509 0.31565440547476475 0.06287787182587666
1 0.5805531793555746 0.7887948407900041 0.24009124607927004 0.03385731559854897
13 0.09281437125748504 0.3732365981459089 0.10635871114913031 0.09189842805320436
11 0.10550327915597378 0.8839177750906893 0.0872540633019675 0.08544941555824265
11 0.526233247790134 0.6174929463925837 0.09324208725406331 0.094316807738815
9 0.487881380096949 0.8486497380088674 0.07698887938408897 0.0769850866586054
8 0.10307955517536356 0.6203143893591294 0.10179640718562875 0.08383716243450222
4 0.47647562018819506 0.3027005239822652 0.9198745366410038 0.2910116888351471
5 0.1966067864271457 0.556428859330915 0.34702024522383806 0.2365981459089077
5 0.6944682064442544 0.5765820233776703 0.4776161961790705 0.2365981459089077
5 0.21998859424009126 0.8363563079403467 0.384659252922726 0.27650141072148327
5 0.6692329626461363 0.8238613462313583 0.48417450812660395 0.2361950826279726
12 0.07527801539777589 0.06831922611850061 0.1300256629597947 0.11970979443772672
11 0.2137154262902766 0.0705360741636437 0.12917023096663816 0.13301088270858524
3 0.500998003992016 0.08162031438935913 0.9974337040205304 0.15517936316001613
3 0.500998003992016 0.2974607013301088 0.9974337040205304 0.2910116888351471
3 0.4984317080125464 0.5675130995566304 0.9968634160250928 0.2910116888351471
3 0.500998003992016 0.8371624345022168 0.9974337040205304 0.2910116888351471
