1 0.12656605922551253 0.2955645161290323 0.15176537585421412 0.06612903225806452
1 0.3476651480637813 0.2877016129032258 0.14009111617312073 0.08185483870967741
1 0.5506833712984054 0.2923387096774194 0.16287015945330297 0.0814516129032258
1 0.7780466970387243 0.28830645161290325 0.1699886104783599 0.08306451612903226
1 0.8247437357630979 0.3270161290322581 0.09253986332574031 0.07983870967741935
7 0.15034168564920272 0.5125 0.15660592255125283 0.031451612903225803
1 0.47892938496583143 0.5441532258064516 0.7807517084282459 0.05040322580645161
1 0.29954441913439633 0.5981854838709677 0.2112756264236902 0.10201612903225807
7 0.10293280182232346 0.7762096774193549 0.06976082004555809 0.04112903225806452
1 0.23490888382687927 0.81875 0.29271070615034167 0.05282258064516129
7 0.5996583143507972 0.7665322580645161 0.10592255125284737 0.02903225806451613
1 0.6909168564920273 0.81875 0.2918564920273348 0.0657258064516129
11 0.09054669703872437 0.3685483870967742 0.09567198177676538 0.08387096774193549
9 0.31534738041002275 0.37701612903225806 0.07659453302961275 0.09193548387096774
11 0.503132118451025 0.3758064516129032 0.07289293849658314 0.09193548387096774
10 0.7393223234624146 0.3818548387096774 0.09253986332574031 0.09274193548387097
8 0.12072892938496582 0.6423387096774194 0.11446469248291571 0.12338709677419354
9 0.11489179954441912 0.9133064516129032 0.11702733485193621 0.12338709677419354
13 0.590261958997722 0.9016129032258065 0.11389521640091116 0.1064516129032258
9 0.07702164009111617 0.0967741935483871 0.12727790432801822 0.1435483870967742
8 0.2061503416856492 0.09858870967741935 0.10364464692482915 0.14233870967741935
12 0.32517084282460135 0.09516129032258064 0.12015945330296127 0.1443548387096774
11 0.4577164009111617 0.09737903225806452 0.1289863325740319 0.13346774193548386
10 0.5845671981776766 0.0967741935483871 0.12642369020501137 0.1435483870967742
13 0.723376993166287 0.09516129032258064 0.15404328018223234 0.14193548387096774
6 0.1289863325740319 0.3304435483870968 0.22949886104783598 0.2318548387096774
6 0.3466685649202733 0.32620967741935486 0.19105922551252846 0.2314516129032258
6 0.5646355353075171 0.32399193548387095 0.23291571753986332 0.2310483870967742
6 0.7895785876993165 0.33891129032258066 0.23291571753986332 0.2310483870967742
4 0.46867881548974943 0.5935483870967742 0.8912300683371298 0.2967741935483871
5 0.23348519362186787 0.8538306451612904 0.4145785876993166 0.28024193548387094
5 0.688638952164009 0.8528225806451613 0.3915148063781321 0.2709677419354839
3 0.5024202733485194 0.09838709677419355 0.9871867881548975 0.1967741935483871
3 0.4998576309794988 0.3280241935483871 0.9997152619589976 0.2810483870967742
3 0.4998576309794988 0.5933467741935484 0.9997152619589976 0.294758064516129
3 0.4998576309794988 0.8520161290322581 0.9997152619589976 0.29516129032258065
