7 0.09934435575826682 0.24133064516129032 0.07269099201824401 0.04959677419354839
7 0.3828392246294185 0.2560483870967742 0.09806157354618017 0.049193548387096775
7 0.5866590649942988 0.275 0.05131128848346636 0.04032258064516129
7 0.8031641961231472 0.28165322580645163 0.0476054732041049 0.03346774193548387
7 0.13283922462941847 0.5012096774193548 0.11003420752565565 0.03790322580645161
7 0.12941847206385404 0.7655241935483871 0.09806157354618017 0.04959677419354839
7 0.5913625997719498 0.7659274193548387 0.07041049030786774 0.05040322580645161
1 0.16020524515393386 0.27560483870967745 0.1630558722919042 0.032661290322580645
1 0.20538768529076398 0.3153225806451613 0.10632839224629419 0.09193548387096774
1 0.42118015963511973 0.28608870967741934 0.13198403648802737 0.03588709677419355
1 0.4548175598631699 0.3292338709677419 0.09492588369441278 0.09959677419354838
1 0.6519384264538198 0.3058467741935484 0.15051311288483465 0.027822580645161292
1 0.68172748004561 0.3566532258064516 0.07668187001140252 0.1254032258064516
1 0.8772805017103763 0.3106854838709677 0.14338654503990877 0.03346774193548387
1 0.906641961231471 0.33991935483870966 0.08010262257696693 0.1032258064516129
1 0.4830387685290764 0.5491935483870968 0.7847776510832384 0.06048387096774194
1 0.3234036488027366 0.5862903225806452 0.20267958950969214 0.06290322580645161
1 0.2988882554161916 0.8092741935483871 0.3942417331812999 0.05403225806451613
1 0.37058152793614596 0.8243951612903225 0.2827822120866591 0.07943548387096774
1 0.7323261117445838 0.8231854838709678 0.33637400228050174 0.07298387096774193
1 0.7806442417331814 0.8411290322580646 0.24144811858608894 0.11290322580645161
10 0.10404789053591791 0.3411290322580645 0.0758266818700114 0.1032258064516129
11 0.37058152793614596 0.35161290322580646 0.0815279361459521 0.10403225806451613
11 0.4385689851767389 0.11653225806451613 0.14794754846066135 0.17580645161290323
9 0.6026225769669328 0.37016129032258066 0.07525655644241733 0.09596774193548387
12 0.8189851767388826 0.38125 0.08551881413911061 0.11653225806451613
13 0.1555017103762828 0.6262096774193548 0.10119726339794755 0.08629032258064516
8 0.16818700114025087 0.9100806451612903 0.10604332953249715 0.08951612903225807
9 0.6084663625997719 0.8983870967741936 0.09036488027366021 0.08387096774193549
12 0.2746579247434436 0.10201612903225807 0.15592930444697833 0.16451612903225807
8 0.1031927023945268 0.10080645161290322 0.15678449258836943 0.16693548387096774
10 0.5819555302166477 0.11875 0.12913340935005702 0.1778225806451613
13 0.7118015963511973 0.11915322580645162 0.1322690992018244 0.1971774193548387
9 0.8523375142531358 0.11189516129032258 0.1362599771949829 0.18911290322580646
6 0.1619156214367161 0.32217741935483873 0.2708095781071836 0.24193548387096775
6 0.4136259977194983 0.33225806451612905 0.23261117445838086 0.2508064516129032
6 0.6473774230330673 0.34274193548387094 0.23261117445838086 0.2508064516129032
6 0.8834093500570126 0.35201612903225804 0.23261117445838086 0.2508064516129032
4 0.5059863169897377 0.6026209677419355 0.9224629418472065 0.30362903225806454
5 0.2911915621436716 0.8411290322580646 0.4774800456100342 0.27903225806451615
5 0.7609749144811859 0.8548387096774194 0.4774800456100342 0.27903225806451615
3 0.5039908779931586 0.10766129032258065 0.991448118586089 0.2153225806451613
3 0.5039908779931586 0.3387096774193548 0.991448118586089 0.2870967741935484
3 0.5039908779931586 0.5935483870967742 0.991448118586089 0.3056451612903226
3 0.5039908779931586 0.8465725806451613 0.991448118586089 0.3060483870967742
