7 0.2620967741935484 0.23087899543378995 0.4241935483870968 0.07705479452054795
1 0.30443548387096775 0.31592465753424653 0.23387096774193547 0.07134703196347031
7 0.7245967741935484 0.21660958904109587 0.425 0.0656392694063927
1 0.7953629032258065 0.2985159817351598 0.3165322580645161 0.09360730593607305
7 0.5032258064516129 0.4917237442922374 0.8911290322580645 0.07363013698630136
1 0.56875 0.5904680365296804 0.7818548387096774 0.12385844748858446
7 0.1443548387096774 0.7554223744292237 0.2161290322580645 0.043949771689497714
1 0.14778225806451614 0.8039383561643835 0.20927419354838708 0.043949771689497714
1 0.22580645161290322 0.8672945205479452 0.1032258064516129 0.09988584474885845
7 0.42923387096774196 0.7505707762557077 0.1971774193548387 0.06050228310502283
1 0.42439516129032256 0.8039383561643835 0.19879032258064516 0.03824200913242009
1 0.4883064516129032 0.8544520547945205 0.07096774193548387 0.11986301369863013
1 0.6586693548387097 0.7905251141552511 0.1778225806451613 0.08447488584474885
1 0.8772177419354839 0.7871004566210045 0.17459677419354838 0.091324200913242
1 0.9409274193548387 0.8929794520547945 0.07379032258064516 0.0884703196347032
8 0.09959677419354838 0.6212899543378995 0.13064516129032258 0.1615296803652968
12 0.1 0.8829908675799086 0.12016129032258065 0.1278538812785388
9 0.3850806451612903 0.8904109589041096 0.1217741935483871 0.12100456621004566
8 0.8377016129032258 0.8986872146118721 0.11895161290322581 0.1261415525114155
13 0.614516129032258 0.9043949771689497 0.12419354838709677 0.125
10 0.5713709677419355 0.3216324200913242 0.13306451612903225 0.125
9 0.10665322580645162 0.3319063926940639 0.12782258064516128 0.11244292237442921
13 0.08165322580645161 0.08105022831050228 0.14475806451612902 0.1552511415525114
11 0.22379032258064516 0.07363013698630136 0.14516129032258066 0.1404109589041096
12 0.3606854838709677 0.0716324200913242 0.12701612903225806 0.13299086757990866
11 0.4925403225806452 0.08047945205479451 0.13911290322580644 0.158675799086758
5 0.2568548387096774 0.283675799086758 0.47419354838709676 0.25799086757990863
5 0.7423387096774193 0.2799657534246575 0.507258064516129 0.25513698630136983
4 0.5048387096774194 0.5659246575342466 0.989516129032258 0.2928082191780822
6 0.15866935483870967 0.8378995433789954 0.28911290322580646 0.2933789954337899
6 0.43024193548387096 0.8504566210045662 0.2540322580645161 0.2933789954337899
6 0.6560483870967742 0.8527397260273972 0.2540322580645161 0.2933789954337899
6 0.88125 0.8527397260273972 0.23669354838709677 0.2933789954337899
3 0.5016129032258064 0.08019406392694063 0.9959677419354839 0.1581050228310502
3 0.5016129032258064 0.2851027397260274 0.9959677419354839 0.2711187214611872
3 0.5016129032258064 0.5630707762557078 0.9959677419354839 0.285958904109589
3 0.5016129032258064 0.8381849315068493 0.9959677419354839 0.285958904109589
