7 0.26129032258064516 0.22203196347031962 0.357258064516129 0.0547945205479452
7 0.7449596774193549 0.2117579908675799 0.4495967741935484 0.06050228310502283
7 0.1284274193548387 0.4965753424657534 0.1689516129032258 0.04337899543378995
7 0.36189516129032256 0.4817351598173516 0.1907258064516129 0.03881278538812785
7 0.6036290322580645 0.49714611872146114 0.19838709677419356 0.04680365296803653
7 0.8627016129032258 0.4994292237442922 0.2060483870967742 0.04908675799086758
7 0.5014112903225807 0.7699771689497716 0.8625 0.0547945205479452
1 0.2776209677419355 0.2725456621004566 0.3681451612903226 0.046232876712328765
1 0.3316532258064516 0.3424657534246575 0.26975806451612905 0.091324200913242
1 0.7471774193548387 0.26712328767123283 0.4435483870967742 0.045662100456621
1 0.8018145161290322 0.3170662100456621 0.2955645161290323 0.13755707762557076
1 0.12641129032258064 0.5439497716894977 0.15604838709677418 0.05251141552511415
1 0.18185483870967742 0.6138698630136986 0.07419354838709677 0.07705479452054795
1 0.3564516129032258 0.5339611872146118 0.1967741935483871 0.06792237442922375
1 0.4002016129032258 0.58162100456621 0.0907258064516129 0.10388127853881278
1 0.6215725806451613 0.5399543378995434 0.2245967741935484 0.05136986301369863
1 0.6673387096774194 0.6058789954337899 0.10725806451612903 0.12385844748858446
1 0.8411290322580646 0.5476598173515982 0.1596774193548387 0.04737442922374429
1 0.9195564516129032 0.613013698630137 0.1028225806451613 0.10388127853881278
1 0.511491935483871 0.8176369863013698 0.834274193548387 0.05194063926940639
1 0.4338709677419355 0.8575913242009132 0.4314516129032258 0.09417808219178081
13 0.11854838709677419 0.34788812785388123 0.12338709677419354 0.1021689497716895
13 0.13870967741935483 0.8889840182648401 0.1588709677419355 0.1113013698630137
10 0.09133064516129032 0.08333333333333333 0.15201612903225806 0.14383561643835616
10 0.5481854838709678 0.6275684931506849 0.09556451612903226 0.13299086757990866
12 0.24596774193548387 0.07562785388127853 0.15725806451612903 0.1432648401826484
12 0.8165322580645161 0.6318493150684931 0.11854838709677419 0.1141552511415525
11 0.3094758064516129 0.6261415525114155 0.1060483870967742 0.1141552511415525
8 0.08850806451612903 0.6227168949771689 0.09556451612903226 0.1050228310502283
9 0.5713709677419355 0.35102739726027393 0.1403225806451613 0.11529680365296803
5 0.26370967741935486 0.290810502283105 0.4612903225806452 0.27796803652968033
5 0.7449596774193549 0.2933789954337899 0.5092741935483871 0.28538812785388123
6 0.13850806451612904 0.5716324200913242 0.22943548387096774 0.27340182648401823
6 0.36129032258064514 0.5739155251141552 0.23951612903225805 0.2756849315068493
6 0.6137096774193549 0.5781963470319634 0.28225806451612906 0.27625570776255703
6 0.8691532258064516 0.5824771689497716 0.2608870967741935 0.2654109589041096
4 0.5139112903225806 0.8424657534246575 0.9713709677419354 0.2636986301369863
3 0.5024193548387097 0.08276255707762556 0.9943548387096774 0.16552511415525112
3 0.5024193548387097 0.30079908675799083 0.9943548387096774 0.2968036529680365
3 0.5024193548387097 0.5730593607305936 0.9943548387096774 0.2968036529680365
3 0.5024193548387097 0.85074200913242 0.9943548387096774 0.2973744292237443
