1 0.2586693548387097 0.30120137299771166 0.4173387096774194 0.10011441647597254
1 0.3401209677419355 0.39273455377574373 0.20766129032258066 0.12185354691075514
1 0.7320564516129032 0.30577803203661325 0.46169354838709675 0.09553775743707094
1 0.825 0.39931350114416475 0.2846774193548387 0.14645308924485126
1 0.13568548387096774 0.5949656750572082 0.1963709677419355 0.12242562929061784
1 0.36612903225806454 0.6038329519450801 0.15725806451612903 0.11498855835240275
1 0.6143145161290322 0.6032608695652174 0.21008064516129032 0.10354691075514874
1 0.8681451612903226 0.5998283752860412 0.2120967741935484 0.09439359267734554
1 0.941733870967742 0.6701945080091534 0.06814516129032258 0.09897025171624714
1 0.5 0.8524027459954233 0.8790322580645161 0.04576659038901602
1 0.6056451612903225 0.897025171624714 0.6879032258064516 0.07093821510297482
8 0.14153225806451614 0.4104691075514874 0.1814516129032258 0.12871853546910755
8 0.15201612903225806 0.9270594965675057 0.1975806451612903 0.10011441647597254
10 0.12056451612903225 0.1106979405034325 0.2064516129032258 0.1859267734553776
10 0.8256048387096774 0.705091533180778 0.13346774193548386 0.11498855835240275
11 0.525 0.12757437070938216 0.20725806451612902 0.20137299771167047
11 0.5774193548387097 0.7176773455377574 0.13629032258064516 0.11613272311212815
13 0.7332661290322581 0.1290045766590389 0.1907258064516129 0.19164759725400457
13 0.5909274193548387 0.41533180778032036 0.17620967741935484 0.11899313501144165
12 0.3268145161290323 0.12299771167048056 0.19556451612903225 0.19908466819221968
12 0.11008064516129032 0.7211098398169337 0.125 0.10125858123569795
9 0.3455645161290323 0.7193935926773456 0.14758064516129032 0.11956521739130435
9 0.9137096774193548 0.12471395881006865 0.1717741935483871 0.1853546910755149
5 0.24556451612903227 0.3707093821510298 0.4588709677419355 0.2803203661327231
5 0.7368951612903226 0.3784324942791762 0.5254032258064516 0.29347826086956524
6 0.14475806451612902 0.652745995423341 0.24516129032258063 0.2837528604118993
6 0.36733870967741933 0.6493135011441648 0.24516129032258063 0.2837528604118993
6 0.6193548387096774 0.6610411899313501 0.2709677419354839 0.29576659038901604
6 0.8582661290322581 0.6544622425629291 0.28266129032258064 0.32036613272311215
4 0.5006048387096774 0.8924485125858124 0.9600806451612903 0.2025171624713959
3 0.5036290322580645 0.11298627002288329 0.9862903225806452 0.2145308924485126
3 0.50625 0.3721395881006865 0.9866935483870968 0.3037757437070938
3 0.50625 0.6621853546910755 0.9866935483870968 0.3037757437070938
3 0.50625 0.897025171624714 0.9866935483870968 0.2048054919908467
