7 0.24435483870967742 0.22969107551487414 0.41774193548387095 0.06922196796338673
7 0.6997983870967742 0.2351258581235698 0.4092741935483871 0.06292906178489703
7 0.14455645161290323 0.5775171624713958 0.18911290322580646 0.06464530892448513
7 0.38891129032258065 0.5717963386727689 0.18024193548387096 0.06464530892448513
7 0.6435483870967742 0.5903890160183066 0.22419354838709676 0.08695652173913043
7 0.8806451612903226 0.5898169336384439 0.1967741935483871 0.057208237986270026
1 0.2245967741935484 0.2797482837528604 0.36935483870967745 0.04805491990846682
1 0.7245967741935484 0.2920480549199085 0.4483870967741935 0.041762013729977114
1 0.8014112903225806 0.3566933638443936 0.2794354838709677 0.15617848970251716
1 0.3133064516129032 0.33867276887871856 0.2564516129032258 0.14416475972540047
1 0.14858870967741936 0.6664759725400458 0.21411290322580645 0.11556064073226545
1 0.20826612903225805 0.7342677345537757 0.08669354838709678 0.1939359267734554
1 0.39314516129032256 0.6770594965675057 0.18225806451612903 0.13443935926773457
1 0.44213709677419355 0.7637299771167048 0.05040322580645161 0.14530892448512586
1 0.6316532258064516 0.683066361556064 0.1971774193548387 0.11556064073226545
1 0.6703629032258065 0.7931922196796338 0.06975806451612904 0.16189931350114417
1 0.870766129032258 0.6730549199084668 0.18830645161290321 0.10697940503432495
1 0.9254032258064516 0.7374141876430206 0.08064516129032258 0.10983981693363845
8 0.10181451612903226 0.36899313501144165 0.13588709677419356 0.14302059496567507
9 0.0905241935483871 0.08295194508009153 0.12862903225806452 0.15446224256292906
13 0.5703629032258064 0.3778604118993135 0.16733870967741934 0.13215102974828374
12 0.10403225806451613 0.7917620137299771 0.12580645161290321 0.14416475972540047
10 0.5758064516129032 0.8069221967963387 0.11612903225806452 0.15617848970251716
10 0.8215725806451613 0.8066361556064073 0.10524193548387097 0.14302059496567507
6 0.14818548387096775 0.7059496567505721 0.2536290322580645 0.40389016018306634
6 0.388508064516129 0.7116704805491991 0.22701612903225807 0.42105263157894735
6 0.6316532258064516 0.7193935926773456 0.24314516129032257 0.40560640732265446
6 0.8701612903225806 0.7131006864988558 0.24919354838709679 0.3987414187643021
5 0.24153225806451614 0.32723112128146453 0.4685483870967742 0.3146453089244851
5 0.7266129032258064 0.3338100686498856 0.5330645161290323 0.3083524027459954
3 0.49858870967741936 0.32494279176201374 0.9810483870967742 0.3340961098398169
3 0.5034274193548387 0.7110983981693364 0.9923387096774193 0.43135011441647597
3 0.5004032258064516 0.09267734553775744 0.967741935483871 0.16475972540045766
