7 0.49375 0.2534324942791762 0.8794354838709677 0.06636155606407322
7 0.25161290322580643 0.6209954233409611 0.4080645161290323 0.07036613272311212
7 0.7227822580645161 0.5983981693363845 0.369758064516129 0.07780320366132723
1 0.4729838709677419 0.3112128146453089 0.8290322580645161 0.05606407322654462
1 0.49516129032258066 0.3601258581235698 0.3935483870967742 0.12299771167048056
1 0.2776209677419355 0.7056636155606407 0.40524193548387094 0.03718535469107551
1 0.38064516129032255 0.7946224256292906 0.18225806451612903 0.2219679633867277
1 0.7324596774193548 0.674771167048055 0.3818548387096774 0.07723112128146453
1 0.8379032258064516 0.7880434782608695 0.15645161290322582 0.20652173913043478
11 0.10584677419354839 0.08752860411899313 0.18588709677419354 0.17505720823798626
9 0.28568548387096776 0.09124713958810068 0.17540322580645162 0.17677345537757438
10 0.16794354838709677 0.42734553775743706 0.2495967741935484 0.17620137299771166
13 0.17419354838709677 0.8209382151029748 0.22661290322580646 0.16933638443935928
12 0.6445564516129032 0.8117848970251716 0.20846774193548387 0.17048054919908467
4 0.4915322580645161 0.3698512585812357 0.9483870967741935 0.38272311212814647
5 0.2629032258064516 0.743421052631579 0.49838709677419357 0.4193363844393593
5 0.7504032258064516 0.7445652173913043 0.49838709677419357 0.4193363844393593
3 0.5050403225806451 0.09839816933638444 0.9891129032258065 0.19679633867276888
3 0.5050403225806451 0.3727116704805492 0.9891129032258065 0.38615560640732266
3 0.5050403225806451 0.7459954233409611 0.9891129032258065 0.41876430205949655
