7 0.12903225806451613 0.2414187643020595 0.16129032258064516 0.06407322654462243
7 0.3548387096774194 0.2654462242562929 0.16129032258064516 0.07665903890160183
7 0.5826612903225806 0.28518306636155605 0.19838709677419356 0.10125858123569795
7 0.83125 0.2974828375286041 0.2254032258064516 0.14073226544622425
7 0.2655241935483871 0.6538901601830663 0.3907258064516129 0.11441647597254005
7 0.7475806451612903 0.6570366132723112 0.3959677419354839 0.07723112128146453
1 0.2778225806451613 0.7517162471395881 0.36370967741935484 0.06407322654462243
1 0.36673387096774196 0.852974828375286 0.17137096774193547 0.08695652173913043
1 0.6987903225806451 0.7425629290617849 0.3016129032258065 0.05835240274599542
1 0.8165322580645161 0.8315217391304348 0.2161290322580645 0.12185354691075514
1 0.1497983870967742 0.3149313501144165 0.1528225806451613 0.07951945080091533
1 0.3691532258064516 0.32780320366132726 0.11088709677419355 0.032036613272311214
1 0.8917338709677419 0.44879862700228834 0.0875 0.10926773455377574
13 0.10987903225806452 0.44250572082379863 0.14717741935483872 0.16075514874141877
11 0.33891129032258066 0.4190503432494279 0.1431451612903226 0.15732265446224256
12 0.552016129032258 0.43707093821510296 0.16048387096774194 0.17391304347826086
8 0.7766129032258065 0.44994279176201374 0.14596774193548387 0.15503432494279176
9 0.15544354838709679 0.8506864988558352 0.19233870967741937 0.14530892448512586
12 0.6215725806451613 0.8378146453089245 0.1721774193548387 0.15389016018306637
10 0.09375 0.08953089244851259 0.1528225806451613 0.15160183066361557
8 0.2473790322580645 0.08838672768878719 0.16491935483870968 0.17562929061784896
6 0.1368951612903226 0.36155606407322655 0.23911290322580644 0.37299771167048057
6 0.3590725806451613 0.37128146453089245 0.21491935483870966 0.38215102974828374
6 0.5790322580645161 0.37585812356979403 0.24596774193548387 0.38443935926773454
6 0.8401209677419355 0.3812929061784897 0.2810483870967742 0.3804347826086957
5 0.2820564516129032 0.7622997711670481 0.4762096774193548 0.41018306636155605
5 0.7461693548387097 0.7685926773455377 0.4762096774193548 0.41018306636155605
3 0.4975806451612903 0.09210526315789473 0.9887096774193549 0.18421052631578946
3 0.5050403225806451 0.3767162471395881 0.9891129032258065 0.38272311212814647
3 0.5050403225806451 0.7725972540045767 0.9891129032258065 0.38272311212814647
