7 0.24233870967741936 0.21538901601830665 0.3967741935483871 0.08066361556064074
7 0.6858870967741936 0.20022883295194507 0.3782258064516129 0.08466819221967964
7 0.4806451612903226 0.48998855835240274 0.867741935483871 0.11270022883295194
7 0.1625 0.7580091533180778 0.2435483870967742 0.08009153318077804
7 0.43044354838709675 0.7611556064073226 0.17620967741935484 0.08867276887871854
7 0.6689516129032258 0.7574370709382151 0.1967741935483871 0.06178489702517163
7 0.8848790322580645 0.7654462242562929 0.1528225806451613 0.05835240274599542
1 0.28689516129032255 0.2857551487414188 0.17620967741935484 0.07151029748283753
1 0.7340725806451613 0.32265446224256294 0.20927419354838708 0.13615560640732266
1 0.5721774193548387 0.5903890160183066 0.6661290322580645 0.11327231121281464
1 0.17762096774193548 0.8255148741418764 0.1592741935483871 0.05034324942791762
1 0.2435483870967742 0.8953089244851259 0.12016129032258065 0.11327231121281464
1 0.6858870967741936 0.8155034324942791 0.1443548387096774 0.044050343249427915
1 0.8983870967741936 0.8266590389016019 0.09758064516129032 0.05034324942791762
1 0.9526209677419355 0.8875858123569794 0.0375 0.062356979405034325
13 0.869758064516129 0.9081807780320366 0.12580645161290321 0.13443935926773457
13 0.6147177419354839 0.8933066361556065 0.13185483870967743 0.12871853546910755
13 0.3967741935483871 0.8832951945080092 0.12258064516129032 0.13958810068649885
10 0.11794354838709678 0.9064645308924485 0.1375 0.12871853546910755
11 0.13608870967741934 0.6015446224256293 0.18588709677419354 0.12643020594965676
9 0.10403225806451613 0.3155034324942792 0.14516129032258066 0.12643020594965676
12 0.5502016129032258 0.33981693363844395 0.14233870967741935 0.14187643020594964
12 0.2157258064516129 0.08466819221967964 0.11774193548387096 0.15102974828375287
10 0.08004032258064517 0.08123569794050343 0.15120967741935484 0.14645308924485126
5 0.23830645161290323 0.27946224256292906 0.4612903225806452 0.2694508009153318
5 0.7278225806451613 0.284324942791762 0.5241935483870968 0.2963386727688787
4 0.4959677419354839 0.5537757437070938 0.9693548387096774 0.32379862700228834
6 0.16915322580645162 0.8432494279176201 0.3092741935483871 0.3123569794050343
6 0.42258064516129035 0.8383867276887872 0.22419354838709676 0.3003432494279176
6 0.6683467741935484 0.852974828375286 0.2592741935483871 0.2929061784897025
6 0.8893145161290322 0.8483981693363845 0.21008064516129032 0.2837528604118993
3 0.5022177419354839 0.08094965675057209 0.994758064516129 0.16189931350114417
3 0.4997983870967742 0.2877574370709382 0.9995967741935484 0.3295194508009153
3 0.4997983870967742 0.5657894736842105 0.9995967741935484 0.28604118993135014
3 0.4997983870967742 0.8564073226544623 0.9995967741935484 0.28604118993135014
