7 0.11129032258064517 0.25513698630136983 0.1693548387096774 0.03538812785388128
7 0.3709677419354839 0.24857305936073057 0.18467741935483872 0.037100456621004564
7 0.6370967741935484 0.2237442922374429 0.24193548387096775 0.04908675799086758
7 0.8903225806451613 0.2317351598173516 0.1870967741935484 0.05821917808219178
7 0.7122983870967742 0.5037100456621004 0.4221774193548387 0.06449771689497716
7 0.2381048387096774 0.5085616438356164 0.42379032258064514 0.0593607305936073
7 0.49173387096774196 0.7925228310502282 0.8520161290322581 0.06678082191780821
1 0.17641129032258066 0.33732876712328763 0.09637096774193549 0.09474885844748858
1 0.41875 0.3247716894977169 0.0842741935483871 0.08447488584474885
1 0.6245967741935484 0.2711187214611872 0.06532258064516129 0.0365296803652968
1 0.8979838709677419 0.278824200913242 0.16693548387096774 0.04052511415525114
1 0.15625 0.5659246575342466 0.21895161290322582 0.041666666666666664
1 0.7828629032258064 0.5704908675799086 0.28830645161290325 0.06906392694063926
1 0.5328629032258064 0.862728310502283 0.6504032258064516 0.06906392694063926
12 0.0715725806451613 0.3635844748858447 0.08991935483870968 0.10616438356164383
12 0.12116935483870968 0.6492579908675798 0.16975806451612904 0.10559360730593606
8 0.3270161290322581 0.3538812785388128 0.10080645161290322 0.10273972602739725
9 0.09979838709677419 0.09646118721461186 0.1689516129032258 0.1815068493150685
9 0.5784274193548387 0.3473173515981735 0.1060483870967742 0.12271689497716895
11 0.2625 0.09531963470319635 0.1596774193548387 0.17009132420091322
9 0.5639112903225807 0.09103881278538813 0.1310483870967742 0.1569634703196347
10 0.8405241935483871 0.3490296803652968 0.11088709677419355 0.10901826484018265
8 0.41995967741935486 0.09018264840182648 0.1657258064516129 0.17123287671232876
10 0.5731854838709678 0.6053082191780822 0.1495967741935484 0.12271689497716895
13 0.1254032258064516 0.8949771689497716 0.1443548387096774 0.11643835616438356
6 0.13024193548387097 0.32363013698630133 0.24435483870967742 0.25799086757990863
6 0.3782258064516129 0.3116438356164383 0.24435483870967742 0.25799086757990863
6 0.6423387096774194 0.31449771689497713 0.2887096774193548 0.2591324200913242
6 0.8877016129032258 0.2999429223744292 0.22379032258064516 0.2391552511415525
5 0.23588709677419356 0.5799086757990868 0.4717741935483871 0.2614155251141552
5 0.7286290322580645 0.5756278538812785 0.4975806451612903 0.2722602739726027
4 0.4925403225806452 0.8527397260273972 0.9528225806451613 0.2751141552511415
3 0.5038306451612903 0.08875570776255708 0.9915322580645162 0.1718036529680365
3 0.4997983870967742 0.31278538812785384 0.9995967741935484 0.2602739726027397
3 0.49959677419354837 0.5827625570776256 0.9991935483870967 0.2888127853881278
3 0.4997983870967742 0.8550228310502282 0.9995967741935484 0.2888127853881278
