7 0.11814516129032258 0.22540045766590389 0.18306451612903227 0.05835240274599542
7 0.3778225806451613 0.20566361556064072 0.20080645161290323 0.04748283752860412
7 0.6304435483870968 0.20709382151029748 0.22862903225806452 0.06178489702517163
7 0.48629032258064514 0.48112128146453087 0.8927419354838709 0.06178489702517163
7 0.2344758064516129 0.755720823798627 0.35524193548387095 0.06750572082379863
7 0.7280241935483871 0.7494279176201373 0.3342741935483871 0.05263157894736842
1 0.17379032258064517 0.27316933638443935 0.08790322580645162 0.04633867276887872
1 0.4032258064516129 0.255720823798627 0.09838709677419355 0.03318077803203661
1 0.644758064516129 0.267162471395881 0.14274193548387096 0.06750572082379863
1 0.901008064516129 0.2625858123569794 0.0939516129032258 0.029748283752860413
1 0.9344758064516129 0.30577803203661325 0.08266129032258064 0.04061784897025172
7 0.8568548387096774 0.20823798627002288 0.18225806451612903 0.05034324942791762
1 0.48508064516129035 0.5360411899313501 0.8870967741935484 0.06178489702517163
1 0.39899193548387096 0.5929633867276888 0.4310483870967742 0.06922196796338673
1 0.6649193548387097 0.8057780320366132 0.18306451612903227 0.04633867276887872
1 0.2381048387096774 0.8077803203661327 0.08588709677419355 0.03546910755148741
11 0.2830645161290323 0.07236842105263158 0.10161290322580645 0.12185354691075514
11 0.8258064516129032 0.3426773455377574 0.12016129032258065 0.10983981693363845
11 0.11512096774193549 0.8838672768878718 0.1254032258064516 0.11899313501144165
9 0.509475806451613 0.06750572082379863 0.1060483870967742 0.12585812356979406
9 0.617741935483871 0.8904462242562929 0.12258064516129032 0.11613272311212815
8 0.06330645161290323 0.06550343249427917 0.10725806451612903 0.11842105263157894
8 0.09979838709677419 0.6095537757437071 0.13266129032258064 0.10240274599542334
10 0.1719758064516129 0.06321510297482838 0.11008064516129032 0.12528604118993136
10 0.5725806451612904 0.3326659038901602 0.1153225806451613 0.11613272311212815
9 0.3977822580645161 0.06693363844393593 0.10766129032258065 0.12471395881006865
13 0.33931451612903224 0.33037757437070936 0.13185483870967743 0.10812356979405034
12 0.07459677419354839 0.3266590389016018 0.11854838709677419 0.12013729977116705
6 0.13004032258064516 0.27431350114416475 0.25443548387096776 0.2511441647597254
6 0.37721774193548385 0.27717391304347827 0.25443548387096776 0.2511441647597254
6 0.6241935483870967 0.2797482837528604 0.2629032258064516 0.2757437070938215
6 0.8745967741935484 0.28718535469107553 0.25 0.2757437070938215
4 0.4991935483870968 0.5589244851258581 0.967741935483871 0.28718535469107553
5 0.24314516129032257 0.8166475972540046 0.4282258064516129 0.290045766590389
5 0.739516129032258 0.8332379862700229 0.4282258064516129 0.290045766590389
3 0.5008064516129033 0.07065217391304347 0.9975806451612903 0.13215102974828374
3 0.5028225806451613 0.2831807780320366 0.9935483870967742 0.28604118993135014
3 0.5028225806451613 0.5594965675057209 0.9935483870967742 0.28604118993135014
3 0.5028225806451613 0.8369565217391305 0.9935483870967742 0.3112128146453089
