7 0.15443548387096775 0.2299771167048055 0.2411290322580645 0.032036613272311214
7 0.4935483870967742 0.2110983981693364 0.26048387096774195 0.04919908466819222
7 0.4334677419354839 0.5163043478260869 0.7233870967741935 0.07951945080091533
7 0.1465725806451613 0.8052059496567505 0.2254032258064516 0.04290617848970252
7 0.4020161290322581 0.8083524027459954 0.18467741935483872 0.05835240274599542
7 0.6268145161290323 0.790903890160183 0.1721774193548387 0.04290617848970252
7 0.869758064516129 0.7889016018306636 0.17983870967741936 0.05606407322654462
1 0.507258064516129 0.6175629290617849 0.5435483870967742 0.12528604118993136
1 0.24858870967741936 0.29576659038901604 0.1536290322580645 0.09610983981693363
1 0.5627016129032258 0.2920480549199085 0.08508064516129032 0.09897025171624714
1 0.2129032258064516 0.8729977116704806 0.07419354838709677 0.09038901601830664
1 0.46673387096774194 0.8604118993135011 0.053629032258064514 0.029748283752860413
1 0.95 0.8638443935926774 0.06451612903225806 0.10983981693363845
9 0.20161290322580644 0.07494279176201372 0.14838709677419354 0.14988558352402745
12 0.4975806451612903 0.08037757437070939 0.16451612903225807 0.15732265446224256
12 0.84375 0.8904462242562929 0.15766129032258064 0.13901601830663615
11 0.07116935483870968 0.08381006864988558 0.13024193548387097 0.16762013729977115
13 0.12217741935483871 0.3618421052631579 0.14274193548387096 0.14588100686498856
11 0.1439516129032258 0.6516018306636155 0.175 0.14988558352402745
11 0.3778225806451613 0.9007437070938216 0.1435483870967742 0.12185354691075514
8 0.6129032258064516 0.8881578947368421 0.13951612903225807 0.12757437070938216
8 0.3377016129032258 0.07494279176201372 0.1439516129032258 0.14988558352402745
13 0.4425403225806452 0.3166475972540046 0.1504032258064516 0.13100686498855835
10 0.11411290322580644 0.9136155606407322 0.14516129032258066 0.12356979405034325
5 0.17762096774193548 0.3029176201372998 0.3294354838709677 0.27745995423340963
7 0.43266129032258066 0.5151601830663616 0.7233870967741935 0.07951945080091533
5 0.5219758064516129 0.2814645308924485 0.3818548387096774 0.2654462242562929
4 0.4838709677419355 0.6018306636155606 0.9233870967741935 0.3180778032036613
6 0.15544354838709679 0.8755720823798627 0.2745967741935484 0.2477116704805492
6 0.4044354838709677 0.8755720823798627 0.2314516129032258 0.2477116704805492
6 0.6389112903225806 0.8532608695652174 0.23024193548387098 0.2740274599542334
6 0.8743951612903226 0.8501144164759725 0.25040322580645163 0.2700228832951945
3 0.4997983870967742 0.07723112128146453 0.9995967741935484 0.14302059496567507
3 0.4997983870967742 0.3017734553775744 0.9995967741935484 0.3060640732265446
3 0.4997983870967742 0.6009725400457666 0.9995967741935484 0.3060640732265446
3 0.4997983870967742 0.870137299771167 0.9995967741935484 0.2585812356979405
