7 0.14516129032258066 0.2856735159817351 0.19919354838709677 0.0656392694063927
7 0.42036290322580644 0.2796803652968036 0.21653225806451612 0.05821917808219178
7 0.6665322580645161 0.2639840182648402 0.16612903225806452 0.046232876712328765
7 0.8925403225806452 0.24743150684931506 0.17620967741935484 0.06107305936073059
7 0.2590725806451613 0.6386986301369862 0.37943548387096776 0.06278538812785388
7 0.7514112903225807 0.5953196347031963 0.4584677419354839 0.03767123287671233
1 0.13931451612903226 0.3453196347031963 0.12701612903225806 0.030821917808219176
1 0.19112903225806452 0.4001141552511415 0.05725806451612903 0.13812785388127852
1 0.42620967741935484 0.3353310502283105 0.19838709677419356 0.050799086757990865
1 0.46733870967741936 0.4032534246575342 0.10080645161290322 0.16495433789954336
1 0.6774193548387096 0.3179223744292237 0.11290322580645161 0.05707762557077625
1 0.8975806451612903 0.3073630136986301 0.18629032258064515 0.03595890410958904
1 0.26491935483870965 0.7200342465753424 0.37983870967741934 0.07363013698630136
1 0.338508064516129 0.7605593607305936 0.2407258064516129 0.12157534246575341
1 0.6707661290322581 0.6735159817351598 0.2770161290322581 0.0547945205479452
10 0.09616935483870968 0.4369292237442922 0.10766129032258065 0.1523972602739726
8 0.8497983870967742 0.4143835616438356 0.08911290322580645 0.1358447488584475
13 0.6006048387096774 0.8116438356164383 0.15846774193548388 0.1449771689497717
11 0.3473790322580645 0.4138127853881278 0.1157258064516129 0.1506849315068493
11 0.2923387096774194 0.1141552511415525 0.19596774193548386 0.20319634703196346
9 0.12338709677419354 0.8487442922374429 0.15403225806451612 0.1449771689497717
12 0.09495967741935483 0.11700913242009131 0.1875 0.1997716894977169
12 0.635483870967742 0.4138127853881278 0.12741935483870967 0.1461187214611872
6 0.14495967741935484 0.37842465753424653 0.2689516129032258 0.3105022831050228
6 0.41008064516129034 0.3855593607305936 0.2846774193548387 0.3407534246575342
6 0.6707661290322581 0.3641552511415525 0.24153225806451614 0.3333333333333333
6 0.8919354838709678 0.3638698630136986 0.2153225806451613 0.33732876712328763
5 0.24919354838709679 0.7736872146118721 0.4838709677419355 0.4138127853881278
5 0.7455645161290323 0.7323059360730593 0.5080645161290323 0.386986301369863
3 0.5034274193548387 0.11187214611872145 0.9923387096774193 0.2180365296803653
3 0.5034274193548387 0.3638698630136986 0.9923387096774193 0.353310502283105
3 0.5034274193548387 0.7705479452054794 0.9923387096774193 0.45776255707762553
