7 0.2368951612903226 0.6053082191780822 0.3455645161290323 0.07705479452054795
7 0.7018145161290322 0.5918949771689498 0.3995967741935484 0.08561643835616438
7 0.5963709677419354 0.2694063926940639 0.16370967741935483 0.05251141552511415
7 0.8350806451612903 0.2497146118721461 0.1435483870967742 0.050799086757990865
7 0.36451612903225805 0.24400684931506847 0.15725806451612903 0.046232876712328765
7 0.1284274193548387 0.252283105022831 0.17540322580645162 0.04680365296803653
1 0.12641129032258064 0.3050799086757991 0.16975806451612904 0.04737442922374429
1 0.37620967741935485 0.297945205479452 0.13709677419354838 0.03767123287671233
1 0.6346774193548387 0.3224885844748858 0.08064516129032258 0.02054794520547945
1 0.6627016129032258 0.3872716894977169 0.07620967741935483 0.12842465753424656
1 0.8653225806451613 0.3059360730593607 0.12016129032258065 0.05365296803652968
1 0.9197580645161291 0.3561643835616438 0.06290322580645161 0.09246575342465753
1 0.2540322580645161 0.6863584474885844 0.2991935483870968 0.050799086757990865
1 0.3465725806451613 0.7648401826484018 0.16653225806451613 0.17009132420091322
1 0.7026209677419355 0.6563926940639269 0.3004032258064516 0.06050228310502283
11 0.5657258064516129 0.3944063926940639 0.11290322580645161 0.1358447488584475
10 0.8112903225806452 0.3964041095890411 0.1217741935483871 0.1581050228310502
12 0.3241935483870968 0.3924086757990867 0.10161290322580645 0.13184931506849315
9 0.09899193548387097 0.4115296803652968 0.10524193548387097 0.13926940639269406
12 0.16713709677419356 0.8153538812785388 0.18588709677419354 0.1615296803652968
13 0.5695564516129032 0.8162100456621004 0.17540322580645162 0.1689497716894977
13 0.10927419354838709 0.1035958904109589 0.17903225806451614 0.15582191780821916
8 0.2981854838709677 0.10388127853881278 0.19556451612903225 0.17123287671232876
6 0.1377016129032258 0.34332191780821913 0.24798387096774194 0.32819634703196343
6 0.3756048387096774 0.3444634703196347 0.2310483870967742 0.32363013698630133
6 0.6114919354838709 0.3467465753424657 0.25443548387096776 0.3259132420091324
6 0.8610887096774194 0.34788812785388123 0.25443548387096776 0.3259132420091324
5 0.24596774193548387 0.733162100456621 0.43951612903225806 0.44691780821917804
5 0.7324596774193548 0.7177511415525114 0.5254032258064516 0.4115296803652968
3 0.5066532258064516 0.1004566210045662 0.9858870967741935 0.1780821917808219
3 0.5024193548387097 0.3456050228310502 0.9943548387096774 0.3521689497716895
3 0.5024193548387097 0.7288812785388128 0.9943548387096774 0.44406392694063923
