7 0.14818548387096775 0.3287671232876712 0.16491935483870968 0.0502283105022831
7 0.4241935483870968 0.2973744292237443 0.1975806451612903 0.04680365296803653
7 0.7131048387096774 0.3039383561643835 0.21088709677419354 0.07591324200913241
7 0.9143145161290323 0.3096461187214612 0.10766129032258065 0.07363013698630136
7 0.2540322580645161 0.6601027397260274 0.3782258064516129 0.053082191780821915
7 0.7306451612903225 0.6546803652968036 0.4056451612903226 0.0639269406392694
1 0.1808467741935484 0.3718607305936073 0.12943548387096773 0.04280821917808219
1 0.45564516129032256 0.3655821917808219 0.2064516129032258 0.04280821917808219
1 0.4967741935483871 0.4263698630136986 0.11612903225806452 0.14269406392694062
1 0.713508064516129 0.3644406392694064 0.17459677419354838 0.03595890410958904
1 0.759475806451613 0.4549086757990867 0.07298387096774193 0.17579908675799086
1 0.3530241935483871 0.7748287671232876 0.21169354838709678 0.17865296803652966
1 0.8022177419354839 0.7103310502283104 0.1721774193548387 0.041666666666666664
12 0.1125 0.473458904109589 0.12661290322580646 0.13641552511415525
12 0.9008064516129032 0.4628995433789954 0.11612903225806452 0.1415525114155251
9 0.12439516129032258 0.1113013698630137 0.22943548387096774 0.2089041095890411
9 0.37620967741935485 0.4674657534246575 0.12661290322580646 0.1415525114155251
8 0.6703629032258065 0.4691780821917808 0.13024193548387097 0.1495433789954338
11 0.6173387096774193 0.7928082191780822 0.20725806451612902 0.14269406392694062
10 0.14858870967741936 0.8007990867579908 0.1971774193548387 0.1449771689497717
6 0.1625 0.41210045662100453 0.2725806451612903 0.3515981735159817
6 0.4377016129032258 0.4055365296803653 0.3060483870967742 0.3487442922374429
6 0.7157258064516129 0.41495433789954334 0.25483870967741934 0.36757990867579904
6 0.9110887096774194 0.3978310502283105 0.17701612903225805 0.3447488584474886
5 0.25705645161290325 0.754566210045662 0.46491935483870966 0.33105022831050224
5 0.7407258064516129 0.7557077625570776 0.5032258064516129 0.3356164383561644
3 0.5034274193548387 0.10987442922374428 0.9923387096774193 0.21974885844748857
3 0.5034274193548387 0.4083904109589041 0.9923387096774193 0.38755707762557073
3 0.5034274193548387 0.771404109589041 0.9923387096774193 0.38755707762557073
