7 0.23931451612903226 0.31307077625570773 0.3689516129032258 0.1295662100456621
7 0.6754032258064516 0.30993150684931503 0.40241935483870966 0.10273972602739725
7 0.4959677419354839 0.766552511415525 0.8483870967741935 0.07876712328767123
1 0.23366935483870968 0.4049657534246575 0.3318548387096774 0.07591324200913241
1 0.3334677419354839 0.4977168949771689 0.1774193548387097 0.25
1 0.6931451612903226 0.42123287671232873 0.36370967741935484 0.136986301369863
1 0.7949596774193548 0.504851598173516 0.19153225806451613 0.27340182648401823
1 0.5639112903225807 0.8410388127853881 0.4754032258064516 0.12728310502283105
9 0.1469758064516129 0.5636415525114155 0.19556451612903225 0.19121004566210045
13 0.5870967741935483 0.5810502283105022 0.22258064516129034 0.1780821917808219
10 0.10947580645161291 0.09931506849315068 0.18830645161290321 0.17579908675799086
12 0.28931451612903225 0.10473744292237443 0.18830645161290321 0.1843607305936073
11 0.1752016129032258 0.8835616438356164 0.23346774193548386 0.14840182648401826
5 0.23971774193548387 0.45005707762557073 0.43024193548387096 0.4948630136986301
5 0.6953629032258064 0.45776255707762553 0.494758064516129 0.5125570776255708
4 0.5002016129032258 0.8441780821917808 0.9625 0.3105022831050228
3 0.5004032258064516 0.10188356164383561 0.9983870967741936 0.19577625570776255
3 0.5004032258064516 0.4611872146118721 0.9983870967741936 0.5125570776255708
3 0.5004032258064516 0.8359018264840182 0.9983870967741936 0.30079908675799083
