7 0.17076612903225807 0.2759703196347032 0.2536290322580645 0.10331050228310501
7 0.43366935483870966 0.2742579908675799 0.19314516129032258 0.09531963470319635
7 0.6897177419354839 0.2731164383561644 0.1907258064516129 0.05194063926940639
7 0.8832661290322581 0.2480022831050228 0.1342741935483871 0.04052511415525114
1 0.451008064516129 0.6275684931506849 0.7737903225806452 0.1261415525114155
1 0.8983870967741936 0.3002283105022831 0.14274193548387096 0.033105022831050226
9 0.11754032258064516 0.3698630136986301 0.13830645161290323 0.136986301369863
11 0.3951612903225806 0.3727168949771689 0.13790322580645162 0.13812785388127852
8 0.6588709677419354 0.3864155251141552 0.13629032258064516 0.13926940639269406
8 0.8689516129032258 0.3812785388127854 0.11774193548387096 0.13812785388127852
12 0.1963709677419355 0.7819634703196346 0.3032258064516129 0.14269406392694062
10 0.24012096774193548 0.09046803652968036 0.1504032258064516 0.1672374429223744
13 0.5116935483870968 0.07962328767123288 0.1620967741935484 0.1535388127853881
12 0.08568548387096774 0.091324200913242 0.15201612903225806 0.17123287671232876
4 0.50625 0.7166095890410958 0.9560483870967742 0.4046803652968036
6 0.16975806451612904 0.3344748858447488 0.2862903225806452 0.2842465753424657
6 0.4469758064516129 0.3330479452054794 0.26814516129032256 0.2939497716894977
6 0.6834677419354839 0.3441780821917808 0.22016129032258064 0.2808219178082192
6 0.8955645161290322 0.34018264840182644 0.2056451612903226 0.3013698630136986
3 0.5 0.09160958904109588 0.9991935483870967 0.18207762557077625
3 0.5 0.3396118721461187 0.9991935483870967 0.3230593607305936
3 0.5 0.7317351598173516 0.9991935483870967 0.4360730593607306
