7 0.11915322580645162 0.245148401826484 0.15524193548387097 0.053082191780821915
7 0.3342741935483871 0.2314497716894977 0.15241935483870966 0.04280821917808219
7 0.5858870967741936 0.2345890410958904 0.13951612903225807 0.05365296803652968
7 0.8663306451612903 0.2634132420091324 0.20846774193548387 0.06906392694063926
7 0.2625 0.5542237442922374 0.3911290322580645 0.0365296803652968
7 0.7366935483870968 0.5368150684931506 0.4306451612903226 0.04280821917808219
7 0.4780241935483871 0.8299086757990867 0.8310483870967742 0.05821917808219178
1 0.511491935483871 0.8835616438356164 0.4092741935483871 0.09360730593607305
1 0.33588709677419354 0.6498287671232876 0.22741935483870968 0.15924657534246575
1 0.6905241935483871 0.583904109589041 0.30685483870967745 0.05136986301369863
1 0.9080645161290323 0.31592465753424653 0.07983870967741935 0.04052511415525114
1 0.936491935483871 0.3764269406392694 0.04959677419354839 0.11700913242009131
1 0.6449596774193549 0.3070776255707762 0.11169354838709677 0.03424657534246575
1 0.35100806451612904 0.2816780821917808 0.1504032258064516 0.041666666666666664
1 0.10987903225806452 0.3045091324200913 0.12862903225806452 0.032534246575342464
9 0.3183467741935484 0.38013698630136983 0.13185483870967743 0.1232876712328767
12 0.8254032258064516 0.4003995433789954 0.15806451612903225 0.1615296803652968
12 0.13346774193548386 0.6880707762557077 0.16370967741935483 0.1478310502283105
12 0.25161290322580643 0.09046803652968036 0.16612903225806452 0.16495433789954336
13 0.09133064516129032 0.09646118721461186 0.17056451612903226 0.1678082191780822
13 0.18044354838709678 0.9140981735159817 0.2495967741935484 0.1067351598173516
10 0.09314516129032258 0.39383561643835613 0.13548387096774195 0.13470319634703196
11 0.6024193548387097 0.6720890410958904 0.18225806451612903 0.15582191780821916
8 0.5578629032258065 0.36472602739726023 0.10685483870967742 0.1358447488584475
6 0.12580645161290321 0.32676940639269403 0.21935483870967742 0.2996575342465753
6 0.3532258064516129 0.3242009132420091 0.23548387096774193 0.3116438356164383
6 0.6076612903225806 0.3224885844748858 0.25725806451612904 0.32191780821917804
6 0.8604838709677419 0.3498858447488584 0.25725806451612904 0.32191780821917804
5 0.25383064516129034 0.6349885844748858 0.4729838709677419 0.3030821917808219
5 0.7423387096774193 0.634703196347032 0.5145161290322581 0.3093607305936073
4 0.5034274193548387 0.8864155251141552 0.9794354838709678 0.22602739726027396
3 0.5030241935483871 0.091324200913242 0.9931451612903226 0.17123287671232876
3 0.5030241935483871 0.3367579908675799 0.9931451612903226 0.3595890410958904
3 0.5030241935483871 0.6278538812785388 0.9931451612903226 0.3595890410958904
3 0.5014112903225807 0.8741438356164383 0.9931451612903226 0.22431506849315067
