7 0.2157258064516129 0.21939359267734554 0.38064516129032255 0.039473684210526314
7 0.7068548387096775 0.18192219679633867 0.4467741935483871 0.05034324942791762
7 0.4645161290322581 0.46310068649885583 0.8508064516129032 0.04061784897025172
7 0.15 0.7560068649885584 0.22661290322580646 0.04633867276887872
7 0.41693548387096774 0.7314073226544623 0.2 0.036041189931350116
7 0.7030241935483871 0.7202517162471396 0.22620967741935483 0.06064073226544622
7 0.9050403225806452 0.727116704805492 0.1342741935483871 0.04691075514874142
1 0.28508064516129034 0.29576659038901604 0.2467741935483871 0.10869565217391304
1 0.7758064516129032 0.2826086956521739 0.3008064516129032 0.13272311212814644
1 0.5691532258064516 0.5586384439359268 0.7189516129032258 0.11956521739130435
1 0.15907258064516128 0.8057780320366132 0.25040322580645163 0.04862700228832952
1 0.22741935483870968 0.8469679633867276 0.10161290322580645 0.08524027459954234
1 0.4300403225806452 0.7897597254004577 0.21895161290322582 0.04290617848970252
1 0.49879032258064515 0.8489702517162472 0.10403225806451613 0.14874141876430205
1 0.6723790322580645 0.7806064073226545 0.17620967741935484 0.041762013729977114
1 0.7596774193548387 0.8495423340961098 0.06370967741935483 0.14073226544622425
1 0.9040322580645161 0.7700228832951945 0.1217741935483871 0.032036613272311214
1 0.9586693548387096 0.7954805491990846 0.03024193548387097 0.07151029748283753
10 0.09032258064516129 0.08094965675057209 0.16774193548387098 0.15617848970251716
12 0.5518145161290322 0.3112128146453089 0.14879032258064517 0.14874141876430205
12 0.2645161290322581 0.07236842105263158 0.1870967741935484 0.14473684210526316
12 0.8925403225806452 0.868421052631579 0.1375 0.13844393592677345
9 0.12419354838709677 0.602974828375286 0.17580645161290323 0.14416475972540047
11 0.09153225806451613 0.32065217391304346 0.13548387096774195 0.13672768878718536
8 0.11290322580645161 0.8993135011441648 0.14274193548387096 0.13844393592677345
10 0.65 0.8804347826086957 0.1620967741935484 0.14988558352402745
13 0.3883064516129032 0.9024599542334096 0.14112903225806453 0.15389016018306637
5 0.23588709677419356 0.2723112128146453 0.4717741935483871 0.2574370709382151
5 0.7278225806451613 0.2648741418764302 0.5241935483870968 0.2803203661327231
4 0.5002016129032258 0.5500572082379863 0.9875 0.29805491990846683
6 0.15826612903225806 0.8446796338672768 0.28588709677419355 0.3094965675057208
6 0.43205645161290324 0.8266590389016019 0.28588709677419355 0.32723112128146453
6 0.6893145161290323 0.8146453089244852 0.28588709677419355 0.32723112128146453
6 0.9066532258064516 0.8298054919908466 0.18588709677419354 0.31521739130434784
3 0.49959677419354837 0.08209382151029748 0.9983870967741936 0.16304347826086957
3 0.5004032258064516 0.2745995423340961 0.9983870967741936 0.28604118993135014
3 0.5004032258064516 0.5451945080091534 0.9983870967741936 0.28604118993135014
3 0.5004032258064516 0.8269450800915332 0.9983870967741936 0.34496567505720827
