7 0.23629032258064517 0.20137299771167047 0.40161290322580645 0.05377574370709382
7 0.711491935483871 0.21853546910755148 0.44637096774193546 0.08466819221967964
7 0.463508064516129 0.4685354691075515 0.8173387096774194 0.08009153318077804
7 0.20161290322580644 0.7391304347826086 0.30806451612903224 0.07780320366132723
7 0.6778225806451613 0.7540045766590389 0.4258064516129032 0.06864988558352403
1 0.2973790322580645 0.2866132723112128 0.26653225806451614 0.11670480549199085
1 0.7677419354838709 0.30234553775743706 0.33548387096774196 0.12414187643020595
1 0.5381048387096774 0.5758009153318078 0.597983870967742 0.16075514874141877
1 0.23024193548387098 0.7897597254004577 0.3620967741935484 0.05663615560640732
1 0.29939516129032256 0.8689931350114416 0.19475806451612904 0.15102974828375287
1 0.7320564516129032 0.8443935926773456 0.22379032258064516 0.14073226544622425
13 0.0939516129032258 0.3149313501144165 0.1403225806451613 0.12528604118993136
11 0.5304435483870967 0.30749427917620137 0.12782258064516128 0.12757437070938216
12 0.4901209677419355 0.07665903890160183 0.1528225806451613 0.14416475972540047
13 0.5405241935483871 0.8707093821510298 0.1528225806451613 0.17162471395881007
12 0.12137096774193548 0.886441647597254 0.13790322580645162 0.12871853546910755
8 0.13346774193548386 0.5783752860411899 0.18225806451612903 0.14645308924485126
9 0.08185483870967741 0.07522883295194507 0.13951612903225807 0.12299771167048056
10 0.2191532258064516 0.07351258581235698 0.1350806451612903 0.13329519450800914
8 0.35141129032258067 0.07379862700228833 0.13266129032258064 0.14759725400457666
5 0.2284274193548387 0.26916475972540044 0.45120967741935486 0.24542334096109839
5 0.7256048387096774 0.2751716247139588 0.5479838709677419 0.2654462242562929
4 0.49213709677419354 0.556350114416476 0.9737903225806451 0.29576659038901604
5 0.2276209677419355 0.8260869565217391 0.43911290322580643 0.30434782608695654
5 0.6754032258064516 0.8263729977116705 0.4814516129032258 0.29919908466819223
3 0.5028225806451613 0.08409610983981694 0.9935483870967742 0.15217391304347827
3 0.5028225806451613 0.2897597254004577 0.9935483870967742 0.2660183066361556
3 0.5028225806451613 0.5483409610983981 0.9935483870967742 0.2660183066361556
3 0.4997983870967742 0.8243707093821511 0.9995967741935484 0.32379862700228834
