7 0.12681451612903225 0.20709382151029748 0.1657258064516129 0.054919908466819226
7 0.3808467741935484 0.1890732265446224 0.2068548387096774 0.04290617848970252
7 0.6366935483870968 0.18306636155606407 0.1685483870967742 0.054919908466819226
7 0.8685483870967742 0.20795194508009154 0.20080645161290323 0.04519450800915332
7 0.2435483870967742 0.48426773455377575 0.4104838709677419 0.04633867276887872
7 0.7211693548387097 0.5031464530892449 0.39153225806451614 0.05892448512585812
7 0.49778225806451615 0.7665903890160183 0.8616935483870968 0.10411899313501144
1 0.13044354838709676 0.25 0.14798387096774193 0.028604118993135013
1 0.39475806451612905 0.24399313501144165 0.20403225806451614 0.04061784897025172
1 0.455241935483871 0.3137871853546911 0.075 0.16304347826086957
1 0.6328629032258064 0.2431350114416476 0.17137096774193547 0.05148741418764302
1 0.6993951612903225 0.3052059496567506 0.053629032258064514 0.13901601830663615
1 0.8709677419354839 0.2574370709382151 0.1975806451612903 0.032036613272311214
1 0.9403225806451613 0.3157894736842105 0.06532258064516129 0.13958810068649885
1 0.3540322580645161 0.5626430205949656 0.23387096774193547 0.12070938215102975
1 0.8096774193548387 0.5995423340961098 0.24596774193548387 0.13501144164759726
1 0.5925403225806452 0.8518306636155606 0.7108870967741936 0.14302059496567507
12 0.10524193548387097 0.3295194508009153 0.14112903225806453 0.11670480549199085
11 0.33649193548387096 0.3326659038901602 0.15443548387096775 0.13901601830663615
10 0.6056451612903225 0.34096109839816935 0.13709677419354838 0.13958810068649885
8 0.833266129032258 0.34782608695652173 0.13830645161290323 0.14073226544622425
9 0.14233870967741935 0.5961098398169337 0.18467741935483872 0.13958810068649885
12 0.6056451612903225 0.5986842105263158 0.17258064516129032 0.12986270022883295
13 0.1435483870967742 0.8878718535469108 0.17903225806451614 0.11556064073226545
11 0.22016129032258064 0.07465675057208238 0.1403225806451613 0.14359267734553777
8 0.08669354838709678 0.07522883295194507 0.16129032258064516 0.14931350114416475
6 0.1368951612903226 0.28747139588100684 0.25443548387096776 0.272883295194508
6 0.39233870967741935 0.28832951945080093 0.2846774193548387 0.2974828375286041
6 0.6346774193548387 0.2931922196796339 0.22983870967741934 0.31178489702517165
6 0.869758064516129 0.2963386727688787 0.25967741935483873 0.30320366132723114
5 0.25544354838709676 0.5566361556064073 0.494758064516129 0.2917620137299771
5 0.740524193548387 0.5606407322654462 0.494758064516129 0.2917620137299771
4 0.5080645161290323 0.8378146453089245 0.9741935483870968 0.2889016018306636
3 0.5038306451612903 0.07208237986270023 0.9915322580645162 0.14302059496567507
3 0.5038306451612903 0.2931922196796339 0.9915322580645162 0.31178489702517165
3 0.5036290322580645 0.5809496567505721 0.9911290322580645 0.2820366132723112
3 0.5038306451612903 0.834954233409611 0.9915322580645162 0.2820366132723112
