7 0.20373538637011693 0.32466747279322855 0.2238380382092957 0.05925030229746071
2 0.4890219560878244 0.11749294639258365 0.25206729398346167 0.2180572349858928
8 0.21157684630738524 0.11930673115679162 0.2475049900199601 0.21039903264812576
13 0.7768748217850014 0.38452237001209194 0.1987453664100371 0.17492946392583636
2 0.7841459937268321 0.6968964127367997 0.1465640148274879 0.13462313583232569
2 0.3829483889364129 0.7343812978637646 0.16481323068149417 0.14913341394598953
1 0.17949814656401483 0.6962918178153971 0.1673795266609638 0.13986295848448208
1 0.6323068149415455 0.7009270455461508 0.13316224693470202 0.15558242644095124
1 0.16167664670658685 0.4266424828698106 0.13972055888223553 0.050382910116888356
4 0.49643570002851445 0.38351471180975416 0.9295694325634446 0.32688432083837166
5 0.2676076418591389 0.7120112857718662 0.47476475620188197 0.32365981459089077
5 0.742087254063302 0.7164449818621524 0.43484459652124324 0.3349455864570738
3 0.5049900199600799 0.11527609834744056 0.9894496720844027 0.2305521966948811
3 0.5049900199600799 0.38956066102378073 0.9894496720844027 0.3123740427247078
3 0.5049900199600799 0.7200725513905684 0.9894496720844027 0.3567110036275695
