7 0.4562303963501569 0.14389359129383314 0.3604220131166239 0.05804111245465538
1 0.501996007984032 0.2003224506247481 0.1987453664100371 0.04836759371221282
12 0.22597661819218706 0.26642482869810563 0.08240661534074709 0.05723498589278517
7 0.7061591103507272 0.4965739621120516 0.2249786142001711 0.046755340588472395
1 0.7437981180496152 0.5715437323659814 0.19247219846022243 0.07174526400644901
10 0.6273167949814656 0.666062071745264 0.11633875106929 0.09955663039097139
7 0.2894211576846308 0.5542120112857719 0.19503849443969207 0.041112454655380895
1 0.330196749358426 0.6152760983474406 0.11348731109210151 0.05602579604997985
11 0.227972626176219 0.6644498186215236 0.0801254633589963 0.08746473196291818
5 0.3090960935272313 0.6035872632003225 0.33133732534930144 0.29222087867795243
5 0.7202737382378102 0.5933091495364773 0.3627031650983747 0.34582829504232165
4 0.47989734816082125 0.18863361547763 0.677502138579983 0.2998790810157195
3 0.5142571998859424 0.19246271664651352 0.804961505560308 0.33252720677146314
3 0.5199600798403194 0.5834340991535671 0.8220701454234389 0.4058847239016526
