9 0.1062161391502709 0.08706166868198308 0.16338751069289992 0.17412333736396615
11 0.24550898203592816 0.07496977025392987 0.13686911890504705 0.14671503426037888
12 0.3865126889078985 0.07496977025392987 0.14798973481608213 0.14429665457476826
12 0.5246649558026804 0.07496977025392987 0.15340747077274025 0.14026602176541716
12 0.10878243512974052 0.37444578798871425 0.093812375249501 0.07819427650141073
12 0.10906757912745937 0.6201128577186619 0.08525805531793557 0.06166868198307134
11 0.3435985172512119 0.6122531237404273 0.06900484744796123 0.06610237807335752
10 0.7828628457370973 0.54695687222894 0.08411747932706017 0.08948004836759371
10 0.12731679498146564 0.8756549778315196 0.10407755916737954 0.07940346634421605
10 0.35357855717137154 0.8851269649334946 0.0729968634160251 0.08948004836759371
8 0.5667236954662105 0.854695687222894 0.08240661534074709 0.06731156791616284
12 0.7955517536355861 0.8548972188633616 0.08896492728828059 0.10318419991938735
7 0.10550327915597378 0.5082627972591697 0.071285999429712 0.05239822652156389
1 0.14642144282862846 0.5590487706569932 0.1103507271171942 0.04030632809351068
4 0.4895922440832621 0.29242241031842 0.9478186484174509 0.3188230552196695
6 0.1549757627601939 0.556428859330915 0.2591958939264329 0.2769044740024184
6 0.37296834901625325 0.5368802902055623 0.219560878243513 0.2821442966545748
6 0.5832620473339036 0.5221684804514309 0.23125178214998576 0.27529222087867794
6 0.8343313373253494 0.507658202337767 0.29769033361847735 0.2551390568319226
6 0.16923296264613633 0.8234582829504232 0.2688907898488737 0.2845626763401854
6 0.39520958083832336 0.8170092704554616 0.18477331052181353 0.2821442966545748
6 0.6082121471343028 0.7922208786779524 0.23838038209295695 0.28657799274486095
6 0.8494439692044483 0.7853688029020557 0.2566295979469632 0.3043127771060057
3 0.5089820359281437 0.08121725110842402 0.9797547761619618 0.16162837565497784
3 0.5098374679213002 0.2609834744054817 0.9797547761619618 0.26964933494558646
3 0.5098374679213002 0.5 0.9797547761619618 0.26964933494558646
3 0.5098374679213002 0.7904070939137445 0.9797547761619618 0.354695687222894
