7 0.12446535500427718 0.2714631197097945 0.11605360707157115 0.05602579604997985
7 0.11619617907043057 0.5384925433293027 0.08183632734530939 0.06126561870213624
7 0.350014257199886 0.5245868601370416 0.0801254633589963 0.0761789600967352
7 0.592101511263188 0.5215638855300282 0.07442258340461934 0.04594921402660218
7 0.8157969774736242 0.5294236195082628 0.07527801539777589 0.050382910116888356
7 0.5761334473909324 0.7714631197097944 0.08240661534074709 0.06368399838774688
7 0.09794696321642431 0.7998790810157195 0.07043056743655547 0.04232164449818622
1 0.24294268605645852 0.32849657396211207 0.35129740518962077 0.051592099959693674
1 0.14385514684915884 0.5804111245465539 0.11833475905332194 0.037887948407900045
1 0.3845166809238666 0.5648931882305522 0.1377245508982036 0.044740024183796856
1 0.5923866552609068 0.5775896815800081 0.06244653550042772 0.03466344216041919
1 0.851012261191902 0.5828295042321645 0.12974051896207586 0.03143893591293833
1 0.6552609067579128 0.8391777509068924 0.17735956658112348 0.046755340588472395
1 0.14756201881950387 0.8413945989520355 0.1508411747932706 0.05602579604997985
10 0.14670658682634732 0.3911729141475212 0.17479327060165384 0.0761789600967352
8 0.14271457085828346 0.9185812172511084 0.165098374679213 0.09189842805320436
8 0.6102081551183348 0.9040709391374446 0.1317365269461078 0.07819427650141073
8 0.26318790989449675 0.09572752922208787 0.13458796692329628 0.15034260378879485
12 0.1086398631308811 0.10399032648125756 0.15568862275449102 0.13784764207980654
12 0.6193327630453379 0.6257557436517533 0.11633875106929 0.07295445384925434
13 0.823781009409752 0.6436920596533656 0.11006558311947534 0.07738814993954052
9 0.1506986027944112 0.6521563885530028 0.1668092386655261 0.09189842805320436
11 0.38480182492158543 0.6257557436517533 0.14970059880239522 0.08182184602982669
5 0.2696036498431708 0.8561064087061669 0.4838893641288851 0.28698105602579604
5 0.7566295979469633 0.8464328899637243 0.4861705161106359 0.28536880290205563
6 0.14713430282292558 0.5916968964127368 0.22754491017964074 0.2531237404272471
6 0.3845166809238666 0.5820233776702942 0.2272597661819219 0.2531237404272471
6 0.6240376390076989 0.5779927448609432 0.2272597661819219 0.2531237404272471
6 0.8461648132306816 0.5860540104796453 0.2272597661819219 0.2531237404272471
4 0.4980039920159681 0.33978234582829503 0.9389791844881666 0.23941958887545345
3 0.4908753920729969 0.10076582023377671 0.9435414884516682 0.16203143893591296
3 0.5025662959794697 0.32083837162434503 0.9629312802965498 0.2547359935509875
3 0.5025662959794697 0.5896815800080613 0.9629312802965498 0.2547359935509875
3 0.5091246079270032 0.8544941555824265 0.9629312802965498 0.2547359935509875
