7 0.17850014257199887 0.22168480451430875 0.2600513259195894 0.03466344216041919
7 0.6323068149415455 0.2021362353889561 0.274023381807813 0.035872632003224506
7 0.0968063872255489 0.5010076582023378 0.12061591103507271 0.06529625151148731
7 0.3092386655260907 0.4897218863361548 0.14913031080695752 0.04917372027408303
7 0.5404904476760765 0.46755340588472394 0.16338751069289992 0.04917372027408303
7 0.7496435700028515 0.46130592503022977 0.1283147989734816 0.06408706166868199
7 0.3704020530367836 0.7061668681983072 0.6027944111776448 0.08061265618702136
1 0.39093242087254065 0.8139862958484483 0.606216139150271 0.11326078194276502
1 0.5293698317650414 0.5205562273276905 0.151981750784146 0.041515517936316006
1 0.7469347020245224 0.5060459492140266 0.11491303108069575 0.03909713825070536
1 0.3092386655260907 0.5513905683192262 0.15027088679783293 0.060459492140266025
1 0.11149130310806958 0.5636839983877469 0.13743940690048476 0.05602579604997985
1 0.17194183062446536 0.27327690447400244 0.23781009409751927 0.04594921402660218
1 0.6497005988023953 0.2591696896412737 0.28828058169375537 0.037887948407900045
8 0.5191046478471628 0.33252720677146314 0.08411747932706017 0.07255139056831923
8 0.08468776732249787 0.6213220475614671 0.07927003136583975 0.06811769447803305
8 0.11420017108639864 0.9068923821039904 0.11890504704875964 0.10399032648125756
12 0.26803535785571714 0.6118500604594922 0.06672369546621044 0.06287787182587666
12 0.08197889934416881 0.35328496573962115 0.08810949529512405 0.08504635227730754
12 0.09039064727687483 0.09008464328899637 0.13800969489592246 0.12535268037081823
11 0.24893071000855435 0.08323256751309956 0.142571998859424 0.12535268037081823
12 0.4898773880809809 0.5910923014913342 0.0729968634160251 0.07295445384925434
9 0.7282577701739379 0.5838371624345022 0.09181636726546907 0.09633212414349053
5 0.22155688622754494 0.2821442966545748 0.41631023666951816 0.2539298669891173
5 0.6598232107214144 0.27347843611447 0.4345594525235244 0.2583635630794035
6 0.11462788708297691 0.5525997581620314 0.19446820644425436 0.23297057638049173
6 0.3136583974907328 0.5499798468359532 0.20815511833475908 0.22692462716646514
6 0.5434844596521243 0.535671100362757 0.22868548617051612 0.23538895606610238
6 0.7795836897633306 0.5229746070133011 0.25548902195608786 0.23821039903264812
4 0.4684915882520673 0.8047158403869408 0.9073282007413744 0.324465941152761
3 0.4984317080125464 0.07557436517533253 0.9791844881665241 0.14550584441757355
3 0.5035642999714857 0.28012898024989924 0.9923011120615912 0.260378879484079
3 0.4987168520102652 0.5215638855300282 0.9923011120615912 0.29020556227327693
3 0.5035642999714857 0.826279725916969 0.9923011120615912 0.3417976622329706
