15 0.583547 0.138654 0.088680 0.031439
15 0.667094 0.136437 0.060736 0.029424
15 0.728543 0.134825 0.044482 0.041516
15 0.834331 0.121927 0.132307 0.044740
15 0.681779 0.495163 0.172797 0.110842
15 0.683205 0.906288 0.085543 0.070536
15 0.255346 0.173922 0.064157 0.030230
16 0.863559 0.903869 0.062447 0.076985
16 0.829484 0.468561 0.061021 0.070536
16 0.535500 0.071947 0.024522 0.039097
16 0.908326 0.056832 0.029940 0.040306
16 0.053607 0.167271 0.023952 0.037082
16 0.053607 0.212616 0.030225 0.033454
16 0.059595 0.268037 0.029085 0.045949
16 0.056031 0.331923 0.036213 0.041516
