1 0.172917 0.215580 0.293333 0.051449
1 0.681667 0.219565 0.313333 0.050725
1 0.120833 0.489493 0.190833 0.083333
1 0.372083 0.494203 0.210000 0.071014
1 0.619167 0.493478 0.191667 0.072464
1 0.864167 0.492754 0.195833 0.056522
1 0.183542 0.774275 0.311250 0.041304
2 0.051250 0.040217 0.064167 0.074638
2 0.127292 0.042391 0.082083 0.076087
2 0.060208 0.564493 0.069583 0.063768
2 0.307708 0.567029 0.068750 0.060145
2 0.556875 0.566667 0.072083 0.059420
2 0.800000 0.569565 0.060000 0.072464
2 0.062292 0.827174 0.073750 0.058696
1 0.501250 0.960507 0.143333 0.052899
2 0.065000 0.278623 0.079167 0.064493
2 0.559375 0.273188 0.072083 0.059420
