2 0.046875 0.041667 0.057917 0.081884
2 0.115625 0.044565 0.071250 0.076087
2 0.187708 0.043126 0.065417 0.076087
2 0.258333 0.041667 0.070000 0.074638
2 0.060208 0.305072 0.067917 0.071014
2 0.309167 0.306159 0.067500 0.073188
2 0.555000 0.303986 0.065833 0.058696
2 0.806458 0.307971 0.075417 0.065217
2 0.059167 0.565580 0.065833 0.058696
2 0.060625 0.825000 0.072917 0.067391
2 0.554583 0.823188 0.059167 0.063768
1 0.115000 0.239130 0.177500 0.072464
1 0.367917 0.227536 0.200000 0.073913
1 0.618333 0.231884 0.199167 0.072464
1 0.851667 0.233333 0.171667 0.072464
1 0.192292 0.510870 0.337917 0.055072
1 0.182500 0.772464 0.319167 0.057971
1 0.678750 0.766304 0.319167 0.055797
