1 0.128542 0.235507 0.206250 0.069565
1 0.375833 0.234058 0.209167 0.072464
1 0.602292 0.232246 0.172917 0.076087
1 0.869167 0.231884 0.204167 0.069565
1 0.178125 0.508333 0.305417 0.064493
1 0.677083 0.507971 0.310000 0.056522
1 0.177500 0.765942 0.305000 0.047826
2 0.062292 0.313043 0.080417 0.069565
2 0.308542 0.304710 0.072917 0.068841
2 0.553958 0.307609 0.076250 0.065942
2 0.795000 0.306884 0.060000 0.070290
2 0.060000 0.559783 0.073333 0.061594
2 0.560208 0.559783 0.074583 0.067391
2 0.057083 0.825000 0.055833 0.070290
2 0.062917 0.042029 0.083333 0.081159
2 0.146250 0.042391 0.075000 0.083333
2 0.226250 0.042029 0.075000 0.078261
2 0.299583 0.040942 0.067500 0.076087
