1 0.118958 0.231159 0.177917 0.071014
1 0.377083 0.234783 0.210000 0.073913
1 0.620208 0.232971 0.210417 0.067391
1 0.188750 0.505072 0.323333 0.049275
1 0.180417 0.769928 0.321667 0.042754
1 0.502708 0.963768 0.146250 0.037681
2 0.050833 0.044565 0.060000 0.078986
2 0.125208 0.041304 0.080417 0.079710
2 0.207292 0.037319 0.077917 0.068841
2 0.286875 0.038406 0.074583 0.071014
2 0.063125 0.307609 0.074583 0.068841
2 0.300208 0.306159 0.061250 0.071739
2 0.552917 0.306884 0.065833 0.067391
2 0.804167 0.303261 0.069167 0.074638
2 0.060000 0.564855 0.065833 0.060145
2 0.063125 0.826087 0.066250 0.065217
1 0.863333 0.232609 0.196667 0.071014
