1 0.180000 0.216304 0.311667 0.044203
1 0.177292 0.477899 0.298750 0.054348
1 0.687917 0.476087 0.338333 0.055072
1 0.121667 0.753623 0.190833 0.062319
1 0.357708 0.756884 0.176250 0.064493
1 0.616458 0.755072 0.187083 0.072464
1 0.868542 0.750725 0.211250 0.068116
2 0.047917 0.042754 0.064167 0.075362
2 0.118542 0.040217 0.072917 0.077536
2 0.191042 0.042391 0.070417 0.083333
2 0.058750 0.532609 0.060000 0.062319
2 0.552292 0.536594 0.075417 0.074638
2 0.059167 0.829348 0.060000 0.065942
2 0.309583 0.828623 0.070833 0.070290
2 0.555417 0.826812 0.067500 0.073913
2 0.799583 0.827536 0.065000 0.075362
2 0.052917 0.274638 0.053333 0.097101
