2 0.065625 0.306159 0.077083 0.076087
2 0.301458 0.303623 0.061250 0.063768
2 0.546875 0.331884 0.053750 0.073913
2 0.802083 0.306159 0.064167 0.068841
2 0.055625 0.589855 0.067083 0.068116
2 0.558958 0.589130 0.069583 0.057971
2 0.059375 0.856522 0.061250 0.066667
2 0.053958 0.041667 0.080417 0.081884
2 0.135417 0.042754 0.080000 0.082609
1 0.121875 0.231884 0.196250 0.068116
1 0.376042 0.232971 0.210417 0.070290
1 0.612292 0.247101 0.191250 0.102899
1 0.857708 0.229348 0.200417 0.064493
1 0.175833 0.541304 0.303333 0.057971
1 0.683542 0.533696 0.317083 0.052899
1 0.188542 0.800000 0.332917 0.049275
1 0.501250 0.986594 0.147500 0.026812
