1 0.175417 0.217391 0.296667 0.056522
1 0.682083 0.218478 0.311667 0.052899
1 0.129167 0.488406 0.205833 0.062319
1 0.362708 0.493478 0.179583 0.065217
1 0.617500 0.495652 0.203333 0.065217
1 0.866458 0.489855 0.198750 0.069565
1 0.175833 0.768478 0.304167 0.038406
2 0.057083 0.268478 0.070000 0.067391
2 0.561875 0.270290 0.080417 0.063768
2 0.063958 0.568478 0.080417 0.074638
2 0.298542 0.567754 0.062917 0.065942
2 0.554583 0.567029 0.073333 0.057246
2 0.805417 0.564493 0.079167 0.065217
2 0.064167 0.825725 0.072500 0.071739
2 0.058750 0.040942 0.078333 0.076087
2 0.140625 0.043116 0.075417 0.083333
2 0.210625 0.040942 0.062083 0.078986
2 0.284167 0.044565 0.077500 0.087681
