2 0.058750 0.042754 0.074167 0.079710
2 0.140000 0.045290 0.083333 0.089130
2 0.217500 0.042029 0.074167 0.081159
2 0.060000 0.271377 0.065833 0.063043
2 0.553333 0.271739 0.060833 0.060870
2 0.062083 0.533696 0.064167 0.060145
2 0.055417 0.826812 0.059167 0.066667
2 0.307292 0.827899 0.062917 0.061594
2 0.555833 0.827536 0.072500 0.062319
2 0.807500 0.828261 0.083333 0.073913
1 0.190625 0.218116 0.337083 0.055072
1 0.688542 0.218841 0.337917 0.059420
1 0.195833 0.475000 0.343333 0.045652
1 0.127292 0.754348 0.202083 0.063768
1 0.360208 0.755072 0.178750 0.089855
1 0.617708 0.755072 0.202083 0.076812
1 0.864375 0.750000 0.207083 0.075362
