1 0.200208 0.221739 0.346250 0.040580
1 0.127500 0.492391 0.200833 0.070290
1 0.357500 0.489855 0.170833 0.069565
1 0.608958 0.489855 0.187917 0.065217
1 0.856667 0.492754 0.181667 0.073913
1 0.187917 0.767029 0.330000 0.052899
1 0.686458 0.765580 0.327083 0.054348
2 0.058125 0.041667 0.072083 0.077536
2 0.136875 0.042029 0.075417 0.078261
2 0.211875 0.041304 0.072917 0.072464
2 0.291250 0.039130 0.083333 0.069565
2 0.055000 0.274275 0.055833 0.076087
2 0.061458 0.567754 0.075417 0.071739
2 0.300000 0.570652 0.050000 0.067391
2 0.555833 0.567754 0.078333 0.065942
2 0.800833 0.569565 0.062500 0.072464
2 0.054167 0.823188 0.060000 0.053623
2 0.553542 0.826449 0.058750 0.070290
