1 0.168958 0.217754 0.293750 0.039855
1 0.675625 0.218478 0.298750 0.042754
1 0.183750 0.477536 0.320000 0.033333
1 0.125000 0.750725 0.202500 0.060870
1 0.358125 0.752899 0.172917 0.072464
1 0.596042 0.770290 0.171250 0.105797
1 0.856250 0.757609 0.180833 0.050000
2 0.058542 0.268841 0.068750 0.072464
2 0.558958 0.268116 0.072083 0.066667
2 0.052917 0.041304 0.065833 0.079710
2 0.126250 0.042391 0.082500 0.083333
2 0.066042 0.534058 0.076250 0.065217
2 0.061042 0.828623 0.069583 0.070290
2 0.302917 0.828986 0.057500 0.072464
2 0.556875 0.861957 0.073750 0.077536
2 0.800000 0.824638 0.065833 0.063768
