2 0.051042 0.042029 0.062083 0.078261
2 0.120417 0.042029 0.066667 0.081159
2 0.195208 0.041667 0.076250 0.081884
2 0.068750 0.304348 0.083333 0.068116
2 0.305417 0.305435 0.065000 0.067391
2 0.550833 0.307246 0.061667 0.066667
2 0.055208 0.560870 0.057917 0.072464
2 0.556458 0.561594 0.064583 0.073913
2 0.061875 0.824638 0.067917 0.071014
1 0.129792 0.226449 0.205417 0.078986
1 0.372500 0.231884 0.203333 0.050725
1 0.620417 0.230072 0.209167 0.054348
1 0.860000 0.235507 0.185833 0.065217
1 0.182917 0.509420 0.315833 0.043478
1 0.689583 0.506884 0.341667 0.045652
1 0.168750 0.769203 0.294167 0.044203
