1 0.196042 0.218478 0.330417 0.045652
1 0.688958 0.219203 0.330417 0.044203
1 0.180833 0.479348 0.305833 0.044203
1 0.107917 0.751812 0.165833 0.061594
1 0.364375 0.753986 0.188750 0.067391
1 0.619375 0.754348 0.195417 0.071014
1 0.871875 0.747826 0.206250 0.062319
2 0.052708 0.040942 0.067917 0.076087
2 0.127708 0.043841 0.075417 0.084783
2 0.201250 0.041667 0.071667 0.081884
2 0.282500 0.040580 0.084167 0.079710
2 0.061250 0.270290 0.078333 0.071014
2 0.560000 0.268478 0.075833 0.052899
2 0.063125 0.535507 0.067917 0.063768
2 0.057292 0.825725 0.067083 0.058696
2 0.310000 0.826812 0.076667 0.071014
2 0.552500 0.826449 0.070833 0.070290
2 0.805833 0.826812 0.072500 0.071014
