1 0.052917 0.039493 0.070000 0.076087
1 0.128125 0.040580 0.080417 0.079710
1 0.213958 0.042029 0.087083 0.081159
1 0.065208 0.266304 0.077917 0.063043
1 0.554792 0.269565 0.070417 0.063768
1 0.063125 0.533333 0.080417 0.068116
1 0.058125 0.827536 0.066250 0.075362
1 0.310208 0.821739 0.072083 0.063768
1 0.553333 0.826812 0.063333 0.073913
1 0.796667 0.825725 0.065833 0.068841
1 0.197708 0.215217 0.351250 0.052174
1 0.683125 0.211594 0.317917 0.052174
1 0.182083 0.479348 0.328333 0.041304
1 0.126458 0.753623 0.201250 0.072464
1 0.375625 0.755797 0.197083 0.063768
1 0.621250 0.753623 0.213333 0.065217
1 0.855833 0.756159 0.177500 0.070290
