2 0.060417 0.040580 0.079167 0.072464
2 0.139792 0.040580 0.075417 0.079710
2 0.217500 0.041667 0.074167 0.077536
2 0.297708 0.041667 0.080417 0.077536
2 0.053750 0.271014 0.060000 0.057971
2 0.561042 0.268841 0.067917 0.062319
2 0.060000 0.534420 0.068333 0.068841
2 0.065417 0.827536 0.075000 0.065217
2 0.306250 0.826812 0.065000 0.059420
2 0.561875 0.827536 0.080417 0.065217
2 0.801458 0.829710 0.065417 0.072464
1 0.183333 0.208696 0.310833 0.057971
1 0.679792 0.215942 0.312083 0.057971
1 0.194167 0.482609 0.335833 0.047826
1 0.116250 0.755435 0.176667 0.061594
1 0.368958 0.751449 0.192083 0.069565
1 0.620833 0.751812 0.200000 0.078986
1 0.856458 0.748913 0.182917 0.084783
