2 0.058542 0.042029 0.072917 0.081159
2 0.137083 0.039855 0.080000 0.078261
2 0.063542 0.276087 0.072917 0.069565
2 0.053333 0.567029 0.052500 0.067391
2 0.300625 0.568841 0.053750 0.066667
2 0.557917 0.595290 0.072500 0.067391
2 0.800625 0.565942 0.067083 0.062319
2 0.066042 0.857971 0.077917 0.072464
1 0.194583 0.217754 0.341667 0.054348
1 0.124167 0.489855 0.204167 0.065217
1 0.375833 0.498913 0.208333 0.071739
1 0.590625 0.509058 0.141250 0.100725
1 0.868750 0.500725 0.200000 0.062319
1 0.196250 0.800362 0.340000 0.045652
