1 0.192708 0.218478 0.337083 0.042754
1 0.129583 0.493841 0.199167 0.076087
1 0.355833 0.494203 0.177500 0.066667
1 0.628958 0.493478 0.214583 0.072464
1 0.852083 0.493478 0.168333 0.062319
1 0.061042 0.712681 0.070417 0.054348
1 0.554583 0.718841 0.055000 0.056522
2 0.059583 0.273913 0.065000 0.063768
2 0.056042 0.044565 0.072083 0.086232
2 0.126875 0.040942 0.062083 0.078986
2 0.192500 0.041667 0.065000 0.077536
2 0.267917 0.044203 0.081667 0.079710
2 0.061458 0.565942 0.068750 0.065217
2 0.307083 0.567754 0.068333 0.071739
2 0.560000 0.568841 0.078333 0.066667
2 0.803958 0.566667 0.072083 0.066667
2 0.063958 0.821377 0.072083 0.067391
2 0.554792 0.827536 0.057917 0.068116
1 0.197292 0.768116 0.344583 0.042029
1 0.694375 0.776449 0.344583 0.054348
