2 0.055208 0.041667 0.071250 0.081884
2 0.134167 0.042754 0.075833 0.079710
2 0.204792 0.042754 0.068750 0.082609
2 0.057500 0.275000 0.055000 0.070290
2 0.065625 0.531522 0.072917 0.067391
2 0.552292 0.531522 0.061250 0.057246
2 0.063542 0.827536 0.072917 0.068116
2 0.304792 0.828261 0.063750 0.073913
2 0.545833 0.828261 0.051667 0.071014
2 0.804583 0.826449 0.075000 0.070290
1 0.180417 0.218478 0.305000 0.045652
1 0.195833 0.477536 0.339167 0.055072
1 0.694792 0.472464 0.341250 0.044928
1 0.106250 0.755072 0.160833 0.069565
1 0.362917 0.752899 0.174167 0.063768
1 0.621875 0.751449 0.216250 0.072464
1 0.852083 0.751449 0.180833 0.079710
