1 0.192083 0.214855 0.330000 0.042754
1 0.188958 0.475362 0.313750 0.039130
1 0.679375 0.477536 0.304583 0.043478
1 0.126250 0.752174 0.200000 0.049275
1 0.379167 0.752536 0.198333 0.063043
1 0.627083 0.753261 0.208333 0.071739
1 0.860208 0.755797 0.177083 0.063768
2 0.059167 0.041667 0.078333 0.077536
2 0.129167 0.040942 0.057500 0.078986
2 0.200833 0.041667 0.077500 0.081884
2 0.056458 0.275362 0.060417 0.071014
2 0.063125 0.534058 0.070417 0.065217
2 0.558958 0.533333 0.072083 0.071014
2 0.058125 0.826449 0.066250 0.060145
2 0.303958 0.828261 0.059583 0.071014
2 0.557083 0.828623 0.070000 0.057246
2 0.795625 0.826449 0.049583 0.060145
