2 0.060833 0.269565 0.064167 0.063768
2 0.057500 0.041667 0.070833 0.074638
2 0.134167 0.042391 0.070000 0.076087
2 0.204167 0.044565 0.068333 0.087681
2 0.559792 0.271377 0.067917 0.060145
2 0.056458 0.565217 0.055417 0.059420
2 0.305833 0.563768 0.060000 0.063768
2 0.557500 0.563043 0.075000 0.063768
2 0.803750 0.564855 0.065833 0.067391
2 0.065625 0.823188 0.077083 0.066667
1 0.190625 0.217029 0.328750 0.050000
1 0.559167 0.159783 0.065833 0.054348
1 0.118125 0.489855 0.183750 0.069565
1 0.378542 0.495290 0.209583 0.078986
1 0.611250 0.490580 0.182500 0.071014
1 0.859375 0.492754 0.197083 0.073913
1 0.187500 0.764855 0.320833 0.045652
1 0.668958 0.218478 0.293750 0.050000
