1 0.129167 0.204348 0.204167 0.134783
1 0.372292 0.203623 0.197083 0.133333
1 0.617917 0.204348 0.195833 0.123188
1 0.870000 0.209058 0.212500 0.136957
1 0.193125 0.477899 0.334583 0.090580
1 0.680417 0.473913 0.317500 0.097101
1 0.184375 0.741304 0.312917 0.097101
2 0.045833 0.040942 0.057500 0.080435
2 0.115208 0.042391 0.067083 0.083333
2 0.193750 0.044565 0.081667 0.080435
2 0.056458 0.306159 0.062917 0.064493
2 0.305417 0.301812 0.063333 0.063043
2 0.553958 0.306884 0.067917 0.063043
2 0.794792 0.307609 0.060417 0.068841
2 0.053333 0.564855 0.055000 0.070290
2 0.553333 0.560870 0.056667 0.069565
2 0.068333 0.826449 0.078333 0.067391
