2 0.054375 0.041667 0.064583 0.081884
2 0.119792 0.043478 0.062083 0.081159
2 0.192083 0.042029 0.078333 0.078261
2 0.269583 0.042754 0.070000 0.079710
2 0.060000 0.273913 0.067500 0.056522
2 0.061042 0.530797 0.066250 0.065942
2 0.557083 0.530797 0.064167 0.061594
2 0.061042 0.826812 0.067917 0.063768
2 0.307917 0.856522 0.065833 0.056522
2 0.557708 0.826812 0.076250 0.066667
2 0.806667 0.823913 0.079167 0.065217
1 0.187292 0.193116 0.322083 0.105072
1 0.172500 0.450725 0.292500 0.104348
1 0.685000 0.447826 0.321667 0.097101
1 0.117917 0.726812 0.187500 0.124638
1 0.369375 0.739130 0.191250 0.156522
1 0.623958 0.719928 0.212083 0.125362
1 0.854583 0.722464 0.184167 0.130435
