1 0.186875 0.192754 0.317917 0.097101
1 0.170208 0.454348 0.282917 0.097101
1 0.687083 0.446739 0.326667 0.099275
1 0.109792 0.730435 0.171250 0.128986
1 0.375833 0.721377 0.204167 0.125362
1 0.621667 0.738406 0.209167 0.149275
1 0.859792 0.730435 0.180417 0.128986
2 0.053125 0.040580 0.072083 0.079710
2 0.131875 0.043116 0.081250 0.083333
2 0.061458 0.273188 0.068750 0.073913
2 0.062083 0.529710 0.074167 0.071014
2 0.546875 0.531522 0.052083 0.064493
2 0.057500 0.829348 0.077500 0.071739
2 0.308333 0.825000 0.073333 0.067391
2 0.549792 0.860145 0.066250 0.071014
2 0.806458 0.826812 0.069583 0.060870
