1 0.196458 0.188406 0.345417 0.098551
1 0.682292 0.188043 0.325417 0.093478
1 0.176458 0.449638 0.300417 0.093478
1 0.115417 0.723551 0.170833 0.118116
1 0.366250 0.738043 0.189167 0.141304
1 0.620417 0.725725 0.196667 0.123913
1 0.859792 0.725000 0.190417 0.122464
2 0.059583 0.043116 0.079167 0.076087
2 0.141667 0.043841 0.077500 0.074638
2 0.214375 0.043841 0.062083 0.084783
2 0.056042 0.267754 0.062083 0.061594
2 0.559583 0.272826 0.070833 0.058696
2 0.062917 0.534420 0.078333 0.058696
2 0.052500 0.828261 0.055000 0.063768
2 0.313333 0.855072 0.083333 0.063768
2 0.556458 0.826087 0.072917 0.057971
2 0.801875 0.828623 0.070417 0.063043
