2 0.051458 0.039855 0.065417 0.078261
2 0.118958 0.043841 0.066250 0.084783
2 0.192708 0.042754 0.075417 0.082609
2 0.264167 0.042029 0.060000 0.081159
2 0.060625 0.274638 0.077083 0.065217
2 0.054583 0.530797 0.060833 0.058696
2 0.561250 0.531522 0.074167 0.057246
2 0.058125 0.825725 0.062083 0.061594
2 0.296458 0.825725 0.042917 0.065942
2 0.555000 0.827536 0.075833 0.065217
2 0.804167 0.827536 0.076667 0.065217
1 0.189375 0.193116 0.339583 0.103623
1 0.188333 0.445290 0.319167 0.109420
1 0.683750 0.444928 0.320000 0.113043
1 0.128750 0.725725 0.209167 0.123913
1 0.376042 0.721377 0.206250 0.115217
1 0.615417 0.727174 0.193333 0.115217
1 0.863333 0.723188 0.187500 0.118841
