1 0.107292 0.207246 0.170417 0.126087
1 0.371042 0.200000 0.189583 0.136232
1 0.614375 0.205072 0.197083 0.111594
1 0.867500 0.206159 0.209167 0.126812
1 0.204583 0.475725 0.356667 0.097826
1 0.682500 0.477536 0.312500 0.100000
1 0.184167 0.742029 0.320000 0.098551
2 0.056042 0.305072 0.059583 0.063768
2 0.306042 0.307971 0.066250 0.072464
2 0.553125 0.308696 0.072083 0.073913
2 0.059167 0.039855 0.074167 0.073913
2 0.138750 0.042754 0.076667 0.076812
2 0.221042 0.040580 0.079583 0.079710
2 0.050208 0.561594 0.052917 0.073913
2 0.559167 0.559058 0.084167 0.068841
2 0.057708 0.828261 0.067083 0.071014
2 0.802917 0.305072 0.074167 0.071014
