2 0.048333 0.040217 0.062500 0.077536
2 0.112708 0.042029 0.062083 0.078261
2 0.175208 0.040217 0.058750 0.074638
2 0.062708 0.304348 0.075417 0.068116
2 0.303333 0.303623 0.056667 0.071014
2 0.558958 0.306884 0.078750 0.060145
2 0.799375 0.305797 0.057083 0.072464
2 0.060417 0.568478 0.070833 0.063043
2 0.056250 0.825000 0.055000 0.063043
2 0.554583 0.826812 0.060833 0.063768
1 0.111250 0.202174 0.175000 0.118841
1 0.374583 0.203261 0.197500 0.116667
1 0.619792 0.205072 0.200417 0.121739
1 0.868750 0.203623 0.198333 0.121739
1 0.170000 0.480072 0.287500 0.102174
1 0.181042 0.742029 0.312083 0.102899
1 0.691458 0.740217 0.322917 0.099275
