1 0.182500 0.185870 0.306667 0.093478
1 0.685833 0.180435 0.326667 0.105797
1 0.185417 0.446014 0.320833 0.090580
1 0.128958 0.741667 0.210417 0.155797
1 0.373542 0.725000 0.209583 0.128261
1 0.618958 0.734058 0.190417 0.150725
1 0.848958 0.738406 0.161250 0.160870
2 0.052917 0.042754 0.072500 0.082609
2 0.122917 0.042029 0.061667 0.081159
2 0.193125 0.042391 0.073750 0.083333
2 0.262708 0.042754 0.061250 0.075362
2 0.061042 0.269928 0.073750 0.048551
2 0.559583 0.268478 0.070833 0.060145
2 0.057917 0.533333 0.055833 0.068116
2 0.065000 0.857609 0.075833 0.058696
2 0.303125 0.830435 0.057917 0.071014
2 0.552917 0.857246 0.062500 0.079710
2 0.803333 0.859783 0.069167 0.060145
