2 0.059167 0.039130 0.078333 0.075362
2 0.136042 0.039130 0.066250 0.075362
2 0.208750 0.040217 0.075000 0.070290
2 0.279583 0.043478 0.070000 0.078261
2 0.354583 0.041304 0.082500 0.079710
2 0.059375 0.305072 0.067083 0.073913
2 0.304583 0.307971 0.065000 0.068116
2 0.558333 0.336232 0.075000 0.065217
2 0.796458 0.306159 0.062917 0.064493
2 0.050625 0.590942 0.048750 0.061594
2 0.554792 0.589855 0.063750 0.068116
2 0.065000 0.857971 0.065833 0.072464
1 0.118958 0.202536 0.182083 0.126812
1 0.374375 0.202174 0.187083 0.128986
1 0.614792 0.222464 0.182083 0.155072
1 0.869583 0.204710 0.203333 0.119565
1 0.184375 0.509420 0.312917 0.089855
1 0.677292 0.507971 0.318750 0.104348
1 0.182292 0.768116 0.312917 0.095652
