1 0.169583 0.185870 0.287500 0.107971
1 0.687500 0.188406 0.325000 0.102899
1 0.117292 0.467754 0.177083 0.119565
1 0.376667 0.465942 0.205000 0.130435
1 0.624167 0.462681 0.208333 0.121014
1 0.865208 0.460870 0.201250 0.134783s
1 0.173750 0.735145 0.295833 0.109420
2 0.051875 0.039855 0.064583 0.078261
2 0.127917 0.040942 0.078333 0.073188
2 0.057500 0.271014 0.073333 0.069565
2 0.553333 0.270290 0.063333 0.071014
2 0.060000 0.567029 0.075833 0.087681
2 0.311875 0.563768 0.082083 0.072464
2 0.560417 0.562319 0.083333 0.069565
2 0.803958 0.565217 0.086250 0.084058
2 0.053958 0.825725 0.063750 0.073188
