2 0.052708 0.046377 0.067917 0.089855
2 0.123125 0.042029 0.067917 0.081159
2 0.063125 0.271014 0.077917 0.065217
2 0.560833 0.268116 0.065833 0.071014
2 0.064583 0.571014 0.085000 0.072464
2 0.307292 0.567391 0.062917 0.072464
2 0.555417 0.564130 0.066667 0.076087
2 0.805833 0.563768 0.078333 0.072464
2 0.055208 0.825000 0.066250 0.074638
1 0.176667 0.187681 0.305833 0.094203
1 0.701250 0.181522 0.365000 0.102174
1 0.114375 0.468478 0.188750 0.132609
1 0.368958 0.466667 0.190417 0.121739
1 0.622500 0.460870 0.209167 0.115942
1 0.865000 0.464855 0.188333 0.125362
1 0.178958 0.743841 0.302083 0.099275
