1 0.122500 0.201812 0.201667 0.128261
1 0.370833 0.201812 0.204167 0.135507
1 0.616875 0.202536 0.194583 0.134058
1 0.870833 0.202899 0.204167 0.123188
1 0.186458 0.482246 0.314583 0.094928
1 0.188750 0.727899 0.330000 0.115217
1 0.679583 0.739855 0.315000 0.095652
2 0.055208 0.039130 0.077083 0.076812
2 0.136250 0.042391 0.076667 0.076087
2 0.209583 0.042391 0.060000 0.083333
2 0.273333 0.043116 0.061667 0.083333
2 0.337708 0.040580 0.057917 0.079710
2 0.054375 0.303623 0.051250 0.056522
2 0.304375 0.310507 0.069583 0.070290
2 0.557292 0.304348 0.071250 0.072464
2 0.798333 0.302536 0.079167 0.060145
2 0.061667 0.568841 0.083333 0.073913
2 0.056875 0.823188 0.063750 0.068116
2 0.555000 0.818841 0.064167 0.062319
