2 0.054792 0.047826 0.077917 0.094203
2 0.131667 0.044565 0.077500 0.083333
2 0.058125 0.278986 0.066250 0.063768
2 0.055833 0.534783 0.055833 0.056522
2 0.558542 0.528261 0.065417 0.063768
2 0.057083 0.825000 0.061667 0.067391
2 0.307083 0.827536 0.078333 0.065217
2 0.558542 0.827536 0.081250 0.065217
2 0.802708 0.826812 0.066250 0.066667
1 0.200625 0.188768 0.343750 0.102174
1 0.185417 0.447464 0.313333 0.100725
1 0.688333 0.443116 0.337500 0.096377
1 0.126667 0.727899 0.203333 0.131159
1 0.375208 0.728623 0.202083 0.132609
1 0.618958 0.725725 0.200417 0.126812
1 0.863333 0.723551 0.193333 0.115217
