1 0.176875 0.187681 0.296250 0.100000
1 0.129792 0.481884 0.207083 0.144928
1 0.374167 0.462319 0.202500 0.120290
1 0.622500 0.463768 0.205000 0.118841
1 0.861458 0.464130 0.182917 0.116667
1 0.185000 0.770290 0.311667 0.105797
1 0.682500 0.771739 0.319167 0.078261
2 0.056875 0.039855 0.076250 0.078261
2 0.133542 0.041667 0.071250 0.081884s
2 0.060833 0.274638 0.070000 0.065217
2 0.060417 0.596014 0.069167 0.054348
2 0.301667 0.566304 0.060000 0.068841
2 0.550208 0.569928 0.054583 0.068841
2 0.803125 0.564130 0.072083 0.065942
2 0.061667 0.851449 0.075000 0.073913
2 0.551042 0.852536 0.066250 0.068841
