2 0.055417 0.042754 0.071667 0.076812
2 0.128542 0.041667 0.067083 0.081884
1 0.192500 0.190217 0.320833 0.094928
2 0.198750 0.041304 0.066667 0.079710
2 0.274167 0.043116 0.083333 0.083333
2 0.062500 0.274638 0.065000 0.062319
2 0.054167 0.568478 0.055833 0.067391
2 0.305833 0.569565 0.064167 0.065217
2 0.557500 0.565942 0.075000 0.069565
2 0.802292 0.565942 0.067083 0.065217
2 0.066250 0.821739 0.086667 0.071014
2 0.562500 0.823188 0.070833 0.066667
1 0.122292 0.457246 0.182917 0.127536
1 0.370417 0.467029 0.183333 0.128261
1 0.613958 0.456522 0.183750 0.136232
1 0.862917 0.465942 0.188333 0.130435
1 0.187292 0.739855 0.331250 0.098551
1 0.680833 0.735870 0.311667 0.107971
