2 0.049792 0.041667 0.062083 0.074638
2 0.122500 0.041667 0.071667 0.077536
2 0.201667 0.042391 0.077500 0.083333
2 0.285000 0.040942 0.087500 0.078986
2 0.061042 0.270290 0.073750 0.063768
2 0.554375 0.271377 0.052917 0.067391
2 0.061042 0.565217 0.073750 0.063768
2 0.313958 0.569203 0.076250 0.058696
2 0.555000 0.563406 0.074167 0.067391
2 0.805000 0.567029 0.078333 0.070290
2 0.065417 0.830797 0.078333 0.070290
1 0.199375 0.180435 0.352917 0.114493
1 0.672500 0.185145 0.290833 0.094928
1 0.129583 0.465217 0.215833 0.114493
1 0.375417 0.462681 0.195000 0.126812
1 0.621042 0.465942 0.196250 0.113043
1 0.864375 0.463406 0.187083 0.136957
1 0.187500 0.734783 0.317500 0.091304
