1 0.191250 0.191304 0.334167 0.092754
1 0.182917 0.450362 0.304167 0.106522
1 0.671458 0.451812 0.292917 0.102174
1 0.127083 0.722464 0.194167 0.127536
1 0.373542 0.725000 0.202917 0.135507
1 0.608958 0.719565 0.183750 0.126087
1 0.859792 0.718116 0.193750 0.126087
2 0.045625 0.046377 0.057917 0.084058
2 0.111667 0.045290 0.068333 0.081884
2 0.184375 0.040942 0.067083 0.076087
2 0.061667 0.278623 0.070833 0.063043
2 0.064792 0.531522 0.077083 0.074638
2 0.562708 0.534058 0.077083 0.075362
2 0.052500 0.831884 0.055000 0.071014
2 0.302500 0.826812 0.055000 0.071014
2 0.559583 0.823188 0.079167 0.066667
2 0.799792 0.825000 0.072917 0.068841
