1 0.126667 0.219565 0.199167 0.146377
1 0.363333 0.205072 0.183333 0.128986
1 0.612708 0.204710 0.186250 0.116667
1 0.867083 0.202536 0.212500 0.126812
1 0.180417 0.512681 0.298333 0.093478
1 0.187083 0.772464 0.324167 0.104348
1 0.685417 0.762319 0.329167 0.107246
2 0.057292 0.043841 0.072917 0.077536
2 0.133542 0.043116 0.071250 0.076087
2 0.062917 0.334420 0.068333 0.076087
2 0.295625 0.303623 0.053750 0.073913
2 0.546667 0.307971 0.054167 0.076812
2 0.806875 0.307609 0.082083 0.068841
2 0.058958 0.597826 0.076250 0.065217
2 0.062500 0.853986 0.075000 0.065942
2 0.555000 0.852899 0.064167 0.071014
