2 0.058958 0.044928 0.080417 0.079710
2 0.125000 0.044565 0.060000 0.080435
2 0.194167 0.039130 0.075833 0.072464
2 0.061458 0.277899 0.077083 0.073188
2 0.056250 0.531159 0.060833 0.063768
2 0.557708 0.529710 0.067083 0.066667
2 0.066875 0.825725 0.081250 0.068841
2 0.300833 0.829710 0.062500 0.079710
2 0.556458 0.825725 0.075417 0.068841
2 0.803958 0.831522 0.072083 0.076087
1 0.186667 0.188043 0.320833 0.100725
1 0.185625 0.440942 0.318750 0.107971
1 0.687500 0.445652 0.333333 0.111594
1 0.115417 0.716667 0.182500 0.121739
1 0.364167 0.725000 0.185000 0.118116
1 0.612917 0.719565 0.194167 0.126087
1 0.859375 0.725000 0.195417 0.147101
