2 0.053333 0.040580 0.065000 0.079710
2 0.118542 0.040580 0.058750 0.079710
2 0.185417 0.044203 0.066667 0.079710
2 0.250417 0.040942 0.056667 0.071739
2 0.056875 0.269565 0.073750 0.056522
2 0.560000 0.268478 0.074167 0.067391
2 0.054792 0.565217 0.063750 0.066667
2 0.298750 0.565942 0.058333 0.069565
2 0.558333 0.565942 0.079167 0.065217
2 0.794792 0.563768 0.060417 0.081159
2 0.058125 0.825362 0.063750 0.063768
1 0.191250 0.185870 0.330000 0.115217
1 0.672292 0.180435 0.294583 0.114493
1 0.121875 0.463768 0.202083 0.121739
1 0.368333 0.462681 0.205000 0.135507
1 0.617917 0.460870 0.206667 0.110145
1 0.857292 0.460507 0.180417 0.134058
1 0.185000 0.740580 0.307500 0.097101
