1 0.118333 0.202899 0.185000 0.137681
1 0.359792 0.202174 0.162083 0.139130
1 0.619792 0.200725 0.196250 0.130435
1 0.853125 0.205797 0.168750 0.128986
1 0.128542 0.505797 0.202917 0.153623
1 0.356250 0.492391 0.173333 0.131159
1 0.614583 0.496014 0.180833 0.131159
1 0.860000 0.486957 0.194167 0.128986
1 0.177500 0.802899 0.305000 0.089855
2 0.047708 0.042029 0.059583 0.078261
2 0.120208 0.042029 0.072083 0.078261
2 0.190625 0.040942 0.064583 0.076087
2 0.055833 0.306159 0.068333 0.065942
2 0.301667 0.309058 0.055833 0.063043
2 0.551042 0.306884 0.066250 0.060145
2 0.804375 0.305435 0.069583 0.070290
2 0.062083 0.628986 0.072500 0.073913
2 0.307083 0.598913 0.070000 0.067391
2 0.547917 0.597101 0.064167 0.071014
2 0.801250 0.596014 0.075000 0.076087
2 0.064375 0.887681 0.077083 0.068116
