1 0.115833 0.204348 0.173333 0.134783
1 0.372500 0.211957 0.209167 0.158696
1 0.618958 0.205435 0.196250 0.121014
1 0.876250 0.207246 0.208333 0.118841
1 0.190417 0.511232 0.329167 0.093478
1 0.177083 0.771014 0.301667 0.092754
2 0.047708 0.041304 0.059583 0.079710
2 0.120000 0.042391 0.076667 0.076087
2 0.200625 0.044928 0.072917 0.079710
2 0.280000 0.041304 0.077500 0.072464
2 0.057500 0.307609 0.060833 0.068841
2 0.305000 0.335145 0.070000 0.074638
2 0.555000 0.306522 0.075833 0.072464
2 0.802083 0.303261 0.074167 0.070290
2 0.062500 0.596014 0.079167 0.073188
2 0.058333 0.857609 0.059167 0.065942
