2 0.056875 0.040942 0.076250 0.078986
2 0.134792 0.042029 0.079583 0.078261
2 0.058333 0.304710 0.060833 0.068841
2 0.306458 0.304348 0.071250 0.062319
2 0.552708 0.303986 0.062083 0.068841
2 0.792083 0.303986 0.045000 0.068841
2 0.061875 0.566667 0.067917 0.066667
2 0.056458 0.824638 0.062917 0.071014
2 0.558125 0.821377 0.062083 0.067391
1 0.112917 0.204710 0.173333 0.119565
1 0.371667 0.200000 0.199167 0.143478
1 0.621458 0.199638 0.205417 0.123913
1 0.866875 0.198188 0.189583 0.122464
1 0.183750 0.479710 0.315000 0.097101
1 0.176250 0.736594 0.300833 0.109420
1 0.682500 0.733333 0.325000 0.095652
