1 0.119167 0.196739 0.194167 0.129710
1 0.372083 0.203623 0.198333 0.143478
1 0.613958 0.195290 0.200417 0.132609
1 0.868542 0.202174 0.201250 0.111594
1 0.185833 0.473551 0.320000 0.084783
1 0.183333 0.738406 0.315000 0.098551
1 0.683542 0.736594 0.311250 0.112319
2 0.055833 0.043841 0.068333 0.081884
2 0.135625 0.043841 0.077083 0.081884
2 0.061250 0.306522 0.078333 0.072464
2 0.306458 0.310870 0.062917 0.071014
2 0.558542 0.306522 0.077083 0.072464
2 0.796042 0.306159 0.057917 0.065942
2 0.060000 0.563406 0.068333 0.064493
2 0.056458 0.820290 0.060417 0.062319
2 0.558542 0.821014 0.062917 0.063768
