1 0.174375 0.175362 0.304583 0.124638
1 0.681250 0.182609 0.305000 0.101449
1 0.191250 0.447826 0.334167 0.089855
1 0.117292 0.719928 0.182917 0.129710
1 0.362500 0.721739 0.189167 0.128986
1 0.605208 0.719928 0.171250 0.122464
1 0.867500 0.725000 0.197500 0.128261
2 0.051875 0.040942 0.072083 0.078986
2 0.123125 0.040217 0.067917 0.074638
2 0.062083 0.269203 0.070000 0.065942
2 0.549792 0.272464 0.066250 0.072464
2 0.052917 0.541304 0.057500 0.076812
2 0.052083 0.826812 0.055833 0.071014
2 0.306875 0.825725 0.067917 0.060145
2 0.552083 0.828261 0.064167 0.078261
2 0.797292 0.827174 0.055417 0.076087
