2 0.058333 0.040942 0.075000 0.076087
2 0.128958 0.040217 0.063750 0.077536
2 0.200625 0.044565 0.072917 0.080435
2 0.281667 0.044203 0.082500 0.086957
2 0.058542 0.275000 0.058750 0.060145
2 0.061667 0.533333 0.069167 0.066667
2 0.551875 0.529710 0.057917 0.073913
2 0.063125 0.826449 0.080417 0.067391
2 0.303750 0.826087 0.055833 0.072464
2 0.556875 0.858333 0.070417 0.077536
2 0.801250 0.825000 0.070833 0.070290
1 0.181458 0.437681 0.321250 0.105797
1 0.178958 0.188768 0.313750 0.099275
1 0.686042 0.439493 0.323750 0.106522
1 0.109375 0.726087 0.158750 0.120290
1 0.365000 0.723551 0.198333 0.122464
1 0.621875 0.731159 0.197917 0.144928
1 0.865833 0.724275 0.198333 0.144203
