2 0.051250 0.041667 0.065000 0.077536
2 0.125625 0.043841 0.077083 0.077536
2 0.201875 0.043478 0.071250 0.078261
2 0.064375 0.275725 0.077083 0.060145
2 0.063125 0.532246 0.067917 0.061594
2 0.553125 0.529710 0.057083 0.060870
2 0.059375 0.825362 0.067083 0.056522
2 0.303958 0.827536 0.060417 0.062319
2 0.556875 0.824275 0.072083 0.061594
2 0.803750 0.826812 0.074167 0.063768
1 0.188958 0.187681 0.309583 0.094203
1 0.184375 0.448188 0.321250 0.102174
1 0.684792 0.441667 0.317083 0.102174
1 0.126042 0.726087 0.200417 0.130435
1 0.368542 0.718841 0.187083 0.127536
1 0.613333 0.720652 0.175000 0.126812
1 0.864792 0.725000 0.204583 0.128261
