1 0.113664 0.028657 0.199919 0.045908
1 0.295042 0.090676 0.559452 0.062732
1 0.109633 0.296265 0.158001 0.057029
1 0.300484 0.297405 0.151955 0.057029
1 0.460097 0.298546 0.130189 0.052466
1 0.612052 0.299544 0.148730 0.052752
1 0.881701 0.543199 0.148730 0.057029
1 0.922813 0.785429 0.079403 0.107499
1 0.554615 0.922013 0.285369 0.067009
1 0.353890 0.627602 0.184603 0.028514
1 0.613462 0.623182 0.142684 0.035073
2 0.087263 0.147705 0.150343 0.042772
2 0.270859 0.149986 0.186215 0.042772
2 0.952439 0.098090 0.095123 0.039920
2 0.039299 0.800257 0.054414 0.121756
