1 0.563302 0.383918 0.113202 0.035873
1 0.669518 0.449416 0.069005 0.028214
1 0.802110 0.445990 0.071286 0.025393
1 0.575706 0.073761 0.107784 0.049174
1 0.801682 0.177348 0.065868 0.034663
1 0.561306 0.019952 0.066439 0.033454
1 0.665526 0.018742 0.087824 0.035873
1 0.796550 0.021161 0.133162 0.022168
1 0.092102 0.103789 0.095808 0.035873
1 0.111776 0.316203 0.053037 0.032648
1 0.762903 0.622934 0.116624 0.039097
2 0.118192 0.511487 0.072141 0.033857
2 0.219561 0.512092 0.099230 0.030230
2 0.311092 0.511487 0.066724 0.040306
2 0.403051 0.596131 0.045908 0.034663
2 0.807670 0.341395 0.098375 0.040306
2 0.412176 0.306731 0.035643 0.031439
2 0.396208 0.201733 0.057884 0.030230
