1 0.249215 0.274688 0.144283 0.113261
1 0.596664 0.746070 0.078415 0.039500
1 0.756202 0.749899 0.074708 0.044740
1 0.897206 0.739218 0.068149 0.043531
1 0.787140 0.517130 0.194753 0.062878
1 0.867836 0.247279 0.255204 0.067312
1 0.734388 0.136437 0.241517 0.110036
1 0.370402 0.062072 0.205874 0.037082
1 0.215997 0.927449 0.123467 0.121725
1 0.405332 0.889359 0.117194 0.023781
1 0.547191 0.893793 0.057029 0.084240
1 0.724979 0.887747 0.056173 0.082628
1 0.914172 0.868198 0.132307 0.034663
1 0.923724 0.915155 0.145138 0.039097
1 0.261192 0.560258 0.087254 0.043531
1 0.426290 0.569125 0.083262 0.028214
1 0.421585 0.756147 0.072141 0.034663
1 0.261192 0.756751 0.071286 0.022168
2 0.246079 0.361548 0.099800 0.042725
2 0.780867 0.436518 0.084688 0.049174
2 0.452809 0.277509 0.050756 0.085046
2 0.051183 0.268037 0.052181 0.086256
