1 0.412938 0.208583 0.293027 0.102937
1 0.498791 0.385657 0.397017 0.040776
1 0.181782 0.561734 0.144297 0.041631
1 0.552398 0.474622 0.683998 0.027659
1 0.356308 0.982321 0.285369 0.029655
2 0.347037 0.305674 0.238613 0.042772
2 0.628376 0.306815 0.243450 0.042772
2 0.416566 0.562304 0.114873 0.029655
2 0.533051 0.565441 0.114873 0.029655
2 0.804111 0.730111 0.182991 0.033932
2 0.795647 0.957086 0.228134 0.027659
1 0.811165 0.677360 0.172108 0.077844
1 0.170093 0.053892 0.102378 0.046193
1 0.695687 0.053322 0.415155 0.040490
