1 0.125151 0.224979 0.173720 0.124893
1 0.057033 0.632449 0.061669 0.183062
1 0.420597 0.623752 0.026199 0.134873
1 0.658605 0.624750 0.062072 0.123752
1 0.898831 0.618192 0.055623 0.123752
1 0.305522 0.929997 0.041112 0.140006
1 0.190246 0.929569 0.080613 0.086684
1 0.865377 0.353864 0.141072 0.169946
2 0.894196 0.468492 0.173720 0.030796
2 0.126763 0.319361 0.198710 0.057029
2 0.693470 0.244654 0.051189 0.098660
1 0.868400 0.197605 0.172108 0.048474
2 0.349254 0.760194 0.051189 0.096379
1 0.295042 0.770031 0.054010 0.078985
1 0.062475 0.949957 0.057235 0.092102
2 0.823458 0.629170 0.041919 0.126319
2 0.570133 0.620901 0.059250 0.125178
1 0.791213 0.045766 0.221685 0.038494
