1 0.619710 0.146564 0.148730 0.112917
1 0.899436 0.146564 0.110036 0.132877
2 0.632809 0.135016 0.299073 0.208440
2 0.895204 0.123467 0.209593 0.226975
2 0.617493 0.374109 0.178154 0.254348
2 0.830512 0.374679 0.269649 0.260051
1 0.030028 0.261192 0.051189 0.381523
1 0.119911 0.760764 0.135026 0.277730
1 0.404272 0.732820 0.120919 0.225834
1 0.944579 0.782150 0.094720 0.285144
1 0.889561 0.901768 0.037082 0.063587
1 0.780935 0.911463 0.114873 0.065868
2 0.489520 0.940120 0.446191 0.067864
2 0.405885 0.719561 0.307134 0.351012
2 0.705764 0.715854 0.283757 0.334474
2 0.131197 0.753921 0.250302 0.492159
