1 0.188623 0.008263 0.347591 0.012495
2 0.142715 0.128980 0.130881 0.054817
2 0.227117 0.131399 0.060165 0.059653
2 0.273738 0.129585 0.050756 0.073761
2 0.317365 0.135429 0.055318 0.071745
2 0.370830 0.138654 0.068720 0.062878
1 0.082264 0.183595 0.117194 0.035873
1 0.404904 0.285369 0.132307 0.123337
1 0.360992 0.408505 0.071286 0.091495
1 0.407328 0.495768 0.145138 0.062878
2 0.159823 0.618904 0.204448 0.058444
2 0.162104 0.677751 0.201027 0.055220
2 0.440120 0.651955 0.090391 0.070536
2 0.757770 0.113462 0.137725 0.023781
2 0.796977 0.275897 0.073567 0.030230
2 0.838608 0.340185 0.087254 0.058041
2 0.817223 0.762999 0.098090 0.034663
2 0.568149 0.747682 0.100656 0.051592
2 0.723268 0.908303 0.121186 0.128577
1 0.602224 0.272874 0.159110 0.051592
