2 0.301967 0.076985 0.346165 0.040306
1 0.107072 0.148730 0.121186 0.074164
1 0.138010 0.343611 0.156259 0.234986
1 0.138295 0.547965 0.164813 0.052801
1 0.586256 0.265014 0.116339 0.197098
2 0.587824 0.384925 0.113202 0.037888
2 0.720559 0.358122 0.087254 0.053607
2 0.823924 0.065296 0.276305 0.063684
1 0.823924 0.897219 0.074993 0.019347
2 0.825492 0.846231 0.059310 0.035873
2 0.928571 0.850665 0.064157 0.027005
2 0.710294 0.845627 0.065013 0.034663
2 0.592244 0.849053 0.067864 0.027811
1 0.586256 0.785167 0.065583 0.097541
1 0.709866 0.784160 0.059595 0.081822
1 0.829056 0.785772 0.053892 0.087465
1 0.930425 0.786376 0.057029 0.092705
1 0.439835 0.827690 0.119475 0.122128
1 0.432563 0.663241 0.111776 0.130996
1 0.202167 0.661628 0.114628 0.127771
1 0.598660 0.534865 0.033362 0.020153
1 0.715854 0.538291 0.041346 0.015719
1 0.827488 0.538291 0.038209 0.022168
1 0.934845 0.542322 0.033932 0.021362
1 0.403336 0.033454 0.056173 0.037888
1 0.709866 0.896211 0.078415 0.030230
1 0.898489 0.966143 0.053037 0.040306
1 0.556173 0.941959 0.051611 0.020959
1 0.179498 0.962717 0.094953 0.053607
2 0.129741 0.912334 0.120331 0.029424
