1 0.349159 0.107819 0.133162 0.041516
1 0.331622 0.228134 0.038209 0.120919
1 0.270317 0.324466 0.175078 0.033857
1 0.344739 0.035671 0.266895 0.044740
1 0.356287 0.569730 0.161677 0.035873
1 0.610493 0.540105 0.118620 0.045949
1 0.817650 0.033857 0.306530 0.045949
1 0.750214 0.888956 0.097519 0.176945
1 0.585543 0.827287 0.098945 0.033454
1 0.895210 0.824466 0.073852 0.041516
1 0.248075 0.763402 0.118050 0.022572
1 0.077702 0.902056 0.086399 0.020153
1 0.208868 0.906086 0.092102 0.023378
1 0.376390 0.904071 0.105503 0.014510
1 0.402908 0.969367 0.152267 0.033857
1 0.285714 0.643087 0.041061 0.018944
1 0.289706 0.675534 0.041061 0.020959
1 0.294554 0.709593 0.042772 0.015719
2 0.695181 0.463321 0.090106 0.096332
2 0.925292 0.464933 0.099230 0.090689
2 0.839036 0.461709 0.084688 0.104393
2 0.769746 0.467956 0.068149 0.091898
2 0.736812 0.350867 0.097519 0.059250
2 0.833048 0.160621 0.063587 0.030230
1 0.098375 0.956469 0.097519 0.063684
1 0.656401 0.687223 0.077559 0.037888
1 0.762190 0.684401 0.054748 0.032245
1 0.857571 0.687827 0.047619 0.050383
1 0.956658 0.619508 0.049045 0.066102
2 0.906188 0.539500 0.089535 0.038291
2 0.806530 0.534865 0.031081 0.031439
2 0.841745 0.532850 0.036498 0.049174
2 0.765754 0.736598 0.025378 0.018138
2 0.866695 0.742040 0.029370 0.022572
2 0.657970 0.735389 0.029940 0.018138
2 0.844882 0.217654 0.071286 0.023378
2 0.077131 0.035671 0.106929 0.062475
