2 0.445990 0.016538 0.089883 0.020530
2 0.344821 0.016823 0.099557 0.022812
2 0.239017 0.017536 0.095123 0.023667
2 0.584845 0.209438 0.138654 0.021386
2 0.773075 0.238523 0.086256 0.022526
2 0.837364 0.237953 0.069730 0.022526
2 0.898630 0.238238 0.043934 0.023097
2 0.843410 0.339607 0.104393 0.016538
2 0.658605 0.338466 0.097541 0.013687
2 0.475212 0.338323 0.080613 0.015113
2 0.298065 0.335757 0.085046 0.017394
1 0.121322 0.305674 0.189440 0.152837
2 0.576582 0.359139 0.182588 0.025378
2 0.237807 0.587539 0.242644 0.024808
2 0.934502 0.551896 0.110036 0.035073
2 0.916163 0.517394 0.153970 0.031081
2 0.793229 0.712147 0.128174 0.031651
2 0.856711 0.397348 0.077791 0.022526
1 0.413543 0.463644 0.154776 0.051896
1 0.611044 0.466923 0.168480 0.055603
1 0.841798 0.466353 0.157598 0.055603
1 0.209190 0.463359 0.186215 0.051326
1 0.653164 0.310522 0.148730 0.037069
1 0.841193 0.307385 0.156389 0.038209
1 0.471383 0.308526 0.149536 0.038209
1 0.303910 0.307956 0.146715 0.033077
1 0.904676 0.071999 0.043128 0.023667
1 0.111245 0.072284 0.183797 0.035073
1 0.520758 0.750927 0.224103 0.020816
1 0.491536 0.811520 0.172914 0.014827
1 0.501814 0.875962 0.058847 0.007984
1 0.219266 0.876675 0.052398 0.007699
1 0.261387 0.944539 0.168884 0.058455
1 0.503829 0.923154 0.181378 0.023097
1 0.687021 0.925150 0.065699 0.015683
1 0.685208 0.958654 0.066102 0.013687
1 0.900040 0.923581 0.059653 0.014827
1 0.785167 0.874964 0.067715 0.013402
1 0.540306 0.677502 0.045546 0.081551
1 0.377469 0.678500 0.084240 0.093812
1 0.780331 0.611064 0.132205 0.031936
1 0.745062 0.650271 0.059250 0.010550
1 0.741233 0.677217 0.067715 0.015968
