1 0.260764 0.117896 0.322498 0.117291
1 0.276590 0.241636 0.171657 0.042322
1 0.700029 0.289198 0.065013 0.173720
1 0.750642 0.296453 0.020816 0.118904
1 0.699173 0.795848 0.030225 0.183394
1 0.765754 0.852277 0.023667 0.079403
1 0.824779 0.845828 0.021386 0.090689
1 0.953522 0.781338 0.071286 0.179363
1 0.120901 0.303910 0.063302 0.063684
1 0.133590 0.531036 0.094953 0.056832
1 0.111064 0.612253 0.153122 0.022572
1 0.448389 0.453849 0.092672 0.034663
1 0.417593 0.537888 0.048189 0.032648
1 0.235101 0.361346 0.053892 0.053607
1 0.279013 0.839379 0.170231 0.035873
1 0.444254 0.840790 0.099800 0.049174
1 0.441688 0.644095 0.114058 0.034663
2 0.439692 0.757759 0.105503 0.058041
2 0.189478 0.694478 0.088109 0.054817
2 0.397063 0.364772 0.122897 0.074164
1 0.082121 0.684401 0.075848 0.043531
