2 0.086113 0.199113 0.041061 0.255542
2 0.168092 0.207981 0.049900 0.284563
2 0.834616 0.710802 0.120331 0.044740
2 0.617622 0.901653 0.128315 0.052398
1 0.343884 0.310963 0.054748 0.496977
1 0.126461 0.180169 0.019105 0.058041
1 0.292558 0.143692 0.018249 0.099557
1 0.464785 0.095526 0.028514 0.128980
1 0.623895 0.110641 0.144283 0.069730
1 0.589535 0.035671 0.100656 0.027005
1 0.913744 0.035671 0.094953 0.018138
1 0.674223 0.202539 0.257485 0.038291
1 0.590676 0.253930 0.072712 0.022572
1 0.604078 0.295244 0.060165 0.024587
1 0.655974 0.768440 0.202167 0.039097
1 0.865840 0.570738 0.194183 0.037888
1 0.794269 0.922410 0.055603 0.035873
1 0.450100 0.662031 0.023097 0.064087
1 0.459510 0.741032 0.021386 0.062475
1 0.465925 0.817614 0.016538 0.052801
1 0.465070 0.897823 0.022812 0.064893
1 0.272313 0.734986 0.083832 0.099557
1 0.032649 0.901048 0.013402 0.139057
