1 0.066581 0.064289 0.064157 0.030230
1 0.236670 0.172310 0.126604 0.064893
1 0.770887 0.130794 0.284289 0.073761
1 0.769319 0.201532 0.076989 0.020153
1 0.905902 0.048972 0.142572 0.035873
2 0.770031 0.293229 0.141717 0.053607
2 0.048902 0.603184 0.036213 0.064893
2 0.450813 0.621121 0.037069 0.049174
1 0.092957 0.320032 0.132307 0.031439
1 0.138010 0.768843 0.087824 0.024587
1 0.214428 0.817815 0.057029 0.043531
1 0.307956 0.820435 0.071286 0.058444
1 0.367693 0.900645 0.114913 0.032648
1 0.138865 0.943773 0.024522 0.024587
1 0.225549 0.943773 0.058740 0.033454
1 0.295979 0.943571 0.041061 0.037888
1 0.385087 0.948005 0.062447 0.031439
1 0.640148 0.733777 0.081551 0.016526
1 0.865555 0.711810 0.080696 0.022572
1 0.629170 0.491334 0.070431 0.011286
