1 0.214001 0.187827 0.108640 0.037888
1 0.394212 0.052398 0.136014 0.037888
1 0.721842 0.158404 0.113202 0.066102
2 0.669090 0.246876 0.058455 0.030230
2 0.734103 0.242644 0.052181 0.049174
2 0.791845 0.241636 0.049045 0.049577
2 0.254348 0.612455 0.087824 0.042322
2 0.596521 0.767432 0.081551 0.045949
2 0.739236 0.770657 0.072141 0.043531
2 0.884944 0.764006 0.078415 0.041516
2 0.188338 0.251310 0.047619 0.030230
2 0.272598 0.245667 0.048474 0.032648
1 0.056031 0.060258 0.061876 0.047158
1 0.100371 0.449214 0.077559 0.021362
1 0.094098 0.485893 0.069575 0.024587
1 0.265612 0.452640 0.078415 0.025796
1 0.262760 0.486296 0.078985 0.025393
1 0.391075 0.455462 0.069860 0.013704
1 0.391360 0.485087 0.064157 0.021362
1 0.258055 0.549577 0.156829 0.029424
1 0.595808 0.438734 0.054463 0.051189
1 0.741945 0.435913 0.071286 0.043934
1 0.885657 0.435913 0.061021 0.039097
1 0.849729 0.845224 0.115768 0.020153
1 0.579555 0.845627 0.066439 0.023378
2 0.596236 0.530028 0.061591 0.086256
2 0.741517 0.528819 0.070431 0.099960
2 0.884517 0.512696 0.066724 0.083031
